001 3.12
002 2.57
003 2.90
004 3.83
005 4.27
006 3.03
007 2.00
008 2.00
009 1.34
010 .92
011 3.06
012 6.93
013 7.89
014 6.67
015 5.97
016 5.33
017 3.22
018 .73
019 .70
020 .88
021 .26
022 .08
023 .26
024 .97
025 1.64
026 2.69
027 2.21
028 2.21
029 2.21
030 1.59
031 1.27
032 2.00
033 2.79
034 2.78
035 2.80
036 3.33
037 3.38
038 3.80
039 3.32
040 2.12
041 2.41
042 3.63
043 4.23
044 4.25
045 3.66
046 1.72
047 1.29
048 1.94
049 2.21
050 3.01
051 2.96
052 1.99
053 1.62
054 2.30
055 3.30
056 4.84
057 6.30
058 7.00
059 5.78
060 4.12
061 2.83
062 2.68
063 4.89
064 7.11
065 7.25
066 6.75
067 5.69
068 5.03
069 5.92
070 7.91
071 9.68
072 9.39
073 9.00
074 8.70
075 8.82
076 8.02
077 7.00
078 6.81
079 7.56
080 8.15
081 9.40
082 8.85
083 7.16
084 6.06
085 6.59
086 6.80
087 8.55
088 9.62
089 9.23
090 8.22
091 7.75
092 7.54
093 7.35
094 7.51
095 7.27
096 7.91
097 9.44
098 10.96
099 11.67
100 10.48
101 8.77
102 8.51
103 9.26
104 10.53
105 11.83
106 12.32
107 10.95
108 9.68
109 9.06
110 7.97
111 9.93
112 9.46
113 8.70
114 8.49
115 9.20
116 9.24
117 10.33
118 9.25
119 8.39
120 9.90
121 11.31
122 11.48
123 13.02
124 15.21
125 16.98
126 16.23
127 15.12
128 14.30
001 3.12
002 2.57
003 2.90
004 3.83
005 4.27
006 3.03
007 2.00
008 2.00
009 1.34
010 .92
011 3.06
012 6.93
013 7.89
014 6.67
015 5.97
016 5.33
017 3.22
018 .73
019 .70
020 .88
021 .26
022 .08
023 .26
024 .97
025 1.64
026 2.69
027 2.21
028 2.21
029 2.21
030 1.59
031 1.27
032 2.00
033 2.79
034 2.78
035 2.80
036 3.33
037 3.38
038 3.80
039 3.32
040 2.12
041 2.41
042 3.63
043 4.23
044 4.25
045 3.66
046 1.72
047 1.29
048 1.94
049 2.21
050 3.01
051 2.96
052 1.99
053 1.62
054 2.30
055 3.30
056 4.84
057 6.30
058 7.00
059 5.78
060 4.12
061 2.83
062 2.68
063 4.89
064 7.11
065 7.25
066 6.75
067 5.69
068 5.03
069 5.92
070 7.91
071 9.68
072 9.39
073 9.00
074 8.70
075 8.82
076 8.02
077 7.00
078 6.81
079 7.56
080 8.15
081 9.40
082 8.85
083 7.16
084 6.06
085 6.59
086 6.80
087 8.55
088 9.62
089 9.23
090 8.22
091 7.75
092 7.54
093 7.35
094 7.51
095 7.27
096 7.91
097 9.44
098 10.96
099 11.67
100 10.48
101 8.77
102 8.51
103 9.26
104 10.53
105 11.83
106 12.32
107 10.95
108 9.68
109 9.06
110 7.97
111 9.93
112 9.46
113 8.70
114 8.49
115 9.20
116 9.24
117 10.33
118 9.25
119 8.39
120 9.90
121 11.31
122 11.48
123 13.02
124 15.21
125 16.98
126 16.23
127 15.12
128 14.30
129 13.82
130 12.65
131 11.33
132 12.04
133 12.67
134 12.84
135 13.64
136 15.46
137 17.78
138 17.77
139 16.79
140 16.02
141 16.21
142 16.36
143 17.32
144 18.27
145 16.95
146 16.94
147 17.95
148 20.19
149 21.63
150 21.97
151 22.11
152 22.00
153 20.25
154 18.90
155 19.19
156 20.50
157 21.67
158 22.27
159 21.40
160 20.42
161 20.20
162 20.89
163 21.38
164 20.42
165 20.87
166 20.49
167 20.13
168 19.79
169 20.10
170 21.22
171 22.75
172 23.90
173 24.86
174 25.25
175 25.04
176 25.29
177 25.21
178 25.15
179 24.64
180 23.88
181 23.22
182 21.77
183 21.68
184 21.89
185 22.62
186 22.03
187 22.26
188 22.60
189 22.45
190 22.89
191 23.81
192 24.83
193 25.42
194 25.86
195 26.13
196 25.86
197 24.65
198 23.35
199 22.48
200 22.13
201 23.26
202 24.58
203 25.74
204 26.14
205 26.29
206 26.23
207 25.73
208 25.94
209 26.44
210 26.93
211 27.12
212 26.92
213 26.88
214 26.13
215 26.03
216 26.43
217 26.79
218 26.03
219 26.23
220 25.54
221 24.58
222 24.76
223 25.31
224 25.56
225 26.13
226 26.66
227 26.27
228 25.30
229 23.70
230 22.66
231 22.52
232 22.56
233 21.78
234 22.05
235 22.74
236 22.68
237 23.52
238 24.11
239 24.13
240 22.85
241 21.92
242 21.84
243 21.53
244 21.08
245 20.61
246 20.58
247 20.45
248 20.83
249 21.28
250 21.02
251 20.89
252 20.96
253 21.40
254 21.54
255 21.92
256 20.65
257 19.68
258 19.86
259 19.41
260 18.18
261 17.89
262 18.32
263 17.46
264 16.21
265 15.22
266 14.51
267 14.03
268 14.41
269 15.08
270 15.38
271 16.09
272 17.08
273 18.11
274 19.36
275 19.85
276 19.36
277 18.20
278 17.18
279 16.94
280
281
282
283
284
285
286
287
288
289
290
291
292
293
294
295
296
297
298
299
300
301
302
303
304
305
306
307
308
309
310
311
312
313
314
315
316
001 2384.16
002 1945.72
003 1636.45
004 1471.25
005 1542.81
006 1501.97
007 1374.27
008 1322.29
009 1258.95
010 1157.08
011 1119.16
012 1203.82
013 1236.66
014 1136.83
015 1061.83
016 1007.41
017 984.98
018 902.07
019 893.33
020 889.80
021 824.11
022 767.97
023 750.12
024 741.41
025 762.15
026 1588.75
027 1759.89
028 1400.31
029 1222.60
030 1083.12
031 991.16
032 917.71
033 909.59
034 885.15
035 836.52
036 817.36
037 941.12
038 1142.81
039 1333.02
040 1172.91
041 1084.58
042 1251.35
043 1309.58
044 1416.66
045 1732.60
046 1516.35
047 1279.16
048 1192.39
049 1142.29
050 1182.50
051 1156.66
052 1039.69
053 949.81
054 894.59
055 900.01
056 882.97
057 927.59
058 1200.78
059 1598.02
060 1311.87
061 1091.35
062 999.91
063 973.84
064 975.53
065 910.18
066 826.57
067 785.81
068 719.05
069 706.88
070 681.05
071 652.90
072 624.77
073 658.27
074 831.91
075 797.39
076 729.37
077 684.19
078 664.53
079 823.20
080 1246.04
081 1132.18
082 934.08
083 864.12
084 2040.52
085 2497.50
086 1947.18
087 1545.20
088 1318.75
089 1471.45
090 2098.85
091 2076.87
092 1755.10
093 1526.56
094 1616.25
095 2277.70
096 2313.02
097 1949.06
098 1631.14
099 1446.87
100 1512.70
101 1995.20
102 1886.14
103 1608.43
104 1809.06
105 3479.37
106 3283.54
107 2424.79
108 1961.45
109 1898.85
110 2065.31
111 2030.10
112 1851.97
113 2109.06
114 1952.39
115 1745.10
116 1698.22
117 1563.75
118 1692.81
119 2037.60
120 1977.29
121 1810.41
122 2552.91
123 3182.70
124 2602.39
125 2099.27
126 1790.93
127 1529.79
128 1342.60
129 1285.60
130 1402.39
131 1393.54
132 1286.56
133 1323.54
134 1222.91
135 1079.22
136 1045.36
137 1470.05
138 1535.62
139 1257.91
140 1073.98
141 952.73
142 867.17
143 787.18
144 750.19
145 693.11
146 652.97
147 626.61
148 601.10
149 533.63
150 604.68
151 541.82
152 478.36
153 460.82
154 417.02
155 399.64
156 367.97
157 387.55
158 421.22
159 585.03
160 512.96
161 414.03
162 393.78
163 386.83
164 508.02
165 427.35
166 369.18
167 317.37
168 279.96
169 275.22
170 246.84
171 238.78
172 223.28
173 208.70
174 204.08
175 177.98
176 195.98
177 205.01
178 194.25
179 188.79
180 378.45
181 2218.43
182 1424.01
183 1318.12
184 1052.17
185 804.64
186 649.08
187 498.66
188 416.68
189 365.18
190 330.94
191 312.70
192 285.73
193 295.07
194 304.89
195 293.62
196 256.04
197 275.63
198 221.30
199 220.53
200 222.77
201 206.02
202 191.25
203 175.34
204 141.75
205 168.66
206 184.32
207 170.56
208 162.72
209 153.85
210 123.26
211 120.61
212 130.41
213 132.01
214 131.01
215 126.98
216 130.83
217 203.04
218 184.34
219 170.32
220 133.07
221 116.64
222 112.71
223 113.33
224 110.23
225 109.06
226 107.96
227 96.62
228 98.65
229 100.73
230 116.41
231 134.89
232 127.13
233 126.15
234 129.89
235 113.75
236 110.76
237 213.34
238 320.95
239 174.76
240 150.45
241 238.62
242 246.94
243 200.26
244 185.03
245 148.53
246 143.82
247 156.58
248 186.41
249 154.25
250 135.71
251 132.20
252 123.14
253 114.45
254 124.95
255 139.83
256 169.56
257 138.34
258 132.90
259 123.65
260 120.97
261 121.71
262 122.47
263 119.72
264 117.13
265 118.81
266 120.28
267 117.95
268 110.76
269 107.70
270 106.05
271 101.64
272 94.39
273 79.00
274 97.75
275 116.38
276 101.08
277 89.05
278 81.63
279 74.26
280 74.82
281 80.55
282 96.41
283 104.61
284 104.21
285 106.02
286 105.36
287 146.13
288 450.90
289 435.30
290 297.29
291 664.97
292 792.68
293 570.50
294 499.01
295 444.94
296 410.50
297 375.04
298 385.07
299 370.08
300 348.46
301 342.75
302 368.51
303 484.80
304 848.56
305 887.90
306 742.59
307 869.11
308 799.50
309 688.44
310 645.62
311 565.12
312 537.47
313 513.52
314 478.46
315 460.64
316 473.13
317 449.66
318 469.11
319 482.62
320 439.91
321 548.29
322 572.88
323 490.32
324 446.95
325 402.81
326 394.32
327 359.38
328 791.76
329 1398.64
330 954.28
331 777.45
332 876.67
333 778.02
334 625.37
335 711.08
336 2457.18
337 2276.56
338 1520.00
339 1225.10
340 1523.75
341 3155.72
342 2686.77
343 1967.60
344 1633.43
345 1429.58
346 1266.37
347 1209.37
348 1306.25
349 1321.11
350 1298.75
351 1178.95
352 1134.18
353 1082.06
354 1004.22
355 944.30
356 907.32
357 942.14
358 1017.16
359 942.14
360 2528.61
361 6067.93
362 4254.27
363 2816.25
364 2395.62
365 2052.18
366 1928.12
001 555.52
002 472.46
003 587.65
004 626.29
005 645.90
006 618.72
007 601.44
008 595.40
009 569.89
010 526.67
011 364.62
012 372.93
013 355.73
014 339.92
015 318.68
016 318.15
017 310.06
018 260.73
019 278.43
020 264.11
021 231.76
022 214.63
023 205.10
024 186.83
025 207.91
026 494.36
027 392.36
028 385.51
029 367.36
030 339.61
031 312.35
032 301.16
033 283.62
034 258.75
035 238.82
036 263.68
037 331.29
038 404.40
039 397.57
040 345.42
041 336.76
042 405.27
043 448.59
044 608.87
045 614.96
046 549.04
047 511.03
048 484.28
049 455.37
050 451.83
051 416.55
052 385.68
053 347.18
054 323.70
055 305.46
056 290.91
057 290.20
058 492.14
059 425.31
060 375.02
061 347.60
062 311.95
063 281.87
064 321.29
065 270.94
066 244.53
067 252.43
068 218.71
069 162.18
070 127.60
071 120.46
072 111.73
073 134.86
074 139.81
075 118.77
076 107.46
077 110.80
078 114.80
079 261.65
080 240.53
081 184.83
082 187.85
083 263.23
084 828.54
085 625.36
086 609.14
087 570.97
088 522.35
089 738.00
090 815.16
091 743.62
092 681.34
093 624.07
094 670.87
095 672.41
096 618.75
097 584.17
098 546.91
099 513.51
100 624.30
101 787.12
102 595.37
103 495.46
104 760.14
105 1590.52
106 1750.61
107 1420.00
108 1101.18
109 1072.91
110 1030.00
111 939.81
112 883.92
113 979.93
114 915.63
115 891.51
116 870.58
117 816.93
118 909.19
119 888.90
120 821.00
121 729.58
122 985.80
123 1091.14
124 1060.20
125 920.15
126 778.53
127 631.40
128 627.90
129 516.44
130 685.00
131 621.67
132 555.42
133 535.19
134 501.80
135 452.52
136 425.52
137 494.53
138 473.16
139 442.05
140 397.48
141 326.38
142 281.81
143 241.91
144 255.30
145 275.94
146 245.31
147 239.58
148 225.29
149 219.16
150 238.61
151 247.41
152 230.84
153 206.48
154 190.01
155 185.31
156 183.23
157 176.96
158 221.59
159 274.81
160 223.65
161 201.58
162 173.30
163 191.89
164 218.07
165 173.86
166 158.81
167 142.91
168 128.36
169 112.58
170 99.79
171 95.93
172 89.44
173 82.96
174 78.13
175 75.20
176 73.25
177 70.32
178 87.96
179 94.12
180 113.18
181 84.68
182 163.25
183 220.32
184 114.84
185 110.17
186 104.84
187 97.17
188 92.34
189 86.76
190 84.75
191 80.42
192 77.85
193 117.69
194 83.67
195 74.52
196 140.23
197 150.28
198 93.65
199 96.31
200 96.76
201 75.80
202 58.32
203 74.29
204 80.81
205 82.57
206 79.94
207 80.00
208 78.30
209 75.23
210 80.75
211 103.70
212 81.79
213 76.27
214 50.10
215 39.41
216 37.15
217 51.05
218 86.20
219 66.15
220 67.24
221 69.99
222 69.36
223 69.78
224 71.84
225 69.64
226 70.42
227 70.49
228 67.61
229 75.40
230 95.69
231 85.41
232 75.66
233 73.75
234 71.79
235 90.39
236 99.96
237 90.26
238 90.55
239 80.83
240 77.94
241 71.21
242 69.91
243 67.75
244 61.48
245 59.21
246 73.69
247 79.27
248 73.83
249 64.01
250 59.71
251 59.54
252 58.47
253 56.36
254 57.36
255 59.14
256 57.55
257 57.53
258 57.80
259 54.40
260 54.29
261 55.49
262 58.70
263 58.28
264 56.07
265 53.83
266 53.60
267 54.78
268 52.50
269 52.73
270 55.07
271 56.20
272 58.62
273 58.64
274 93.39
275 68.79
276 61.44
277 67.27
278 69.93
279 95.23
280 100.79
281 93.25
282 84.14
283 81.81
284 87.37
285 84.50
286 84.55
287 141.76
288 120.50
289 93.40
290 92.43
291 371.84
292 135.02
293 107.80
294 109.24
295 104.62
296 97.48
297 93.21
298 93.82
299 90.79
300 89.88
301 92.61
302 107.91
303 168.40
304 281.98
305 161.28
306 154.72
307 227.07
308 148.30
309 128.97
310 121.84
311 117.70
312 114.13
313 111.64
314 110.19
315 108.88
316 107.87
317 114.50
318 117.22
319 116.79
320 112.31
321 151.72
322 119.88
323 114.03
324 109.84
325 109.22
326 108.19
327 106.51
328 325.03
329 224.08
330 145.71
331 167.40
332 168.88
333 147.51
334 176.90
335 443.12
336 1350.42
337 661.66
338 466.78
339 493.44
340 878.20
341
342
343
344
345
346
347
348
349
350
351
352
353
354
355
356
357
358
359
360
361
362
363
364
365
366
001 1364.37
002 1291.87
003 1151.45
004 1017.20
005 975.05
006 945.12
007 875.69
008 811.62
009 755.91
010 696.09
011 672.34
012 672.39
013 666.04
014 633.76
015 607.95
016 584.90
017 552.85
018 492.25
019 470.75
020 461.11
021 431.31
022 415.91
023 405.63
024 400.73
025 419.53
026 755.87
027 861.26
028 773.62
029 713.06
030 652.71
031 595.85
032 563.70
033 548.54
034 533.07
035 513.58
036 502.95
037 546.44
038 684.13
039 744.55
040 670.06
041 613.58
042 604.04
043 643.19
044 709.71
045 878.19
046 778.13
047 664.30
048 604.44
049 559.22
050 553.06
051 532.47
052 482.59
053 448.84
054 432.10
055 419.41
056 410.54
057 404.51
058 512.51
059 686.00
060 625.90
061 567.16
062 505.34
063 471.76
064 467.29
065 448.48
066 409.77
067 397.10
068 395.31
069 377.70
070 352.42
071 334.87
072 310.69
073 305.80
074 332.02
075 315.51
076 291.95
077 277.86
078 278.91
079 303.48
080 442.58
081 426.48
082 382.57
083 348.59
084 811.56
085 1100.41
086 994.04
087 832.39
088 674.69
089 629.45
090 807.92
091 871.34
092 796.14
093 700.37
094 790.80
095 1392.70
096 1672.08
097 1623.85
098 1404.37
099 1142.18
100 954.88
101 988.75
102 964.19
103 846.96
104 797.82
105 1119.50
106 1251.56
107 1179.16
108 1041.50
109 973.32
110 1046.45
111 1001.29
112 893.82
113 857.53
114 777.42
115 705.06
116 714.86
117 674.80
118 787.31
119 1053.10
120 1151.56
121 1051.87
122 1029.03
123 1210.20
124 1195.00
125 1064.28
126 905.92
127 752.88
128 655.89
129 589.45
130 604.56
131 613.80
132 555.40
133 533.11
134 489.35
135 437.55
136 407.97
137 483.17
138 522.36
139 477.18
140 434.05
141 385.22
142 349.16
143 328.30
144 300.53
145 282.97
146 265.90
147 253.29
148 243.39
149 239.30
150 244.09
151 247.02
152 242.76
153 245.73
154 244.95
155 235.42
156 227.10
157 220.68
158 259.37
159 346.91
160 299.95
161 264.45
162 244.17
163 262.21
164 596.44
165 552.77
166 415.17
167 306.33
168 255.40
169 226.38
170 203.95
171 189.03
172 174.42
173 162.10
174 177.72
175 162.21
176 140.67
177 128.79
178 126.62
179 145.10
180 148.11
181 333.11
182 353.35
183 295.45
184 446.11
185 377.72
186 291.45
187 245.75
188 259.39
189 236.77
190 195.10
191 172.63
192 152.83
193 128.78
194 109.95
195 98.51
196 93.82
197 89.06
198 80.91
199 78.49
200 83.10
201 78.46
202 73.26
203 69.52
204 66.48
205 63.65
206 66.95
207 64.97
208 61.37
209 57.98
210 56.33
211 58.61
212 54.75
213 52.45
214 50.70
215 51.31
216 51.94
217 49.57
218 50.87
219 49.45
220 45.39
221 45.25
222 44.77
223 44.41
224 42.34
225 39.74
226 40.28
227 39.20
228 38.21
229 39.68
230 43.97
231 53.56
232 58.35
233 44.86
234 41.81
235 42.44
236 85.68
237 89.06
238 67.12
239 53.73
240 49.57
241 59.65
242 53.27
243 66.40
244 53.28
245 47.78
246 46.54
247 61.06
248 57.90
249 54.00
250 49.40
251 47.30
252 44.25
253 42.18
254 41.85
255 48.81
256 48.03
257 40.43
258 39.02
259 37.78
260 37.64
261 38.52
262 38.99
263 37.38
264 36.30
265 35.37
266 34.84
267 34.42
268 34.92
269 33.62
270 33.38
271 33.33
272 34.05
273 41.63
274 46.08
275 56.50
276 42.81
277 39.40
278 37.11
279 37.77
280 38.97
281 37.65
282 36.18
283 36.06
284 39.22
285 40.35
286 38.09
287 50.76
288 130.57
289 72.62
290 63.83
291 175.50
292 230.79
293 141.27
294 118.25
295 106.62
296 94.59
297 85.38
298 79.23
299 73.71
300 68.65
301 64.23
302 63.04
303 82.34
304 270.08
305 354.16
306 301.28
307 403.38
308 362.27
309 292.17
310 238.37
311 204.06
312 174.56
313 149.18
314 134.50
315 129.37
316 126.10
317 132.59
318 131.59
319 135.68
320 131.21
321 169.80
322 186.78
323 164.68
324 149.23
325 137.70
326 123.83
327 113.70
328 159.77
329 378.81
330 298.81
331 290.56
332 401.95
333 358.78
334 307.65
335 279.28
336 647.10
337 711.34
338 578.52
339 487.88
340 617.96
341 1301.77
342 1434.58
343 1281.56
344 1050.91
345 839.43
346 688.85
347 607.10
348 662.86
349 635.37
350 591.81
351 530.85
352 480.40
353 468.27
354 460.95
355 442.07
356 418.01
357 404.70
358 397.13
359 396.48
360 752.13
361 1318.02
362 1402.50
363 1240.31
364 1045.27
365 856.90
366 725.06
001 3.12
002 2.57
003 2.90
004 3.83
005 4.27
006 3.03
007 2.00
008 2.00
009 1.34
010 .92
011 3.06
012 6.93
013 7.89
014 6.67
015 5.97
016 5.33
017 3.22
018 .73
019 .70
020 .88
021 .26
022 .08
023 .26
024 .97
025 1.64
026 2.69
027 2.21
028 2.21
029 2.21
030 1.59
031 1.27
032 2.00
033 2.79
034 2.78
035 2.80
036 3.33
037 3.38
038 3.80
039 3.32
040 2.12
041 2.41
042 3.63
043 4.23
044 4.25
045 3.66
046 1.72
047 1.29
048 1.94
049 2.21
050 3.01
051 2.96
052 1.99
053 1.62
054 2.30
055 3.30
056 4.84
057 6.30
058 7.00
059 5.78
060 4.12
061 2.83
062 2.68
063 4.89
064 7.11
065 7.25
066 6.75
067 5.69
068 5.03
069 5.92
070 7.91
071 9.68
072 9.39
073 9.00
074 8.70
075 8.82
076 8.02
077 7.00
078 6.81
079 7.56
080 8.15
081 9.40
082 8.85
083 7.16
084 6.06
085 6.59
086 6.80
087 8.55
088 9.62
089 9.23
090 8.22
091 7.75
092 7.54
093 7.35
094 7.51
095 7.27
096 7.91
097 9.44
098 10.96
099 11.67
100 10.48
101 8.77
102 8.51
103 9.26
104 10.53
105 11.83
106 12.32
107 10.95
108 9.68
109 9.06
110 7.97
111 9.93
112 9.46
113 8.70
114 8.49
115 9.20
116 9.24
117 10.33
118 9.25
119 8.39
120 9.90
121 11.31
122 11.48
123 13.02
124 15.21
125 16.98
126 16.23
127 15.12
128 14.30
129 13.82
130 12.65
131 11.33
132 12.04
133 12.67
134 12.84
135 13.64
136 15.46
137 17.78
138 17.77
139 16.79
140 16.02
141 16.21
142 16.36
143 17.32
144 18.27
145 16.95
146 16.94
147 17.95
148 20.19
149 21.63
150 21.97
151 22.11
152 22.00
153 20.25
154 18.90
155 19.19
156 20.50
157 21.67
158 22.27
159 21.40
160 20.42
161 20.20
162 20.89
163 21.38
164 20.42
165 20.87
166 20.49
167 20.13
168 19.79
169 20.10
170 21.22
171 22.75
172 23.90
173 24.86
174 25.25
175 25.04
176 25.29
177 25.21
178 25.15
179 24.64
180 23.88
181 23.22
182 21.77
183 21.68
184 21.89
185 22.62
186 22.03
187 22.26
188 22.60
189 22.45
190 22.89
191 23.81
192 24.83
193 25.42
194 25.86
195 26.13
196 25.86
197 24.65
198 23.35
199 22.48
200 22.13
201 23.26
202 24.58
203 25.74
204 26.14
205 26.29
206 26.23
207 25.73
208 25.94
209 26.44
210 26.93
211 27.12
212 26.92
213 26.88
214 26.13
215 26.03
216 26.43
217 26.79
218 26.03
219 26.23
220 25.54
221 24.58
222 24.76
223 25.31
224 25.56
225 26.13
226 26.66
227 26.27
228 25.30
229 23.70
230 22.66
231 22.52
232 22.56
233 21.78
234 22.05
235 22.74
236 22.68
237 23.52
238 24.11
239 24.13
240 22.85
241 21.92
242 21.84
243 21.53
244 21.08
245 20.61
246 20.58
247 20.45
248 20.83
249 21.28
250 21.02
251 20.89
252 20.96
253 21.40
254 21.54
255 21.92
256 20.65
257 19.68
258 19.86
259 19.41
260 18.18
261 17.89
262 18.32
263 17.46
264 16.21
265 15.22
266 14.51
267 14.03
268 14.41
269 15.08
270 15.38
271 16.09
272 17.08
273 18.11
274 19.36
275 19.85
276 19.36
277 18.20
278 17.18
279 16.94
280
281
282
283
284
285
286
287
288
289
290
291
292
293
294
295
296
297
298
299
300
301
302
303
304
305
306
307
308
309
310
311
312
313
314
315
316
317
318
319
320
321
322 0
323
324
325
326
327
328
329
330
331
332
333
334
335
336
337
338
339
340
341
342
343
344
345
346
347
348
349
350
351
352
353
354
355
356
357
358
359
360
361
362
363
364
365
366
001 2384.16
001 2384.16
