43829.5 67511.25
43830.5 55096.13
43831.5 46338.66
43832.5 41660.76
43833.5 43687.10
43834.5 42530.65
43835.5 38914.62
43836.5 37442.72
43837.5 35649.15
43838.5 32764.54
43839.5 31690.78
43840.5 34088.06
43841.5 35017.98
43842.5 32191.13
43843.5 30067.39
43844.5 28526.40
43845.5 27891.26
43846.5 25543.53
43847.5 25296.04
43848.5 25196.09
43849.5 23335.97
43850.5 21746.28
43851.5 21240.83
43852.5 20994.19
43853.5 21581.48
43854.5 44987.96
43855.5 49834.06
43856.5 39651.98
43857.5 34619.84
43858.5 30670.25
43859.5 28066.26
43860.5 25986.40
43861.5 25756.47
43862.5 25064.42
43863.5 23687.38
43864.5 23144.83
43865.5 26649.29
43866.5 32360.47
43867.5 37746.56
43868.5 33212.79
43869.5 30711.59
43870.5 35433.95
43871.5 37082.82
43872.5 40114.96
43873.5 49061.30
43874.5 42937.84
43875.5 36221.43
43876.5 33764.40
43877.5 32345.74
43878.5 33484.35
43879.5 32752.65
43880.5 29440.46
43881.5 26895.37
43882.5 25331.72
43883.5 25485.20
43884.5 25002.69
43885.5 26266.17
43886.5 34001.98
43887.5 45250.46
43888.5 37147.67
43889.5 30903.29
43890.5 28314.03
43891.5 27575.81
43892.5 27623.67
43893.5 25773.18
43894.5 23405.63
43895.5 22251.45
43896.5 20361.03
43897.5 20016.42
43898.5 19285.00
43899.5 18487.89
43900.5 17691.34
43901.5 18639.95
43902.5 23556.84
43903.5 22579.35
43904.5 20653.26
43905.5 19373.92
43906.5 18817.21
43907.5 23310.20
43908.5 35283.59
43909.5 32059.46
43910.5 26449.95
43911.5 24468.92
43912.5 57780.54
43913.5 70720.65
43914.5 55137.47
43915.5 43754.77
43916.5 37342.48
43917.5 41666.43
43918.5 59432.25
43919.5 58809.85
43920.5 49698.42
43921.5 43226.95
43922.5 45766.67
43923.5 64496.67
43924.5 65496.81
43925.5 55190.71
43926.5 46188.30
43927.5 40970.40
43928.5 42834.48
43929.5 56497.23
43930.5 53409.03
43931.5 45545.23
43932.5 51226.39
43933.5 98523.85
43934.5 92978.62
43935.5 68661.75
43936.5 55541.55
43937.5 53768.93
43938.5 58482.51
43939.5 57485.48
43940.5 52441.45
43941.5 59721.36
43942.5 55285.00
43943.5 49415.26
43944.5 48087.78
43945.5 44280.05
43946.5 47934.58
43947.5 57697.86
43948.5 55990.08
43949.5 51264.61
43950.5 72289.67
43951.5 90123.17
43952.5 73690.78
43953.5 59444.14
43954.5 50713.01
43955.5 43318.41
43956.5 38017.83
43957.5 36403.79
43958.5 39710.88
43959.5 39460.28
43960.5 36430.97
43961.5 37478.12
43962.5 34628.62
43963.5 30559.81
43964.5 29601.01
43965.5 41626.78
43966.5 43483.50
43967.5 35619.70
43968.5 30411.43
43969.5 26978.05
43970.5 24555.28
43971.5 22290.24
43972.5 21242.81
43973.5 19626.50
43974.5 18489.87
43975.5 17743.45
43976.5 17021.09
43977.5 15110.57
43978.5 17122.46
43979.5 15342.48
43980.5 13545.51
43981.5 13048.84
43982.5 11808.57
43983.5 11316.43
43984.5 10419.65
43985.5 10974.09
43986.5 11927.50
43987.5 16566.04
43988.5 14525.27
43989.5 11723.91
43990.5 11150.50
43991.5 10953.70
43992.5 14385.38
43993.5 12101.09
43994.5 10453.91
43995.5 8986.83
43996.5 7927.50
43997.5 7793.28
43998.5 6989.66
43999.5 6761.43
44000.5 6322.52
44001.5 5909.67
44002.5 5778.84
44003.5 5039.78
44004.5 5549.48
44005.5 5805.18
44006.5 5500.49
44007.5 5345.88
44008.5 10716.40
44009.5 62818.34
44010.5 40323.09
44011.5 37324.64
44012.5 29793.85
44013.5 22784.65
44014.5 18379.72
44015.5 14120.34
44016.5 11798.95
44017.5 10340.64
44018.5 9371.08
44019.5 8854.59
44020.5 8090.89
44021.5 8355.37
44022.5 8633.44
44023.5 8314.31
44024.5 7250.17
44025.5 7804.89
44026.5 6266.45
44027.5 6244.65
44028.5 6308.08
44029.5 5833.78
44030.5 5415.54
44031.5 4965.02
44032.5 4013.87
44033.5 4775.87
44034.5 5219.31
44035.5 4829.67
44036.5 4607.67
44037.5 4356.50
44038.5 3490.30
44039.5 3415.26
44040.5 3692.76
44041.5 3738.07
44042.5 3709.75
44043.5 3595.63
44044.5 3704.65
44045.5 5749.39
44046.5 5219.87
44047.5 4822.87
44048.5 3768.08
44049.5 3302.84
44050.5 3191.56
44051.5 3209.11
44052.5 3121.33
44053.5 3088.20
44054.5 3057.05
44055.5 2735.94
44056.5 2793.43
44057.5 2852.32
44058.5 3296.33
44059.5 3819.62
44060.5 3599.88
44061.5 3572.13
44062.5 3678.04
44063.5 3221.01
44064.5 3136.34
44065.5 6041.05
44066.5 9088.20
44067.5 4948.60
44068.5 4260.22
44069.5 6756.90
44070.5 6992.49
44071.5 5670.67
44072.5 5239.41
44073.5 4205.86
44074.5 4072.49
44075.5 4433.80
44076.5 5278.49
44077.5 4367.83
44078.5 3842.84
44079.5 3743.45
44080.5 3486.90
44081.5 3240.83
44082.5 3538.15
44083.5 3959.50
44084.5 4801.35
44085.5 3917.31
44086.5 3763.27
44087.5 3501.34
44088.5 3425.45
44089.5 3446.41
44090.5 3467.93
44091.5 3390.06
44092.5 3316.72
44093.5 3364.29
44094.5 3405.91
44095.5 3339.94
44096.5 3136.34
44097.5 3049.69
44098.5 3002.97
44099.5 2878.09
44100.5 2672.80
44101.5 2237.00
44102.5 2767.94
44103.5 3295.48
