43829.5 15730.42
43830.5 13378.45
43831.5 16640.23
43832.5 17734.39
43833.5 18289.67
43834.5 17520.03
43835.5 17030.72
43836.5 16859.69
43837.5 16137.33
43838.5 14913.49
43839.5 10324.79
43840.5 10560.10
43841.5 10073.05
43842.5 9625.37
43843.5 9023.92
43844.5 9008.91
43845.5 8779.83
43846.5 7382.98
43847.5 7884.18
43848.5 7478.69
43849.5 6562.65
43850.5 6077.58
43851.5 5807.73
43852.5 5290.38
43853.5 5887.30
43854.5 13998.58
43855.5 11110.29
43856.5 10916.32
43857.5 10402.37
43858.5 9616.59
43859.5 8844.68
43860.5 8527.82
43861.5 8031.14
43862.5 7326.91
43863.5 6762.56
43864.5 7466.51
43865.5 9380.99
43866.5 11451.22
43867.5 11257.82
43868.5 9781.11
43869.5 9535.89
43870.5 11475.86
43871.5 12702.53
43872.5 17241.11
43873.5 17413.56
43874.5 15546.93
43875.5 14470.62
43876.5 13713.15
43877.5 12894.52
43878.5 12794.28
43879.5 11795.27
43880.5 10921.13
43881.5 9830.95
43882.5 9166.07
43883.5 8649.58
43884.5 8237.57
43885.5 8217.47
43886.5 13935.72
43887.5 12043.32
43888.5 10619.28
43889.5 9842.84
43890.5 8833.35
43891.5 7981.59
43892.5 9097.83
43893.5 7672.09
43894.5 6924.25
43895.5 7147.95
43896.5 6193.11
43897.5 4592.38
43898.5 3613.19
43899.5 3411.01
43900.5 3163.81
43901.5 3818.77
43902.5 3958.94
43903.5 3363.16
43904.5 3042.89
43905.5 3137.47
43906.5 3250.74
43907.5 7409.03
43908.5 6810.98
43909.5 5233.75
43910.5 5319.26
43911.5 7453.77
43912.5 23461.41
43913.5 17708.05
43914.5 17248.76
43915.5 16167.91
43916.5 14791.16
43917.5 20897.63
43918.5 23082.54
43919.5 21056.77
43920.5 19293.21
43921.5 17671.52
43922.5 18996.74
43923.5 19040.35
43924.5 17520.88
43925.5 16541.69
43926.5 15486.62
43927.5 14540.84
43928.5 17678.04
43929.5 22288.54
43930.5 16858.84
43931.5 14029.73
43932.5 21524.56
43933.5 45038.08
43934.5 49571.28
43935.5 40209.54
43936.5 31181.65
43937.5 30381.14
43938.5 29166.07
43939.5 26612.20
43940.5 25029.59
43941.5 27748.26
43942.5 25927.50
43943.5 25244.51
43944.5 24651.84
43945.5 23132.66
43946.5 25745.15
43947.5 25170.60
43948.5 23247.91
43949.5 20659.20
43950.5 27914.48
43951.5 30897.35
43952.5 30021.23
43953.5 26055.50
43954.5 22045.30
43955.5 17879.08
43956.5 17779.98
43957.5 14623.81
43958.5 19396.85
43959.5 17603.56
43960.5 15727.59
43961.5 15154.75
43962.5 14209.25
43963.5 12813.81
43964.5 12049.27
43965.5 14003.39
43966.5 13398.27
43967.5 12517.34
43968.5 11255.27
43969.5 9241.96
43970.5 7979.89
43971.5 6850.06
43972.5 7229.22
43973.5 7813.67
43974.5 6946.34
43975.5 6784.08
43976.5 6379.44
43977.5 6205.86
43978.5 6756.61
43979.5 7005.80
43980.5 6536.59
43981.5 5846.80
43982.5 5380.43
43983.5 5247.34
43984.5 5188.44
43985.5 5010.90
43986.5 6274.67
43987.5 7781.67
43988.5 6333.00
43989.5 5708.05
43990.5 4907.26
43991.5 5433.66
43992.5 6174.99
43993.5 4923.12
43994.5 4496.95
43995.5 4046.72
43996.5 3634.71
43997.5 3187.88
43998.5 2825.71
43999.5 2716.40
44000.5 2532.63
44001.5 2349.14
44002.5 2212.37
44003.5 2129.40
44004.5 2074.18
44005.5 1991.22
44006.5 2490.72
44007.5 2665.15
44008.5 3204.87
44009.5 2397.84
44010.5 4622.68
44011.5 6238.70
44012.5 3251.87
44013.5 3119.63
44014.5 2968.71
44015.5 2751.52
44016.5 2614.75
44017.5 2456.74
44018.5 2399.83
44019.5 2277.21
44020.5 2204.44
44021.5 3332.57
44022.5 2369.24
44023.5 2110.15
44024.5 3970.83
44025.5 4255.41
44026.5 2651.84
44027.5 2727.16
44028.5 2739.91
44029.5 2146.39
44030.5 1651.42
44031.5 2103.63
44032.5 2288.26
44033.5 2338.09
44034.5 2263.62
44035.5 2265.32
44036.5 2217.18
44037.5 2130.25
44038.5 2286.56
44039.5 2936.42
44040.5 2316.01
44041.5 2159.70
44042.5 1418.66
44043.5 1115.95
44044.5 1051.96
44045.5 1445.56
44046.5 2440.88
44047.5 1873.14
44048.5 1904.00
44049.5 1981.87
44050.5 1964.03
44051.5 1975.93
44052.5 2034.26
44053.5 1971.96
44054.5 1994.05
44055.5 1996.03
44056.5 1914.48
44057.5 2135.07
44058.5 2709.61
44059.5 2418.51
44060.5 2142.43
44061.5 2088.34
44062.5 2032.84
44063.5 2559.53
44064.5 2830.52
44065.5 2555.85
44066.5 2564.06
44067.5 2288.82
44068.5 2206.99
44069.5 2016.42
44070.5 1979.61
44071.5 1918.44
44072.5 1740.90
44073.5 1676.62
44074.5 2086.64
44075.5 2244.65
44076.5 2090.61
44077.5 1812.54
44078.5 1690.78
44079.5 1685.96
44080.5 1655.67
44081.5 1595.92
44082.5 1624.23
44083.5 1674.64
44084.5 1629.61
44085.5 1629.05
44086.5 1636.69
44087.5 1540.42
44088.5 1537.30
44089.5 1571.28
44090.5 1662.18
44091.5 1650.29
44092.5 1587.71
44093.5 1524.28
44094.5 1517.76
44095.5 1551.18
44096.5 1486.62
44097.5 1493.13
44098.5 1559.39
44099.5 1591.39
44100.5 1659.91
44101.5 1660.48
44102.5 2644.48
44103.5 1947.89
