43829.5 38634.29
43830.5 36581.33
43831.5 32605.12
43832.5 28803.62
43833.5 27610.08
43834.5 26762.56
43835.5 24796.54
43836.5 22982.30
43837.5 21404.78
43838.5 19710.88
43839.5 19038.36
43840.5 19039.78
43841.5 18859.97
43842.5 17945.91
43843.5 17215.06
43844.5 16562.36
43845.5 15654.82
43846.5 13938.83
43847.5 13330.02
43848.5 13057.05
43849.5 12213.22
43850.5 11777.14
43851.5 11486.05
43852.5 11347.30
43853.5 11879.65
43854.5 21403.65
43855.5 24387.93
43856.5 21906.27
43857.5 20191.42
43858.5 18482.51
43859.5 16872.43
43860.5 15962.05
43861.5 15532.77
43862.5 15094.71
43863.5 14542.82
43864.5 14241.82
43865.5 15473.31
43866.5 19372.22
43867.5 21083.10
43868.5 18973.80
43869.5 17374.48
43870.5 17104.34
43871.5 18212.94
43872.5 20096.55
43873.5 24867.33
43874.5 22033.97
43875.5 18810.70
43876.5 17115.67
43877.5 15835.19
43878.5 15660.76
43879.5 15077.72
43880.5 13665.29
43881.5 12709.61
43882.5 12235.59
43883.5 11876.25
43884.5 11625.08
43885.5 11454.33
43886.5 14512.53
43887.5 19425.17
43888.5 17723.34
43889.5 16060.03
43890.5 14309.50
43891.5 13358.62
43892.5 13232.05
43893.5 12699.41
43894.5 11603.28
43895.5 11244.51
43896.5 11193.82
43897.5 10695.17
43898.5 9979.32
43899.5 9482.37
43900.5 8797.67
43901.5 8659.20
43902.5 9401.67
43903.5 8934.16
43904.5 8267.02
43905.5 7868.04
43906.5 7897.77
43907.5 8593.51
43908.5 12532.35
43909.5 12076.45
43910.5 10833.07
43911.5 9870.87
43912.5 22980.60
43913.5 31159.84
43914.5 28147.81
43915.5 23570.43
43916.5 19104.91
43917.5 17823.87
43918.5 22877.53
43919.5 24673.36
43920.5 22543.96
43921.5 19832.08
43922.5 22392.75
43923.5 39436.50
43924.5 47347.58
43925.5 45981.87
43926.5 39766.95
43927.5 32342.63
43928.5 27038.93
43929.5 27998.01
43930.5 27302.56
43931.5 23983.01
43932.5 22591.53
43933.5 31700.41
43934.5 35439.89
43935.5 33389.77
43936.5 29491.71
43937.5 27561.09
43938.5 29631.88
43939.5 28353.10
43940.5 25309.92
43941.5 24282.31
43942.5 22013.87
43943.5 19964.88
43944.5 20242.38
43945.5 19108.02
43946.5 22293.92
43947.5 29820.18
43948.5 32608.24
43949.5 29785.36
43950.5 29138.60
43951.5 34268.72
43952.5 33838.31
43953.5 30136.76
43954.5 25652.55
43955.5 21318.98
43956.5 18572.56
43957.5 16691.20
43958.5 17119.07
43959.5 17380.71
43960.5 15727.02
43961.5 15095.85
43962.5 13856.71
43963.5 12389.91
43964.5 11552.31
43965.5 13681.72
43966.5 14791.44
43967.5 13512.10
43968.5 12290.81
43969.5 10908.11
43970.5 9887.01
43971.5 9296.33
43972.5 8509.98
43973.5 8012.74
43974.5 7529.37
43975.5 7172.30
43976.5 6891.97
43977.5 6776.15
43978.5 6911.79
43979.5 6994.76
43980.5 6874.13
43981.5 6958.23
43982.5 6936.14
43983.5 6666.28
43984.5 6430.69
43985.5 6248.90
43986.5 7344.47
43987.5 9823.30
43988.5 8493.55
43989.5 7488.31
43990.5 6914.05
43991.5 7424.89
43992.5 16889.14
43993.5 15652.55
43994.5 11756.19
43995.5 8674.21
43996.5 7232.05
43997.5 6410.30
43998.5 5775.16
43999.5 5352.68
44000.5 4938.97
44001.5 4590.11
44002.5 5032.42
44003.5 4593.23
44004.5 3983.29
44005.5 3646.89
44006.5 3585.44
44007.5 4108.73
44008.5 4193.96
44009.5 9432.53
44010.5 10005.66
44011.5 8366.13
44012.5 12632.30
44013.5 10695.73
44014.5 8252.86
44015.5 6958.79
44016.5 7345.03
44017.5 6704.51
44018.5 5524.56
44019.5 4888.29
44020.5 4327.62
44021.5 3646.60
44022.5 3113.40
44023.5 2789.46
44024.5 2656.66
44025.5 2521.87
44026.5 2291.09
44027.5 2222.56
44028.5 2353.10
44029.5 2221.71
44030.5 2074.47
44031.5 1968.56
44032.5 1882.48
44033.5 1802.35
44034.5 1895.79
44035.5 1839.72
44036.5 1737.78
44037.5 1641.79
44038.5 1595.07
44039.5 1659.63
44040.5 1550.33
44041.5 1485.20
44042.5 1435.65
44043.5 1452.92
44044.5 1470.76
44045.5 1403.65
44046.5 1440.46
44047.5 1400.25
44048.5 1285.28
44049.5 1281.32
44050.5 1267.73
44051.5 1257.53
44052.5 1198.92
44053.5 1125.30
44054.5 1140.59
44055.5 1110.00
44056.5 1081.97
44057.5 1123.60
44058.5 1245.07
44059.5 1516.63
44060.5 1652.27
44061.5 1270.28
44062.5 1183.91
44063.5 1201.75
44064.5 2426.16
44065.5 2521.87
44066.5 1900.60
44067.5 1521.44
44068.5 1403.65
44069.5 1689.08
44070.5 1508.42
44071.5 1880.22
44072.5 1508.70
44073.5 1352.96
44074.5 1317.85
44075.5 1729.01
44076.5 1639.52
44077.5 1529.09
44078.5 1398.83
44079.5 1339.37
44080.5 1253.00
44081.5 1194.39
44082.5 1185.04
44083.5 1382.13
44084.5 1360.04
44085.5 1144.83
44086.5 1104.91
44087.5 1069.80
44088.5 1065.83
44089.5 1090.75
44090.5 1104.06
44091.5 1058.47
44092.5 1027.89
44093.5 1001.55
44094.5 986.54
44095.5 974.65
44096.5 988.81
44097.5 952.00
44098.5 945.20
44099.5 943.79
44100.5 964.17
44101.5 1178.81
44102.5 1304.82
44103.5 1599.88
