   1.2102629e+01   1.4756218e+02
   1.2151130e+01   1.4756199e+02
   1.2198564e+01   1.4756180e+02
   1.2244412e+01   1.4756161e+02
   1.2287985e+01   1.4756142e+02
   1.2328465e+01   1.4756124e+02
   1.2365030e+01   1.4756107e+02
   1.2397063e+01   1.4756092e+02
   1.2424366e+01   1.4756078e+02
   1.2447232e+01   1.4756066e+02
   1.2466339e+01   1.4756056e+02
   1.2482522e+01   1.4756048e+02
   1.2496581e+01   1.4756040e+02
   1.2509170e+01   1.4756033e+02
   1.2520779e+01   1.4756027e+02
   1.2531747e+01   1.4756020e+02
   1.2542304e+01   1.4756014e+02
   1.2552599e+01   1.4756008e+02
   1.2562894e+01   1.4756002e+02
   1.2573189e+01   1.4755995e+02
   1.2583484e+01   1.4755989e+02
   1.2593779e+01   1.4755983e+02
   1.2603341e+01   1.4755976e+02
   1.2612904e+01   1.4755970e+02
   1.2622466e+01   1.4755964e+02
   1.2632029e+01   1.4755957e+02
   1.2641173e+01   1.4755954e+02
   1.2650317e+01   1.4755950e+02
   1.2659460e+01   1.4755946e+02
   1.2668604e+01   1.4755943e+02
   1.2677644e+01   1.4755942e+02
   1.2686683e+01   1.4755941e+02
   1.2695722e+01   1.4755939e+02
   1.2704762e+01   1.4755938e+02
   1.2713801e+01   1.4755937e+02
   1.2722840e+01   1.4755936e+02
   1.2731880e+01   1.4755935e+02
   1.2740919e+01   1.4755934e+02
   1.2749958e+01   1.4755933e+02
   1.2758998e+01   1.4755932e+02
   1.2768037e+01   1.4755931e+02
   1.2777076e+01   1.4755930e+02
   1.2786115e+01   1.4755929e+02
   1.2795155e+01   1.4755928e+02
   1.2804194e+01   1.4755926e+02
   1.2813233e+01   1.4755925e+02
   1.2822272e+01   1.4755924e+02
   1.2831312e+01   1.4755923e+02
   1.2840351e+01   1.4755922e+02
   1.2849390e+01   1.4755921e+02
   1.2858429e+01   1.4755920e+02
   1.2867468e+01   1.4755919e+02
   1.2876508e+01   1.4755918e+02
   1.2885547e+01   1.4755917e+02
   1.2894586e+01   1.4755916e+02
   1.2903625e+01   1.4755914e+02
   1.2912664e+01   1.4755913e+02
   1.2921703e+01   1.4755912e+02
   1.2930743e+01   1.4755911e+02
   1.2939782e+01   1.4755910e+02
   1.2948821e+01   1.4755909e+02
   1.2957860e+01   1.4755908e+02
   1.2966899e+01   1.4755907e+02
   1.2975938e+01   1.4755906e+02
   1.2984977e+01   1.4755905e+02
   1.2994017e+01   1.4755904e+02
   1.3003056e+01   1.4755902e+02
   1.3012095e+01   1.4755901e+02
   1.3021134e+01   1.4755900e+02
   1.3030173e+01   1.4755899e+02
   1.3039212e+01   1.4755898e+02
   1.3048251e+01   1.4755897e+02
   1.3057290e+01   1.4755896e+02
   1.3066329e+01   1.4755895e+02
   1.3075368e+01   1.4755894e+02
   1.3084407e+01   1.4755893e+02
   1.3093446e+01   1.4755891e+02
   1.3102486e+01   1.4755890e+02
   1.3111525e+01   1.4755889e+02
   1.3120564e+01   1.4755888e+02
   1.3129603e+01   1.4755887e+02
   1.3138642e+01   1.4755886e+02
   1.3147681e+01   1.4755885e+02
   1.3156720e+01   1.4755884e+02
   1.3165759e+01   1.4755883e+02
   1.3174798e+01   1.4755881e+02
   1.3183837e+01   1.4755880e+02
   1.3192876e+01   1.4755879e+02
   1.3201915e+01   1.4755878e+02
   1.3210954e+01   1.4755877e+02
   1.3219992e+01   1.4755876e+02
   1.3229031e+01   1.4755875e+02
   1.3238070e+01   1.4755874e+02
   1.3247109e+01   1.4755873e+02
   1.3256148e+01   1.4755871e+02
   1.3265187e+01   1.4755870e+02
   1.3274226e+01   1.4755869e+02
   1.3283265e+01   1.4755868e+02
   1.3292304e+01   1.4755867e+02
   1.3301343e+01   1.4755866e+02
   1.3310382e+01   1.4755865e+02
   1.3319421e+01   1.4755864e+02
   1.3328460e+01   1.4755863e+02
   1.3337498e+01   1.4755861e+02
   1.3346537e+01   1.4755860e+02
   1.3355576e+01   1.4755859e+02
   1.3364615e+01   1.4755858e+02
   1.3373654e+01   1.4755857e+02
   1.3382693e+01   1.4755856e+02
   1.3391732e+01   1.4755855e+02
   1.3400770e+01   1.4755854e+02
   1.3409809e+01   1.4755852e+02
   1.3418848e+01   1.4755851e+02
   1.3427887e+01   1.4755850e+02
   1.3436926e+01   1.4755849e+02
   1.3445964e+01   1.4755848e+02
   1.3455003e+01   1.4755847e+02
   1.3464042e+01   1.4755846e+02
   1.3473081e+01   1.4755845e+02
   1.3482120e+01   1.4755843e+02
   1.3491158e+01   1.4755842e+02
   1.3500197e+01   1.4755841e+02
   1.3509236e+01   1.4755840e+02
   1.3518275e+01   1.4755839e+02
   1.3527313e+01   1.4755838e+02
   1.3536352e+01   1.4755837e+02
   1.3545391e+01   1.4755836e+02
   1.3554429e+01   1.4755834e+02
   1.3563468e+01   1.4755833e+02
   1.3572507e+01   1.4755832e+02
   1.3581546e+01   1.4755831e+02
   1.3590584e+01   1.4755830e+02
   1.3599623e+01   1.4755829e+02
   1.3608662e+01   1.4755828e+02
   1.3617700e+01   1.4755827e+02
   1.3626739e+01   1.4755825e+02
   1.3635778e+01   1.4755824e+02
   1.3644816e+01   1.4755823e+02
   1.3653855e+01   1.4755822e+02
   1.3662894e+01   1.4755821e+02
   1.3671932e+01   1.4755820e+02
   1.3680971e+01   1.4755819e+02
   1.3690010e+01   1.4755817e+02
   1.3699048e+01   1.4755816e+02
   1.3708087e+01   1.4755815e+02
   1.3717125e+01   1.4755814e+02
   1.3726164e+01   1.4755813e+02
   1.3735203e+01   1.4755812e+02
   1.3744241e+01   1.4755811e+02
   1.3753280e+01   1.4755810e+02
   1.3762318e+01   1.4755808e+02
   1.3771357e+01   1.4755807e+02
   1.3780395e+01   1.4755806e+02
   1.3789434e+01   1.4755805e+02
   1.3798472e+01   1.4755804e+02
   1.3807511e+01   1.4755803e+02
   1.3816550e+01   1.4755802e+02
   1.3825588e+01   1.4755800e+02
   1.3834627e+01   1.4755799e+02
   1.3843665e+01   1.4755798e+02
   1.3852704e+01   1.4755797e+02
   1.3861742e+01   1.4755796e+02
   1.3870781e+01   1.4755795e+02
   1.3879819e+01   1.4755794e+02
   1.3888858e+01   1.4755792e+02
   1.3897896e+01   1.4755791e+02
   1.3906934e+01   1.4755790e+02
   1.3915973e+01   1.4755789e+02
   1.3925011e+01   1.4755788e+02
   1.3934050e+01   1.4755787e+02
   1.3943088e+01   1.4755785e+02
   1.3952127e+01   1.4755784e+02
   1.3961165e+01   1.4755783e+02
   1.3970204e+01   1.4755782e+02
   1.3979242e+01   1.4755781e+02
   1.3988280e+01   1.4755780e+02
   1.3997319e+01   1.4755779e+02
   1.4006357e+01   1.4755777e+02
   1.4015396e+01   1.4755776e+02
   1.4024434e+01   1.4755775e+02
   1.4033472e+01   1.4755774e+02
   1.4042511e+01   1.4755773e+02
   1.4051549e+01   1.4755772e+02
   1.4060587e+01   1.4755770e+02
   1.4069626e+01   1.4755769e+02
   1.4078664e+01   1.4755768e+02
   1.4087702e+01   1.4755767e+02
   1.4096741e+01   1.4755766e+02
   1.4105779e+01   1.4755765e+02
   1.4114817e+01   1.4755764e+02
   1.4123856e+01   1.4755762e+02
   1.4132894e+01   1.4755761e+02
   1.4141932e+01   1.4755760e+02
   1.4150970e+01   1.4755759e+02
   1.4160009e+01   1.4755758e+02
   1.4169047e+01   1.4755757e+02
   1.4178085e+01   1.4755755e+02
   1.4187124e+01   1.4755754e+02
   1.4196162e+01   1.4755753e+02
   1.4205200e+01   1.4755752e+02
   1.4214238e+01   1.4755751e+02
   1.4223277e+01   1.4755750e+02
   1.4232315e+01   1.4755748e+02
   1.4241353e+01   1.4755747e+02
   1.4250391e+01   1.4755746e+02
   1.4259429e+01   1.4755745e+02
   1.4268468e+01   1.4755744e+02
   1.4277506e+01   1.4755743e+02
   1.4286544e+01   1.4755741e+02
   1.4295582e+01   1.4755740e+02
   1.4304620e+01   1.4755739e+02
   1.4313658e+01   1.4755738e+02
   1.4322697e+01   1.4755737e+02
   1.4331735e+01   1.4755736e+02
   1.4340773e+01   1.4755734e+02
   1.4349811e+01   1.4755733e+02
   1.4358849e+01   1.4755732e+02
   1.4367887e+01   1.4755731e+02
   1.4376925e+01   1.4755730e+02
   1.4385963e+01   1.4755729e+02
   1.4395002e+01   1.4755727e+02
   1.4404040e+01   1.4755726e+02
   1.4413078e+01   1.4755725e+02
   1.4422116e+01   1.4755724e+02
   1.4431154e+01   1.4755723e+02
   1.4440192e+01   1.4755722e+02
   1.4449230e+01   1.4755720e+02
   1.4458268e+01   1.4755719e+02
   1.4467306e+01   1.4755718e+02
   1.4476344e+01   1.4755717e+02
   1.4485382e+01   1.4755716e+02
   1.4494420e+01   1.4755714e+02
   1.4503458e+01   1.4755713e+02
   1.4512496e+01   1.4755712e+02
   1.4521534e+01   1.4755711e+02
   1.4530572e+01   1.4755710e+02
   1.4539610e+01   1.4755709e+02
   1.4548648e+01   1.4755707e+02
   1.4557686e+01   1.4755706e+02
   1.4566724e+01   1.4755705e+02
   1.4575762e+01   1.4755704e+02
   1.4584800e+01   1.4755703e+02
   1.4593838e+01   1.4755701e+02
   1.4602876e+01   1.4755700e+02
   1.4611914e+01   1.4755699e+02
   1.4620952e+01   1.4755698e+02
   1.4629990e+01   1.4755697e+02
   1.4639028e+01   1.4755696e+02
   1.4648065e+01   1.4755694e+02
   1.4657103e+01   1.4755693e+02
   1.4666141e+01   1.4755692e+02
   1.4675179e+01   1.4755691e+02
   1.4684217e+01   1.4755690e+02
   1.4693255e+01   1.4755688e+02
   1.4702293e+01   1.4755687e+02
   1.4711331e+01   1.4755686e+02
   1.4720368e+01   1.4755685e+02
   1.4729406e+01   1.4755684e+02
   1.4738444e+01   1.4755682e+02
   1.4747482e+01   1.4755681e+02
   1.4756520e+01   1.4755680e+02
   1.4765558e+01   1.4755679e+02
   1.4774595e+01   1.4755678e+02
   1.4783633e+01   1.4755676e+02
   1.4792671e+01   1.4755675e+02
   1.4801709e+01   1.4755674e+02
   1.4810747e+01   1.4755673e+02
   1.4819784e+01   1.4755672e+02
   1.4828822e+01   1.4755670e+02
   1.4837860e+01   1.4755669e+02
   1.4846898e+01   1.4755668e+02
   1.4855935e+01   1.4755667e+02
   1.4864973e+01   1.4755666e+02
   1.4874011e+01   1.4755664e+02
   1.4883048e+01   1.4755663e+02
   1.4892086e+01   1.4755662e+02
   1.4901124e+01   1.4755661e+02
   1.4910162e+01   1.4755660e+02
   1.4919199e+01   1.4755658e+02
   1.4928237e+01   1.4755657e+02
   1.4937275e+01   1.4755656e+02
   1.4946312e+01   1.4755655e+02
   1.4955350e+01   1.4755654e+02
   1.4964388e+01   1.4755652e+02
   1.4973425e+01   1.4755651e+02
   1.4982463e+01   1.4755650e+02
   1.4991501e+01   1.4755649e+02
   1.5000538e+01   1.4755648e+02
   1.5009576e+01   1.4755646e+02
   1.5018613e+01   1.4755645e+02
   1.5027651e+01   1.4755644e+02
   1.5036689e+01   1.4755643e+02
   1.5045726e+01   1.4755642e+02
   1.5054764e+01   1.4755640e+02
   1.5063801e+01   1.4755639e+02
   1.5072839e+01   1.4755638e+02
   1.5081877e+01   1.4755637e+02
   1.5090914e+01   1.4755636e+02
   1.5099952e+01   1.4755634e+02
   1.5108989e+01   1.4755633e+02
   1.5118027e+01   1.4755632e+02
   1.5127064e+01   1.4755631e+02
   1.5136102e+01   1.4755629e+02
   1.5145139e+01   1.4755628e+02
   1.5154177e+01   1.4755627e+02
   1.5163214e+01   1.4755626e+02
   1.5172252e+01   1.4755625e+02
   1.5181289e+01   1.4755623e+02
   1.5190327e+01   1.4755622e+02
   1.5199364e+01   1.4755621e+02
   1.5208402e+01   1.4755620e+02
   1.5217439e+01   1.4755619e+02
   1.5226477e+01   1.4755617e+02
   1.5235514e+01   1.4755616e+02
   1.5244551e+01   1.4755615e+02
   1.5253589e+01   1.4755614e+02
   1.5262626e+01   1.4755612e+02
   1.5271664e+01   1.4755611e+02
   1.5280701e+01   1.4755610e+02
   1.5289738e+01   1.4755609e+02
   1.5298776e+01   1.4755608e+02
   1.5307813e+01   1.4755606e+02
   1.5316851e+01   1.4755605e+02
   1.5325888e+01   1.4755604e+02
   1.5334925e+01   1.4755603e+02
   1.5343963e+01   1.4755601e+02
   1.5353000e+01   1.4755600e+02
   1.5362037e+01   1.4755599e+02
   1.5371075e+01   1.4755598e+02
   1.5380112e+01   1.4755597e+02
   1.5389149e+01   1.4755595e+02
   1.5398187e+01   1.4755594e+02
   1.5407224e+01   1.4755593e+02
   1.5416261e+01   1.4755592e+02
   1.5425299e+01   1.4755590e+02
   1.5434336e+01   1.4755589e+02
   1.5443373e+01   1.4755588e+02
   1.5452410e+01   1.4755587e+02
   1.5461448e+01   1.4755585e+02
   1.5470485e+01   1.4755584e+02
   1.5479522e+01   1.4755583e+02
   1.5488559e+01   1.4755582e+02
   1.5497597e+01   1.4755581e+02
   1.5506717e+01   1.4755579e+02
   1.5515950e+01   1.4755578e+02
   1.5525335e+01   1.4755577e+02
   1.5534923e+01   1.4755575e+02
   1.5544784e+01   1.4755574e+02
   1.5555006e+01   1.4755573e+02
   1.5565699e+01   1.4755571e+02
   1.5577002e+01   1.4755570e+02
   1.5589077e+01   1.4755568e+02
   1.5602109e+01   1.4755566e+02
   1.5616293e+01   1.4755564e+02
   1.5631817e+01   1.4755562e+02
   1.5648838e+01   1.4755560e+02
   1.5667459e+01   1.4755557e+02
   1.5687713e+01   1.4755554e+02
   1.5709551e+01   1.4755551e+02
   1.5732859e+01   1.4755548e+02
   1.5757471e+01   1.4755545e+02
   1.5783195e+01   1.4755541e+02
   1.5809838e+01   1.4755538e+02
   1.5837219e+01   1.4755534e+02
   1.5865180e+01   1.4755530e+02
   1.5893588e+01   1.4755526e+02
   1.5922338e+01   1.4755522e+02
