398 313 0.000000
399 313 0.000000
400 313 0.000000
401 314 0.000000
400 314 0.000000
399 312 0.000000
399 311 0.000000
398 310 0.000000
392 307 0.000000
394 306 0.000000
395 306 0.000000
396 306 0.000000
397 306 0.000000
398 305 0.000000
399 305 0.000000
400 306 0.000000
399 306 0.000000
399 307 0.000000
398 307 0.000000
397 309 0.000000
397 308 0.000000
396 309 0.000000
396 308 0.000000
395 308 0.000000
395 307 0.000000
396 307 0.000000
397 307 0.000000
397 307 1.000000
397 307 0.000000
397 307 1.000000
397 307 0.000000
398 306 0.000000
406 298 0.000000
407 298 0.000000
410 304 0.000000
411 304 0.000000
412 304 0.000000
408 304 0.000000
409 304 0.000000
408 303 0.000000
408 302 0.000000
416 316 0.000000
416 319 0.000000
416 319 1.000000
416 319 0.000000
415 320 0.000000
405 316 0.000000
410 317 0.000000
411 318 0.000000
412 319 0.000000
413 320 0.000000
371 297 1.000000
396 299 0.000000
395 299 0.000000
394 297 0.000000
393 296 0.000000
391 294 0.000000
389 291 0.000000
389 290 0.000000
389 287 0.000000
389 288 0.000000
389 289 0.000000
390 286 0.000000
397 280 0.000000
397 281 1.000000
398 290 0.000000
399 290 0.000000
399 289 0.000000
398 291 0.000000
399 286 0.000000
397 281 0.000000
397 277 1.000000
398 277 1.000000
399 278 0.000000
399 278 1.000000
398 278 0.000000
398 277 0.000000
399 278 0.000000
399 278 1.000000
399 278 0.000000
400 277 0.000000
398 278 1.000000
398 278 0.000000
398 278 1.000000
398 277 1.000000
387 273 0.000000
355 199 0.000000
356 199 0.000000
358 198 0.000000
358 197 0.000000
357 195 0.000000
357 194 0.000000
356 194 0.000000
352 193 0.000000
351 192 0.000000
351 191 0.000000
350 190 0.000000
345 189 0.000000
344 189 0.000000
341 191 0.000000
340 190 0.000000
342 191 0.000000
339 192 0.000000
346 197 0.000000
346 189 0.000000
347 189 0.000000
348 189 0.000000
349 189 0.000000
320 133 0.000000
321 132 0.000000
319 127 0.000000
318 126 0.000000
318 125 0.000000
316 123 0.000000
310 118 0.000000
309 117 0.000000
306 115 0.000000
305 114 0.000000
304 113 0.000000
301 106 0.000000
301 105 0.000000
301 100 0.000000
297 95 0.000000
296 94 0.000000
295 93 0.000000
294 93 0.000000
286 94 0.000000
287 109 0.000000
285 114 0.000000
284 117 0.000000
285 117 0.000000
285 118 0.000000
286 118 0.000000
287 118 0.000000
288 118 0.000000
289 118 0.000000
291 118 0.000000
290 118 0.000000
288 117 0.000000
287 117 0.000000
286 117 0.000000
286 116 0.000000
287 116 0.000000
287 111 0.000000
287 110 0.000000
293 119 0.000000
300 122 0.000000
303 124 0.000000
303 123 0.000000
303 124 1.000000
303 124 0.000000
307 135 0.000000
306 131 0.000000
305 129 0.000000
303 125 0.000000
304 128 0.000000
266 92 0.000000
266 91 0.000000
260 66 0.000000
261 66 0.000000
261 65 0.000000
266 71 0.000000
268 75 0.000000
255 34 0.000000
255 33 0.000000
255 32 0.000000
256 38 0.000000
256 37 0.000000
256 36 0.000000
254 38 0.000000
260 49 0.000000
262 43 0.000000
463 367 0.000000
462 367 0.000000
430 367 0.000000
430 366 0.000000
463 366 0.000000
462 365 0.000000
461 364 0.000000
431 365 0.000000
432 364 0.000000
433 364 0.000000
434 364 0.000000
435 364 0.000000
436 364 0.000000
437 364 0.000000
438 364 0.000000
439 364 0.000000
440 364 0.000000
441 364 0.000000
442 364 0.000000
443 364 0.000000
444 364 0.000000
445 364 0.000000
446 364 0.000000
447 364 0.000000
448 364 0.000000
449 364 0.000000
450 364 0.000000
451 364 0.000000
452 364 0.000000
453 364 0.000000
454 364 0.000000
455 364 0.000000
456 364 0.000000
457 364 0.000000
458 364 0.000000
459 364 0.000000
460 364 0.000000
460 363 0.000000
459 363 0.000000
458 363 0.000000
458 363 1.000000
458 363 0.000000
457 363 0.000000
456 363 0.000000
455 363 0.000000
454 363 0.000000
453 363 0.000000
452 363 0.000000
451 363 0.000000
450 363 0.000000
449 363 0.000000
448 363 0.000000
447 363 0.000000
446 363 0.000000
445 363 0.000000
444 363 0.000000
443 363 0.000000
442 363 0.000000
441 363 0.000000
440 363 0.000000
439 363 0.000000
438 363 0.000000
437 363 0.000000
436 363 0.000000
435 363 0.000000
434 363 0.000000
433 363 0.000000
432 365 0.000000
431 367 0.000000
431 366 0.000000
432 367 0.000000
432 366 0.000000
433 367 0.000000
433 366 0.000000
433 365 0.000000
434 365 0.000000
434 366 0.000000
434 367 0.000000
435 367 0.000000
435 366 0.000000
435 365 0.000000
436 365 0.000000
436 366 0.000000
436 367 0.000000
437 367 0.000000
437 366 0.000000
437 365 0.000000
438 365 0.000000
438 366 0.000000
438 367 0.000000
439 367 0.000000
439 366 0.000000
439 365 0.000000
440 367 0.000000
440 366 0.000000
440 365 0.000000
441 365 0.000000
441 366 0.000000
441 367 0.000000
442 367 0.000000
442 366 0.000000
442 365 0.000000
443 365 0.000000
443 366 0.000000
443 367 0.000000
444 367 0.000000
444 366 0.000000
444 365 0.000000
445 365 0.000000
445 366 0.000000
445 367 0.000000
446 367 0.000000
446 366 0.000000
446 365 0.000000
447 365 0.000000
447 366 0.000000
447 367 0.000000
448 367 0.000000
448 366 0.000000
448 365 0.000000
449 365 0.000000
449 366 0.000000
449 367 0.000000
450 367 0.000000
450 366 0.000000
450 365 0.000000
451 365 0.000000
451 366 0.000000
451 367 0.000000
452 367 0.000000
452 366 0.000000
452 365 0.000000
453 365 0.000000
453 366 0.000000
453 367 0.000000
454 367 0.000000
454 366 0.000000
454 365 0.000000
455 365 0.000000
455 366 0.000000
455 367 0.000000
456 367 0.000000
456 366 0.000000
456 366 1.000000
462 366 0.000000
461 367 0.000000
461 366 0.000000
461 365 0.000000
460 365 0.000000
460 366 0.000000
460 367 0.000000
459 367 0.000000
459 366 0.000000
459 365 0.000000
458 365 0.000000
458 366 0.000000
458 367 0.000000
457 367 0.000000
457 366 0.000000
457 365 0.000000
456 365 0.000000
456 366 0.000000
94 202 1.000000
371 297 0.000000
370 298 0.000000
371 298 0.000000
372 298 0.000000
372 297 0.000000
372 296 0.000000
371 296 0.000000
370 296 0.000000
370 297 0.000000
94 202 0.000000
93 203 0.000000
94 203 0.000000
95 203 0.000000
95 202 0.000000
95 201 0.000000
94 201 0.000000
93 201 0.000000
93 202 0.000000
388 367 0.000000
383 367 0.000000
383 366 0.000000
383 365 0.000000
393 367 0.000000
393 366 0.000000
393 365 0.000000
393 364 0.000000
392 363 0.000000
391 363 0.000000
391 362 0.000000
390 362 0.000000
389 362 0.000000
383 364 0.000000
384 363 0.000000
385 362 0.000000
386 362 0.000000
387 362 0.000000
388 362 0.000000
384 367 0.000000
384 366 0.000000
384 365 0.000000
384 364 0.000000
385 367 0.000000
385 366 0.000000
385 365 0.000000
385 364 0.000000
385 363 0.000000
386 367 0.000000
386 366 0.000000
386 365 0.000000
386 364 0.000000
386 363 0.000000
387 367 0.000000
387 366 0.000000
387 365 0.000000
387 364 0.000000
387 363 0.000000
388 366 0.000000
388 365 0.000000
388 364 0.000000
388 363 0.000000
388 363 1.000000
388 363 0.000000
389 367 0.000000
389 366 0.000000
389 365 0.000000
389 364 0.000000
389 363 0.000000
390 367 0.000000
390 366 0.000000
390 365 0.000000
390 364 0.000000
390 363 0.000000
391 367 0.000000
391 366 0.000000
392 367 0.000000
392 366 0.000000
392 365 0.000000
392 364 0.000000
391 364 0.000000
391 365 0.000000
154 367 0.000000
154 366 0.000000
154 366 1.000000
148 367 0.000000
148 366 0.000000
148 365 0.000000
149 364 0.000000
149 364 1.000000
149 364 0.000000
150 363 0.000000
160 367 0.000000
160 366 0.000000
160 365 0.000000
159 364 0.000000
158 363 0.000000
149 367 0.000000
149 366 0.000000
149 365 0.000000
150 364 0.000000
150 365 0.000000
150 366 0.000000
150 367 0.000000
151 367 0.000000
151 366 0.000000
151 365 0.000000
151 364 0.000000
151 363 0.000000
152 363 0.000000
152 364 0.000000
152 365 0.000000
152 366 0.000000
152 367 0.000000
153 367 0.000000
153 366 0.000000
153 365 0.000000
153 364 0.000000
153 363 0.000000
154 363 0.000000
154 366 0.000000
154 365 0.000000
154 364 0.000000
154 364 1.000000
155 367 0.000000
155 367 1.000000
154 364 0.000000
154 364 1.000000
154 364 0.000000
155 363 0.000000
155 364 0.000000
155 365 0.000000
155 366 0.000000
155 367 0.000000
156 367 0.000000
156 366 0.000000
156 365 0.000000
156 364 0.000000
156 363 0.000000
157 363 0.000000
157 363 1.000000
159 367 0.000000
158 367 0.000000
157 367 0.000000
157 366 0.000000
158 366 0.000000
159 366 0.000000
159 365 0.000000
158 365 0.000000
158 364 0.000000
157 365 0.000000
157 364 0.000000
157 363 0.000000
423 367 0.000000
423 366 0.000000
424 365 0.000000
425 364 0.000000
426 363 0.000000
427 363 0.000000
428 363 0.000000
424 367 0.000000
424 366 0.000000
425 367 0.000000
425 366 0.000000
425 365 0.000000
426 367 0.000000
426 366 0.000000
426 365 0.000000
426 364 0.000000
427 367 0.000000
427 366 0.000000
427 365 0.000000
427 364 0.000000
428 364 0.000000
428 365 0.000000
428 366 0.000000
428 367 0.000000
429 367 0.000000
429 366 0.000000
429 365 0.000000
429 364 0.000000
429 363 0.000000
430 363 0.000000
430 364 0.000000
430 365 0.000000
431 364 0.000000
431 363 0.000000
432 363 0.000000
505 79 0.000000
504 78 0.000000
503 77 0.000000
502 76 0.000000
502 23 0.000000
502 22 0.000000
503 21 0.000000
504 20 0.000000
505 19 0.000000
502 75 0.000000
502 74 0.000000
502 73 0.000000
502 72 0.000000
502 71 0.000000
502 70 0.000000
502 69 0.000000
502 68 0.000000
502 67 0.000000
502 66 0.000000
502 65 0.000000
502 64 0.000000
502 63 0.000000
502 62 0.000000
502 61 0.000000
502 60 0.000000
502 59 0.000000
502 58 0.000000
502 57 0.000000
502 56 0.000000
502 55 0.000000
502 54 0.000000
502 53 0.000000
502 52 0.000000
502 51 0.000000
502 50 0.000000
503 76 0.000000
503 76 1.000000
505 78 0.000000
504 77 0.000000
503 76 0.000000
503 75 0.000000
503 74 0.000000
503 73 0.000000
503 72 0.000000
503 71 0.000000
503 70 0.000000
503 69 0.000000
503 68 0.000000
503 67 0.000000
503 66 0.000000
503 65 0.000000
503 64 0.000000
503 63 0.000000
503 62 0.000000
503 61 0.000000
503 60 0.000000
503 59 0.000000
503 58 0.000000
503 57 0.000000
503 56 0.000000
503 55 0.000000
503 54 0.000000
503 53 0.000000
503 52 0.000000
503 51 0.000000
503 50 0.000000
504 76 0.000000
504 75 0.000000
504 74 0.000000
504 73 0.000000
504 72 0.000000
504 71 0.000000
504 70 0.000000
504 69 0.000000
504 68 0.000000
504 67 0.000000
504 66 0.000000
504 65 0.000000
504 64 0.000000
504 63 0.000000
504 62 0.000000
504 61 0.000000
504 60 0.000000
504 59 0.000000
504 58 0.000000
504 57 0.000000
504 56 0.000000
504 55 0.000000
504 54 0.000000
504 53 0.000000
504 52 0.000000
504 51 0.000000
504 50 0.000000
505 50 0.000000
505 51 0.000000
505 52 0.000000
505 53 0.000000
505 54 0.000000
505 55 0.000000
505 56 0.000000
505 57 0.000000
505 58 0.000000
505 59 0.000000
505 60 0.000000
505 77 0.000000
505 76 0.000000
505 75 0.000000
505 74 0.000000
505 73 0.000000
505 72 0.000000
505 71 0.000000
505 70 0.000000
505 69 0.000000
505 68 0.000000
505 67 0.000000
505 66 0.000000
505 65 0.000000
505 64 0.000000
505 63 0.000000
505 62 0.000000
505 61 0.000000
502 49 0.000000
502 48 0.000000
502 47 0.000000
502 46 0.000000
502 45 0.000000
502 44 0.000000
502 43 0.000000
502 42 0.000000
502 41 0.000000
502 40 0.000000
502 39 0.000000
502 38 0.000000
502 37 0.000000
502 36 0.000000
502 35 0.000000
502 34 0.000000
502 33 0.000000
502 32 0.000000
502 31 0.000000
502 30 0.000000
503 49 0.000000
503 48 0.000000
503 47 0.000000
503 46 0.000000
503 45 0.000000
503 44 0.000000
503 43 0.000000
503 42 0.000000
503 41 0.000000
503 40 0.000000
503 39 0.000000
503 38 0.000000
503 37 0.000000
503 36 0.000000
503 35 0.000000
504 49 0.000000
504 48 0.000000
504 47 0.000000
504 46 0.000000
504 45 0.000000
504 44 0.000000
504 43 0.000000
504 41 0.000000
504 42 0.000000
504 40 0.000000
504 39 0.000000
504 38 0.000000
504 37 0.000000
504 36 0.000000
504 35 0.000000
505 35 0.000000
505 36 0.000000
505 37 0.000000
505 38 0.000000
505 39 0.000000
505 40 0.000000
505 41 0.000000
505 42 0.000000
505 43 0.000000
505 44 0.000000
505 45 0.000000
505 46 0.000000
505 47 0.000000
505 48 0.000000
505 49 0.000000
503 34 0.000000
502 29 0.000000
502 28 0.000000
502 27 0.000000
502 26 0.000000
502 25 0.000000
502 24 0.000000
503 22 0.000000
503 23 0.000000
503 24 0.000000
503 25 0.000000
503 26 0.000000
503 27 0.000000
503 28 0.000000
503 29 0.000000
503 30 0.000000
503 31 0.000000
503 32 0.000000
503 33 0.000000
504 34 0.000000
504 33 0.000000
504 32 0.000000
504 31 0.000000
504 30 0.000000
504 29 0.000000
504 27 0.000000
504 28 0.000000
504 26 0.000000
504 25 0.000000
504 24 0.000000
504 23 0.000000
504 22 0.000000
504 21 0.000000
505 20 0.000000
505 21 0.000000
505 22 0.000000
505 23 0.000000
505 24 0.000000
505 25 0.000000
505 26 0.000000
505 27 0.000000
505 28 0.000000
505 29 0.000000
505 30 0.000000
505 31 0.000000
505 32 0.000000
505 33 0.000000
505 34 0.000000
427 362 0.000000
428 361 0.000000
429 360 0.000000
430 359 0.000000
459 362 0.000000
458 361 0.000000
457 360 0.000000
456 359 0.000000
458 362 0.000000
457 362 0.000000
457 361 0.000000
456 362 0.000000
456 361 0.000000
456 360 0.000000
455 359 0.000000
455 360 0.000000
455 361 0.000000
455 362 0.000000
454 362 0.000000
454 361 0.000000
454 360 0.000000
454 359 0.000000
453 359 0.000000
453 360 0.000000
453 361 0.000000
453 362 0.000000
452 362 0.000000
452 361 0.000000
452 360 0.000000
452 359 0.000000
451 359 0.000000
451 360 0.000000
451 361 0.000000
451 362 0.000000
450 362 0.000000
450 361 0.000000
450 360 0.000000
450 359 0.000000
449 359 0.000000
449 360 0.000000
449 361 0.000000
449 362 0.000000
448 362 0.000000
448 361 0.000000
448 360 0.000000
448 359 0.000000
447 359 0.000000
447 360 0.000000
447 361 0.000000
447 362 0.000000
446 362 0.000000
446 361 0.000000
446 360 0.000000
446 359 0.000000
445 359 0.000000
445 360 0.000000
445 361 0.000000
445 362 0.000000
444 362 0.000000
444 361 0.000000
444 360 0.000000
444 359 0.000000
443 359 0.000000
443 360 0.000000
443 361 0.000000
443 362 0.000000
442 362 0.000000
442 361 0.000000
442 360 0.000000
442 359 0.000000
441 359 0.000000
441 360 0.000000
441 361 0.000000
441 362 0.000000
440 362 0.000000
440 361 0.000000
440 360 0.000000
440 359 0.000000
439 359 0.000000
439 360 0.000000
439 361 0.000000
439 362 0.000000
438 362 0.000000
438 361 0.000000
438 360 0.000000
438 359 0.000000
437 359 0.000000
437 360 0.000000
437 361 0.000000
437 362 0.000000
436 362 0.000000
436 361 0.000000
436 360 0.000000
436 359 0.000000
435 359 0.000000
435 360 0.000000
435 361 0.000000
435 362 0.000000
434 362 0.000000
434 361 0.000000
434 360 0.000000
434 359 0.000000
433 359 0.000000
433 360 0.000000
433 361 0.000000
433 362 0.000000
432 362 0.000000
432 361 0.000000
432 360 0.000000
432 359 0.000000
431 359 0.000000
431 360 0.000000
431 361 0.000000
431 362 0.000000
430 362 0.000000
430 361 0.000000
430 360 0.000000
428 362 0.000000
429 362 0.000000
429 361 0.000000
372 298 0.000000
371 299 0.000000
372 299 0.000000
373 299 0.000000
373 298 0.000000
371 298 0.000000
371 297 0.000000
372 297 0.000000
373 297 0.000000
373 297 1.000000
372 300 0.000000
370 298 0.000000
372 296 0.000000
373 297 0.000000
374 298 0.000000
95 203 0.000000
94 204 0.000000
95 204 0.000000
96 204 0.000000
96 204 1.000000
96 204 0.000000
96 203 0.000000
96 202 0.000000
95 202 0.000000
94 202 0.000000
94 203 0.000000
93 203 0.000000
95 205 0.000000
95 205 1.000000
95 205 0.000000
97 203 0.000000
95 201 0.000000
260 65 1.000000
260 66 1.000000
261 66 1.000000
260 66 0.000000
261 66 0.000000
262 66 0.000000
262 65 0.000000
262 64 0.000000
261 64 0.000000
260 64 0.000000
260 65 0.000000
261 67 0.000000
259 65 0.000000
261 63 0.000000
263 65 0.000000
266 92 1.000000
266 91 1.000000
265 91 1.000000
265 92 1.000000
266 92 0.000000
265 93 0.000000
266 93 0.000000
267 93 0.000000
267 92 0.000000
265 92 0.000000
265 91 0.000000
266 91 0.000000
267 91 0.000000
268 92 0.000000
266 94 0.000000
264 92 0.000000
266 90 0.000000
398 279 0.000000
397 279 0.000000
397 278 0.000000
398 278 0.000000
398 277 0.000000
399 276 0.000000
399 279 0.000000
398 281 0.000000
398 280 0.000000
399 276 1.000000
396 278 0.000000
395 278 0.000000
396 277 0.000000
397 277 0.000000
423 367 0.000000
423 366 0.000000
424 365 0.000000
425 364 0.000000
426 364 0.000000
426 363 0.000000
427 363 0.000000
428 363 0.000000
429 363 0.000000
430 363 0.000000
431 363 0.000000
432 363 0.000000
431 364 0.000000
430 365 0.000000
430 364 0.000000
429 367 0.000000
429 366 0.000000
429 365 0.000000
429 364 0.000000
428 364 0.000000
428 365 0.000000
428 366 0.000000
428 367 0.000000
427 367 0.000000
427 366 0.000000
427 365 0.000000
427 364 0.000000
426 365 0.000000
426 366 0.000000
426 367 0.000000
425 367 0.000000
425 366 0.000000
425 365 0.000000
424 366 0.000000
424 367 0.000000
