   1.5922338e+01   1.4755522e+02
   1.5922338e+01   1.4749497e+02
   1.5922338e+01   1.4743519e+02
   1.5922338e+01   1.4737597e+02
   1.5922338e+01   1.4731740e+02
   1.5922338e+01   1.4725959e+02
   1.5922338e+01   1.4720265e+02
   1.5922338e+01   1.4714671e+02
   1.5922338e+01   1.4709192e+02
   1.5922338e+01   1.4703843e+02
   1.5922338e+01   1.4698640e+02
   1.5922338e+01   1.4693601e+02
   1.5922338e+01   1.4688740e+02
   1.5922338e+01   1.4684075e+02
   1.5922338e+01   1.4679619e+02
   1.5922338e+01   1.4675386e+02
   1.5922338e+01   1.4671385e+02
   1.5922338e+01   1.4667623e+02
   1.5922338e+01   1.4664103e+02
   1.5922338e+01   1.4660824e+02
   1.5922338e+01   1.4657782e+02
   1.5922338e+01   1.4654969e+02
   1.5922338e+01   1.4652373e+02
   1.5922338e+01   1.4649981e+02
   1.5922338e+01   1.4647779e+02
   1.5922338e+01   1.4645749e+02
   1.5922338e+01   1.4643875e+02
   1.5922338e+01   1.4642141e+02
   1.5922338e+01   1.4640531e+02
   1.5922338e+01   1.4639029e+02
   1.5922338e+01   1.4637623e+02
   1.5922338e+01   1.4636299e+02
   1.5922338e+01   1.4635047e+02
   1.5922338e+01   1.4633855e+02
   1.5922338e+01   1.4632716e+02
   1.5922338e+01   1.4631621e+02
   1.5922338e+01   1.4630564e+02
   1.5922338e+01   1.4629539e+02
   1.5922338e+01   1.4628542e+02
   1.5922338e+01   1.4627567e+02
   1.5922338e+01   1.4626611e+02
   1.5922338e+01   1.4625672e+02
   1.5922338e+01   1.4624747e+02
   1.5922338e+01   1.4623833e+02
   1.5922338e+01   1.4622919e+02
   1.5922338e+01   1.4622005e+02
   1.5922338e+01   1.4621091e+02
   1.5922338e+01   1.4620177e+02
   1.5922338e+01   1.4619263e+02
   1.5922338e+01   1.4618349e+02
   1.5922338e+01   1.4617436e+02
   1.5922338e+01   1.4616522e+02
   1.5922338e+01   1.4615608e+02
   1.5922338e+01   1.4614694e+02
   1.5922338e+01   1.4613780e+02
   1.5922338e+01   1.4612866e+02
   1.5922338e+01   1.4611952e+02
   1.5922338e+01   1.4611038e+02
   1.5922338e+01   1.4610124e+02
   1.5922338e+01   1.4609210e+02
   1.5922338e+01   1.4608296e+02
   1.5922338e+01   1.4607382e+02
   1.5922338e+01   1.4606468e+02
   1.5922338e+01   1.4605555e+02
   1.5922338e+01   1.4604641e+02
   1.5922338e+01   1.4603727e+02
   1.5922338e+01   1.4602813e+02
   1.5922338e+01   1.4601899e+02
   1.5922338e+01   1.4600985e+02
   1.5922338e+01   1.4600071e+02
   1.5922338e+01   1.4599157e+02
   1.5922338e+01   1.4598243e+02
   1.5922338e+01   1.4597329e+02
   1.5922338e+01   1.4596415e+02
   1.5922338e+01   1.4595501e+02
   1.5922338e+01   1.4594588e+02
   1.5922338e+01   1.4593674e+02
   1.5922338e+01   1.4592760e+02
   1.5922338e+01   1.4591846e+02
   1.5922338e+01   1.4590932e+02
   1.5922338e+01   1.4590018e+02
   1.5922338e+01   1.4589104e+02
   1.5922338e+01   1.4588190e+02
   1.5922338e+01   1.4587276e+02
   1.5922338e+01   1.4586362e+02
   1.5922338e+01   1.4585448e+02
   1.5922338e+01   1.4584534e+02
   1.5922338e+01   1.4583620e+02
   1.5922338e+01   1.4582707e+02
   1.5922338e+01   1.4581793e+02
   1.5922338e+01   1.4580879e+02
   1.5922338e+01   1.4579965e+02
   1.5922338e+01   1.4579051e+02
   1.5922338e+01   1.4578137e+02
   1.5922338e+01   1.4577223e+02
   1.5922338e+01   1.4576309e+02
   1.5922338e+01   1.4575395e+02
   1.5922338e+01   1.4574481e+02
   1.5922338e+01   1.4573567e+02
   1.5922338e+01   1.4572653e+02
   1.5922338e+01   1.4571740e+02
   1.5922338e+01   1.4570826e+02
   1.5922338e+01   1.4569912e+02
   1.5922338e+01   1.4568998e+02
   1.5922338e+01   1.4568084e+02
   1.5922338e+01   1.4567170e+02
   1.5922338e+01   1.4566256e+02
   1.5922338e+01   1.4565342e+02
   1.5922338e+01   1.4564428e+02
   1.5922338e+01   1.4563514e+02
   1.5922338e+01   1.4562600e+02
   1.5922338e+01   1.4561686e+02
   1.5922338e+01   1.4560772e+02
   1.5922338e+01   1.4559859e+02
   1.5922338e+01   1.4558945e+02
   1.5922338e+01   1.4558031e+02
   1.5922338e+01   1.4557117e+02
   1.5922338e+01   1.4556203e+02
   1.5922338e+01   1.4555289e+02
   1.5922338e+01   1.4554375e+02
   1.5922338e+01   1.4553461e+02
   1.5922338e+01   1.4552547e+02
   1.5922338e+01   1.4551633e+02
   1.5922338e+01   1.4550719e+02
   1.5922338e+01   1.4549805e+02
   1.5922338e+01   1.4548892e+02
   1.5922338e+01   1.4547978e+02
   1.5922338e+01   1.4547064e+02
   1.5922338e+01   1.4546150e+02
   1.5922338e+01   1.4545236e+02
   1.5922338e+01   1.4544322e+02
   1.5922338e+01   1.4543408e+02
   1.5922338e+01   1.4542494e+02
   1.5922338e+01   1.4541580e+02
   1.5922338e+01   1.4540666e+02
   1.5922338e+01   1.4539752e+02
   1.5922338e+01   1.4538838e+02
   1.5922338e+01   1.4537924e+02
   1.5922338e+01   1.4537011e+02
   1.5922338e+01   1.4536097e+02
   1.5922338e+01   1.4535183e+02
   1.5922338e+01   1.4534269e+02
   1.5922338e+01   1.4533355e+02
   1.5922338e+01   1.4532441e+02
   1.5922338e+01   1.4531527e+02
   1.5922338e+01   1.4530613e+02
   1.5922338e+01   1.4529699e+02
   1.5922338e+01   1.4528785e+02
   1.5922338e+01   1.4527871e+02
   1.5922338e+01   1.4526957e+02
   1.5922338e+01   1.4526044e+02
   1.5922338e+01   1.4525130e+02
   1.5922338e+01   1.4524216e+02
   1.5922338e+01   1.4523302e+02
   1.5922338e+01   1.4522388e+02
   1.5922338e+01   1.4521474e+02
   1.5922338e+01   1.4520560e+02
   1.5922338e+01   1.4519646e+02
   1.5922338e+01   1.4518732e+02
   1.5922338e+01   1.4517818e+02
   1.5922338e+01   1.4516904e+02
   1.5922338e+01   1.4515990e+02
   1.5922338e+01   1.4515076e+02
   1.5922338e+01   1.4514163e+02
   1.5922338e+01   1.4513249e+02
   1.5922338e+01   1.4512335e+02
   1.5922338e+01   1.4511421e+02
   1.5922338e+01   1.4510507e+02
   1.5922338e+01   1.4509593e+02
   1.5922338e+01   1.4508679e+02
   1.5922338e+01   1.4507765e+02
   1.5922338e+01   1.4506851e+02
   1.5922338e+01   1.4505937e+02
   1.5922338e+01   1.4505023e+02
   1.5922338e+01   1.4504109e+02
   1.5922338e+01   1.4503196e+02
   1.5922338e+01   1.4502282e+02
   1.5922338e+01   1.4501368e+02
   1.5922338e+01   1.4500454e+02
   1.5922338e+01   1.4499540e+02
   1.5922338e+01   1.4498626e+02
   1.5922338e+01   1.4497712e+02
   1.5922338e+01   1.4496798e+02
   1.5922338e+01   1.4495884e+02
   1.5922338e+01   1.4494970e+02
   1.5922338e+01   1.4494056e+02
   1.5922338e+01   1.4493142e+02
   1.5922338e+01   1.4492228e+02
   1.5922338e+01   1.4491315e+02
   1.5922338e+01   1.4490401e+02
   1.5922338e+01   1.4489487e+02
   1.5922338e+01   1.4488573e+02
   1.5922338e+01   1.4487659e+02
   1.5922338e+01   1.4486745e+02
   1.5922338e+01   1.4485831e+02
   1.5922338e+01   1.4484917e+02
   1.5922338e+01   1.4484003e+02
   1.5922338e+01   1.4483089e+02
   1.5922338e+01   1.4482175e+02
   1.5922338e+01   1.4481261e+02
   1.5922338e+01   1.4480348e+02
   1.5922338e+01   1.4479434e+02
   1.5922338e+01   1.4478520e+02
   1.5922338e+01   1.4477606e+02
   1.5922338e+01   1.4476692e+02
   1.5922338e+01   1.4475778e+02
   1.5922338e+01   1.4474864e+02
   1.5922338e+01   1.4473950e+02
   1.5922338e+01   1.4473036e+02
   1.5922338e+01   1.4472122e+02
   1.5922338e+01   1.4471208e+02
   1.5922338e+01   1.4470294e+02
   1.5922338e+01   1.4469380e+02
   1.5922338e+01   1.4468467e+02
   1.5922338e+01   1.4467553e+02
   1.5922338e+01   1.4466639e+02
   1.5922338e+01   1.4465725e+02
   1.5922338e+01   1.4464811e+02
   1.5922338e+01   1.4463897e+02
   1.5922338e+01   1.4462983e+02
   1.5922338e+01   1.4462069e+02
   1.5922338e+01   1.4461155e+02
   1.5922338e+01   1.4460241e+02
   1.5922338e+01   1.4459327e+02
   1.5922338e+01   1.4458413e+02
   1.5922338e+01   1.4457500e+02
   1.5922338e+01   1.4456586e+02
   1.5922338e+01   1.4455672e+02
   1.5922338e+01   1.4454758e+02
   1.5922338e+01   1.4453844e+02
   1.5922338e+01   1.4452930e+02
   1.5922338e+01   1.4452016e+02
   1.5922338e+01   1.4451102e+02
   1.5922338e+01   1.4450188e+02
   1.5922338e+01   1.4449274e+02
   1.5922338e+01   1.4448360e+02
   1.5922338e+01   1.4447446e+02
   1.5922338e+01   1.4446533e+02
   1.5922338e+01   1.4445619e+02
   1.5922338e+01   1.4444705e+02
   1.5922338e+01   1.4443791e+02
   1.5922338e+01   1.4442877e+02
   1.5922338e+01   1.4441963e+02
   1.5922338e+01   1.4441049e+02
   1.5922338e+01   1.4440135e+02
   1.5922338e+01   1.4439221e+02
   1.5922338e+01   1.4438307e+02
   1.5922338e+01   1.4437393e+02
   1.5922338e+01   1.4436479e+02
   1.5922338e+01   1.4435565e+02
   1.5922338e+01   1.4434652e+02
   1.5922338e+01   1.4433738e+02
   1.5922338e+01   1.4432824e+02
   1.5922338e+01   1.4431910e+02
   1.5922338e+01   1.4430996e+02
   1.5922338e+01   1.4430082e+02
   1.5922338e+01   1.4429168e+02
   1.5922338e+01   1.4428254e+02
   1.5922338e+01   1.4427340e+02
   1.5922338e+01   1.4426426e+02
   1.5922338e+01   1.4425512e+02
   1.5922338e+01   1.4424598e+02
   1.5922338e+01   1.4423685e+02
   1.5922338e+01   1.4422771e+02
   1.5922338e+01   1.4421857e+02
   1.5922338e+01   1.4420943e+02
   1.5922338e+01   1.4420029e+02
   1.5922338e+01   1.4419115e+02
   1.5922338e+01   1.4418201e+02
   1.5922338e+01   1.4417287e+02
   1.5922338e+01   1.4416373e+02
   1.5922338e+01   1.4415459e+02
   1.5922338e+01   1.4414545e+02
   1.5922338e+01   1.4413631e+02
   1.5922338e+01   1.4412717e+02
   1.5922338e+01   1.4411804e+02
   1.5922338e+01   1.4410890e+02
   1.5922338e+01   1.4409976e+02
   1.5922338e+01   1.4409062e+02
   1.5922338e+01   1.4408148e+02
   1.5922338e+01   1.4407234e+02
   1.5922338e+01   1.4406320e+02
   1.5922338e+01   1.4405406e+02
   1.5922338e+01   1.4404492e+02
   1.5922338e+01   1.4403578e+02
   1.5922338e+01   1.4402664e+02
   1.5922338e+01   1.4401750e+02
   1.5922338e+01   1.4400837e+02
   1.5922338e+01   1.4399923e+02
   1.5922338e+01   1.4399009e+02
   1.5922338e+01   1.4398095e+02
   1.5922338e+01   1.4397181e+02
   1.5922338e+01   1.4396267e+02
   1.5922338e+01   1.4395353e+02
   1.5922338e+01   1.4394439e+02
   1.5922338e+01   1.4393525e+02
   1.5922338e+01   1.4392611e+02
   1.5922338e+01   1.4391697e+02
   1.5922338e+01   1.4390783e+02
   1.5922338e+01   1.4389869e+02
   1.5922338e+01   1.4388956e+02
   1.5922338e+01   1.4388042e+02
   1.5922338e+01   1.4387128e+02
   1.5922338e+01   1.4386214e+02
   1.5922338e+01   1.4385300e+02
   1.5922338e+01   1.4384386e+02
   1.5922338e+01   1.4383472e+02
   1.5922338e+01   1.4382558e+02
   1.5922338e+01   1.4381644e+02
   1.5922338e+01   1.4380730e+02
   1.5922338e+01   1.4379816e+02
   1.5922338e+01   1.4378902e+02
   1.5922338e+01   1.4377989e+02
   1.5922338e+01   1.4377075e+02
   1.5922338e+01   1.4376161e+02
   1.5922338e+01   1.4375247e+02
   1.5922338e+01   1.4374333e+02
   1.5922338e+01   1.4373419e+02
   1.5922338e+01   1.4372505e+02
   1.5922338e+01   1.4371591e+02
   1.5922338e+01   1.4370677e+02
   1.5922338e+01   1.4369763e+02
   1.5922338e+01   1.4368849e+02
   1.5922338e+01   1.4367935e+02
   1.5922338e+01   1.4367021e+02
   1.5922338e+01   1.4366108e+02
   1.5922338e+01   1.4365194e+02
   1.5922338e+01   1.4364280e+02
   1.5922338e+01   1.4363366e+02
   1.5922338e+01   1.4362452e+02
   1.5922338e+01   1.4361538e+02
   1.5922338e+01   1.4360624e+02
   1.5922338e+01   1.4359710e+02
   1.5922338e+01   1.4358796e+02
   1.5922338e+01   1.4357882e+02
   1.5922338e+01   1.4356968e+02
   1.5922338e+01   1.4356054e+02
   1.5922338e+01   1.4355141e+02
   1.5922338e+01   1.4354227e+02
   1.5922338e+01   1.4353313e+02
   1.5922338e+01   1.4352399e+02
   1.5922338e+01   1.4351485e+02
   1.5922338e+01   1.4350571e+02
   1.5922338e+01   1.4349657e+02
   1.5922338e+01   1.4348743e+02
   1.5922338e+01   1.4347829e+02
   1.5922338e+01   1.4346915e+02
   1.5922338e+01   1.4346001e+02
   1.5922338e+01   1.4345087e+02
   1.5922338e+01   1.4344173e+02
   1.5922338e+01   1.4343260e+02
   1.5922338e+01   1.4342346e+02
   1.5922338e+01   1.4341432e+02
   1.5922338e+01   1.4340518e+02
   1.5922338e+01   1.4339604e+02
   1.5922338e+01   1.4338690e+02
   1.5922338e+01   1.4337776e+02
   1.5922338e+01   1.4336862e+02
   1.5922338e+01   1.4335948e+02
   1.5922338e+01   1.4335034e+02
   1.5922338e+01   1.4334120e+02
   1.5922338e+01   1.4333206e+02
   1.5922338e+01   1.4332293e+02
   1.5922338e+01   1.4331379e+02
   1.5922338e+01   1.4330465e+02
   1.5922338e+01   1.4329551e+02
   1.5922338e+01   1.4328637e+02
   1.5922338e+01   1.4327723e+02
   1.5922338e+01   1.4326809e+02
   1.5922338e+01   1.4325895e+02
   1.5922338e+01   1.4324981e+02
   1.5922338e+01   1.4324067e+02
   1.5922338e+01   1.4323153e+02
   1.5922338e+01   1.4322239e+02
   1.5922338e+01   1.4321325e+02
   1.5922338e+01   1.4320412e+02
   1.5922338e+01   1.4319498e+02
   1.5922338e+01   1.4318584e+02
   1.5922338e+01   1.4317670e+02
   1.5922338e+01   1.4316756e+02
   1.5922338e+01   1.4315842e+02
   1.5922338e+01   1.4314928e+02
   1.5922338e+01   1.4314014e+02
   1.5922338e+01   1.4313100e+02
   1.5922338e+01   1.4312186e+02
   1.5922338e+01   1.4311272e+02
   1.5922338e+01   1.4310358e+02
   1.5922338e+01   1.4309445e+02
   1.5922338e+01   1.4308531e+02
   1.5922338e+01   1.4307617e+02
   1.5922338e+01   1.4306703e+02
   1.5922338e+01   1.4305789e+02
   1.5922338e+01   1.4304875e+02
   1.5922338e+01   1.4303961e+02
   1.5922338e+01   1.4303047e+02
   1.5922338e+01   1.4302133e+02
   1.5922338e+01   1.4301219e+02
   1.5922338e+01   1.4300305e+02
   1.5922338e+01   1.4299391e+02
   1.5922338e+01   1.4298477e+02
   1.5922338e+01   1.4297564e+02
   1.5922338e+01   1.4296648e+02
   1.5922338e+01   1.4295730e+02
   1.5922338e+01   1.4294810e+02
   1.5922338e+01   1.4293888e+02
   1.5922338e+01   1.4292963e+02
   1.5922338e+01   1.4292036e+02
   1.5922338e+01   1.4291106e+02
   1.5922338e+01   1.4290173e+02
   1.5922338e+01   1.4289237e+02
   1.5922338e+01   1.4288297e+02
   1.5922338e+01   1.4287354e+02
   1.5922338e+01   1.4286407e+02
   1.5922338e+01   1.4285455e+02
   1.5922338e+01   1.4284499e+02
   1.5922338e+01   1.4283538e+02
   1.5922338e+01   1.4282571e+02
   1.5922338e+01   1.4281600e+02
   1.5922338e+01   1.4280622e+02
   1.5922338e+01   1.4279638e+02
   1.5922338e+01   1.4278647e+02
   1.5922338e+01   1.4277649e+02
   1.5922338e+01   1.4276643e+02
   1.5922338e+01   1.4275629e+02
   1.5922338e+01   1.4274606e+02
   1.5922338e+01   1.4273573e+02
   1.5922338e+01   1.4272531e+02
   1.5922338e+01   1.4271478e+02
   1.5922338e+01   1.4270414e+02
   1.5922338e+01   1.4269337e+02
   1.5922338e+01   1.4268248e+02
   1.5922338e+01   1.4267145e+02
   1.5922338e+01   1.4266028e+02
   1.5922338e+01   1.4264896e+02
   1.5922338e+01   1.4263748e+02
   1.5922338e+01   1.4262582e+02
   1.5922338e+01   1.4261399e+02
   1.5922338e+01   1.4260196e+02
   1.5922338e+01   1.4258974e+02
   1.5922338e+01   1.4257730e+02
   1.5922338e+01   1.4256465e+02
   1.5922338e+01   1.4255176e+02
   1.5922338e+01   1.4253863e+02
   1.5922338e+01   1.4252524e+02
   1.5922338e+01   1.4251159e+02
   1.5922338e+01   1.4249766e+02
   1.5922338e+01   1.4248344e+02
   1.5922338e+01   1.4246893e+02
   1.5922338e+01   1.4245410e+02
   1.5922338e+01   1.4243895e+02
   1.5922338e+01   1.4242347e+02
   1.5922338e+01   1.4240765e+02
   1.5922338e+01   1.4239147e+02
   1.5922338e+01   1.4237493e+02
   1.5922338e+01   1.4235803e+02
   1.5922338e+01   1.4234074e+02
   1.5922338e+01   1.4232307e+02
   1.5922338e+01   1.4230501e+02
   1.5922338e+01   1.4228655e+02
   1.5922338e+01   1.4226769e+02
   1.5922338e+01   1.4224843e+02
   1.5922338e+01   1.4222875e+02
   1.5922338e+01   1.4220867e+02
   1.5922338e+01   1.4218818e+02
   1.5922338e+01   1.4216728e+02
   1.5922338e+01   1.4214598e+02
   1.5922338e+01   1.4212427e+02
   1.5922338e+01   1.4210215e+02
   1.5922338e+01   1.4207965e+02
   1.5922338e+01   1.4205675e+02
   1.5922338e+01   1.4203347e+02
   1.5922338e+01   1.4200981e+02
   1.5922338e+01   1.4198578e+02
   1.5922338e+01   1.4196140e+02
   1.5922338e+01   1.4193666e+02
   1.5922338e+01   1.4191159e+02
   1.5922338e+01   1.4188618e+02
   1.5922338e+01   1.4186045e+02
   1.5922338e+01   1.4183442e+02
   1.5922338e+01   1.4180809e+02
   1.5922338e+01   1.4178147e+02
   1.5922338e+01   1.4175458e+02
   1.5922338e+01   1.4172742e+02
   1.5922338e+01   1.4170001e+02
   1.5922338e+01   1.4167236e+02
   1.5922338e+01   1.4164448e+02
   1.5922338e+01   1.4161639e+02
   1.5922338e+01   1.4158808e+02
   1.5922338e+01   1.4155958e+02
   1.5922338e+01   1.4153088e+02
   1.5922338e+01   1.4150201e+02
   1.5922338e+01   1.4147297e+02
   1.5922338e+01   1.4144378e+02
   1.5922338e+01   1.4141443e+02
   1.5922338e+01   1.4138494e+02
   1.5922338e+01   1.4135531e+02
   1.5922338e+01   1.4132556e+02
   1.5922338e+01   1.4129569e+02
   1.5922338e+01   1.4126571e+02
   1.5922338e+01   1.4123562e+02
   1.5922338e+01   1.4120544e+02
   1.5922338e+01   1.4117516e+02
   1.5922338e+01   1.4114479e+02
   1.5922338e+01   1.4111434e+02
   1.5922338e+01   1.4108382e+02
