   1.2102629e+01   1.4108935e+02
   1.2102629e+01   1.4111988e+02
   1.2102629e+01   1.4115033e+02
   1.2102629e+01   1.4118071e+02
   1.2102629e+01   1.4121099e+02
   1.2102629e+01   1.4124118e+02
   1.2102629e+01   1.4127128e+02
   1.2102629e+01   1.4130127e+02
   1.2102629e+01   1.4133114e+02
   1.2102629e+01   1.4136090e+02
   1.2102629e+01   1.4139053e+02
   1.2102629e+01   1.4142003e+02
   1.2102629e+01   1.4144938e+02
   1.2102629e+01   1.4147859e+02
   1.2102629e+01   1.4150763e+02
   1.2102629e+01   1.4153651e+02
   1.2102629e+01   1.4156521e+02
   1.2102629e+01   1.4159372e+02
   1.2102629e+01   1.4162203e+02
   1.2102629e+01   1.4165014e+02
   1.2102629e+01   1.4167802e+02
   1.2102629e+01   1.4170568e+02
   1.2102629e+01   1.4173309e+02
   1.2102629e+01   1.4176025e+02
   1.2102629e+01   1.4178715e+02
   1.2102629e+01   1.4181378e+02
   1.2102629e+01   1.4184012e+02
   1.2102629e+01   1.4186616e+02
   1.2102629e+01   1.4189189e+02
   1.2102629e+01   1.4191730e+02
   1.2102629e+01   1.4194238e+02
   1.2102629e+01   1.4196712e+02
   1.2102629e+01   1.4199151e+02
   1.2102629e+01   1.4201554e+02
   1.2102629e+01   1.4203921e+02
   1.2102629e+01   1.4206249e+02
   1.2102629e+01   1.4208540e+02
   1.2102629e+01   1.4210791e+02
   1.2102629e+01   1.4213002e+02
   1.2102629e+01   1.4215174e+02
   1.2102629e+01   1.4217305e+02
   1.2102629e+01   1.4219396e+02
   1.2102629e+01   1.4221445e+02
   1.2102629e+01   1.4223454e+02
   1.2102629e+01   1.4225421e+02
   1.2102629e+01   1.4227348e+02
   1.2102629e+01   1.4229235e+02
   1.2102629e+01   1.4231081e+02
   1.2102629e+01   1.4232887e+02
   1.2102629e+01   1.4234655e+02
   1.2102629e+01   1.4236384e+02
   1.2102629e+01   1.4238075e+02
   1.2102629e+01   1.4239729e+02
   1.2102629e+01   1.4241347e+02
   1.2102629e+01   1.4242930e+02
   1.2102629e+01   1.4244478e+02
   1.2102629e+01   1.4245993e+02
   1.2102629e+01   1.4247476e+02
   1.2102629e+01   1.4248928e+02
   1.2102629e+01   1.4250350e+02
   1.2102629e+01   1.4251743e+02
   1.2102629e+01   1.4253109e+02
   1.2102629e+01   1.4254448e+02
   1.2102629e+01   1.4255761e+02
   1.2102629e+01   1.4257050e+02
   1.2102629e+01   1.4258316e+02
   1.2102629e+01   1.4259560e+02
   1.2102629e+01   1.4260783e+02
   1.2102629e+01   1.4261985e+02
   1.2102629e+01   1.4263169e+02
   1.2102629e+01   1.4264335e+02
   1.2102629e+01   1.4265484e+02
   1.2102629e+01   1.4266616e+02
   1.2102629e+01   1.4267733e+02
   1.2102629e+01   1.4268836e+02
   1.2102629e+01   1.4269926e+02
   1.2102629e+01   1.4271002e+02
   1.2102629e+01   1.4272067e+02
   1.2102629e+01   1.4273120e+02
   1.2102629e+01   1.4274163e+02
   1.2102629e+01   1.4275195e+02
   1.2102629e+01   1.4276219e+02
   1.2102629e+01   1.4277233e+02
   1.2102629e+01   1.4278239e+02
   1.2102629e+01   1.4279238e+02
   1.2102629e+01   1.4280229e+02
   1.2102629e+01   1.4281213e+02
   1.2102629e+01   1.4282191e+02
   1.2102629e+01   1.4283163e+02
   1.2102629e+01   1.4284129e+02
   1.2102629e+01   1.4285091e+02
   1.2102629e+01   1.4286047e+02
   1.2102629e+01   1.4286999e+02
   1.2102629e+01   1.4287946e+02
   1.2102629e+01   1.4288890e+02
   1.2102629e+01   1.4289830e+02
   1.2102629e+01   1.4290766e+02
   1.2102629e+01   1.4291700e+02
   1.2102629e+01   1.4292630e+02
   1.2102629e+01   1.4293557e+02
   1.2102629e+01   1.4294482e+02
   1.2102629e+01   1.4295404e+02
   1.2102629e+01   1.4296324e+02
   1.2102629e+01   1.4297242e+02
   1.2102629e+01   1.4298158e+02
   1.2102629e+01   1.4299072e+02
   1.2102629e+01   1.4299987e+02
   1.2102629e+01   1.4300901e+02
   1.2102629e+01   1.4301815e+02
   1.2102629e+01   1.4302729e+02
   1.2102629e+01   1.4303643e+02
   1.2102629e+01   1.4304557e+02
   1.2102629e+01   1.4305471e+02
   1.2102629e+01   1.4306385e+02
   1.2102629e+01   1.4307300e+02
   1.2102629e+01   1.4308214e+02
   1.2102629e+01   1.4309128e+02
   1.2102629e+01   1.4310042e+02
   1.2102629e+01   1.4310956e+02
   1.2102629e+01   1.4311870e+02
   1.2102629e+01   1.4312784e+02
   1.2102629e+01   1.4313698e+02
   1.2102629e+01   1.4314613e+02
   1.2102629e+01   1.4315527e+02
   1.2102629e+01   1.4316441e+02
   1.2102629e+01   1.4317355e+02
   1.2102629e+01   1.4318269e+02
   1.2102629e+01   1.4319183e+02
   1.2102629e+01   1.4320097e+02
   1.2102629e+01   1.4321011e+02
   1.2102629e+01   1.4321926e+02
   1.2102629e+01   1.4322840e+02
   1.2102629e+01   1.4323754e+02
   1.2102629e+01   1.4324668e+02
   1.2102629e+01   1.4325582e+02
   1.2102629e+01   1.4326496e+02
   1.2102629e+01   1.4327410e+02
   1.2102629e+01   1.4328324e+02
   1.2102629e+01   1.4329239e+02
   1.2102629e+01   1.4330153e+02
   1.2102629e+01   1.4331067e+02
   1.2102629e+01   1.4331981e+02
   1.2102629e+01   1.4332895e+02
   1.2102629e+01   1.4333809e+02
   1.2102629e+01   1.4334723e+02
   1.2102629e+01   1.4335637e+02
   1.2102629e+01   1.4336551e+02
   1.2102629e+01   1.4337466e+02
   1.2102629e+01   1.4338380e+02
   1.2102629e+01   1.4339294e+02
   1.2102629e+01   1.4340208e+02
   1.2102629e+01   1.4341122e+02
   1.2102629e+01   1.4342036e+02
   1.2102629e+01   1.4342950e+02
   1.2102629e+01   1.4343864e+02
   1.2102629e+01   1.4344779e+02
   1.2102629e+01   1.4345693e+02
   1.2102629e+01   1.4346607e+02
   1.2102629e+01   1.4347521e+02
   1.2102629e+01   1.4348435e+02
   1.2102629e+01   1.4349349e+02
   1.2102629e+01   1.4350263e+02
   1.2102629e+01   1.4351177e+02
   1.2102629e+01   1.4352092e+02
   1.2102629e+01   1.4353006e+02
   1.2102629e+01   1.4353920e+02
   1.2102629e+01   1.4354834e+02
   1.2102629e+01   1.4355748e+02
   1.2102629e+01   1.4356662e+02
   1.2102629e+01   1.4357576e+02
   1.2102629e+01   1.4358490e+02
   1.2102629e+01   1.4359405e+02
   1.2102629e+01   1.4360319e+02
   1.2102629e+01   1.4361233e+02
   1.2102629e+01   1.4362147e+02
   1.2102629e+01   1.4363061e+02
   1.2102629e+01   1.4363975e+02
   1.2102629e+01   1.4364889e+02
   1.2102629e+01   1.4365803e+02
   1.2102629e+01   1.4366718e+02
   1.2102629e+01   1.4367632e+02
   1.2102629e+01   1.4368546e+02
   1.2102629e+01   1.4369460e+02
   1.2102629e+01   1.4370374e+02
   1.2102629e+01   1.4371288e+02
   1.2102629e+01   1.4372202e+02
   1.2102629e+01   1.4373116e+02
   1.2102629e+01   1.4374030e+02
   1.2102629e+01   1.4374945e+02
   1.2102629e+01   1.4375859e+02
   1.2102629e+01   1.4376773e+02
   1.2102629e+01   1.4377687e+02
   1.2102629e+01   1.4378601e+02
   1.2102629e+01   1.4379515e+02
   1.2102629e+01   1.4380429e+02
   1.2102629e+01   1.4381343e+02
   1.2102629e+01   1.4382258e+02
   1.2102629e+01   1.4383172e+02
   1.2102629e+01   1.4384086e+02
   1.2102629e+01   1.4385000e+02
   1.2102629e+01   1.4385914e+02
   1.2102629e+01   1.4386828e+02
   1.2102629e+01   1.4387742e+02
   1.2102629e+01   1.4388656e+02
   1.2102629e+01   1.4389571e+02
   1.2102629e+01   1.4390485e+02
   1.2102629e+01   1.4391399e+02
   1.2102629e+01   1.4392313e+02
   1.2102629e+01   1.4393227e+02
   1.2102629e+01   1.4394141e+02
   1.2102629e+01   1.4395055e+02
   1.2102629e+01   1.4395969e+02
   1.2102629e+01   1.4396884e+02
   1.2102629e+01   1.4397798e+02
   1.2102629e+01   1.4398712e+02
   1.2102629e+01   1.4399626e+02
   1.2102629e+01   1.4400540e+02
   1.2102629e+01   1.4401454e+02
   1.2102629e+01   1.4402368e+02
   1.2102629e+01   1.4403282e+02
   1.2102629e+01   1.4404197e+02
   1.2102629e+01   1.4405111e+02
   1.2102629e+01   1.4406025e+02
   1.2102629e+01   1.4406939e+02
   1.2102629e+01   1.4407853e+02
   1.2102629e+01   1.4408767e+02
   1.2102629e+01   1.4409681e+02
   1.2102629e+01   1.4410595e+02
   1.2102629e+01   1.4411510e+02
   1.2102629e+01   1.4412424e+02
   1.2102629e+01   1.4413338e+02
   1.2102629e+01   1.4414252e+02
   1.2102629e+01   1.4415166e+02
   1.2102629e+01   1.4416080e+02
   1.2102629e+01   1.4416994e+02
   1.2102629e+01   1.4417908e+02
   1.2102629e+01   1.4418822e+02
   1.2102629e+01   1.4419737e+02
   1.2102629e+01   1.4420651e+02
   1.2102629e+01   1.4421565e+02
   1.2102629e+01   1.4422479e+02
   1.2102629e+01   1.4423393e+02
   1.2102629e+01   1.4424307e+02
   1.2102629e+01   1.4425221e+02
   1.2102629e+01   1.4426135e+02
   1.2102629e+01   1.4427050e+02
   1.2102629e+01   1.4427964e+02
   1.2102629e+01   1.4428878e+02
   1.2102629e+01   1.4429792e+02
   1.2102629e+01   1.4430706e+02
   1.2102629e+01   1.4431620e+02
   1.2102629e+01   1.4432534e+02
   1.2102629e+01   1.4433448e+02
   1.2102629e+01   1.4434363e+02
   1.2102629e+01   1.4435277e+02
   1.2102629e+01   1.4436191e+02
   1.2102629e+01   1.4437105e+02
   1.2102629e+01   1.4438019e+02
   1.2102629e+01   1.4438933e+02
   1.2102629e+01   1.4439847e+02
   1.2102629e+01   1.4440761e+02
   1.2102629e+01   1.4441676e+02
   1.2102629e+01   1.4442590e+02
   1.2102629e+01   1.4443504e+02
   1.2102629e+01   1.4444418e+02
   1.2102629e+01   1.4445332e+02
   1.2102629e+01   1.4446246e+02
   1.2102629e+01   1.4447160e+02
   1.2102629e+01   1.4448074e+02
   1.2102629e+01   1.4448989e+02
   1.2102629e+01   1.4449903e+02
   1.2102629e+01   1.4450817e+02
   1.2102629e+01   1.4451731e+02
   1.2102629e+01   1.4452645e+02
   1.2102629e+01   1.4453559e+02
   1.2102629e+01   1.4454473e+02
   1.2102629e+01   1.4455387e+02
   1.2102629e+01   1.4456301e+02
   1.2102629e+01   1.4457216e+02
   1.2102629e+01   1.4458130e+02
   1.2102629e+01   1.4459044e+02
   1.2102629e+01   1.4459958e+02
   1.2102629e+01   1.4460872e+02
   1.2102629e+01   1.4461786e+02
   1.2102629e+01   1.4462700e+02
   1.2102629e+01   1.4463614e+02
   1.2102629e+01   1.4464529e+02
   1.2102629e+01   1.4465443e+02
   1.2102629e+01   1.4466357e+02
   1.2102629e+01   1.4467271e+02
   1.2102629e+01   1.4468185e+02
   1.2102629e+01   1.4469099e+02
   1.2102629e+01   1.4470013e+02
   1.2102629e+01   1.4470927e+02
   1.2102629e+01   1.4471842e+02
   1.2102629e+01   1.4472756e+02
   1.2102629e+01   1.4473670e+02
   1.2102629e+01   1.4474584e+02
   1.2102629e+01   1.4475498e+02
   1.2102629e+01   1.4476412e+02
   1.2102629e+01   1.4477326e+02
   1.2102629e+01   1.4478240e+02
   1.2102629e+01   1.4479155e+02
   1.2102629e+01   1.4480069e+02
   1.2102629e+01   1.4480983e+02
   1.2102629e+01   1.4481897e+02
   1.2102629e+01   1.4482811e+02
   1.2102629e+01   1.4483725e+02
   1.2102629e+01   1.4484639e+02
   1.2102629e+01   1.4485553e+02
   1.2102629e+01   1.4486468e+02
   1.2102629e+01   1.4487382e+02
   1.2102629e+01   1.4488296e+02
   1.2102629e+01   1.4489210e+02
   1.2102629e+01   1.4490124e+02
   1.2102629e+01   1.4491038e+02
   1.2102629e+01   1.4491952e+02
   1.2102629e+01   1.4492866e+02
   1.2102629e+01   1.4493781e+02
   1.2102629e+01   1.4494695e+02
   1.2102629e+01   1.4495609e+02
   1.2102629e+01   1.4496523e+02
   1.2102629e+01   1.4497437e+02
   1.2102629e+01   1.4498351e+02
   1.2102629e+01   1.4499265e+02
   1.2102629e+01   1.4500179e+02
   1.2102629e+01   1.4501093e+02
   1.2102629e+01   1.4502008e+02
   1.2102629e+01   1.4502922e+02
   1.2102629e+01   1.4503836e+02
   1.2102629e+01   1.4504750e+02
   1.2102629e+01   1.4505664e+02
   1.2102629e+01   1.4506578e+02
   1.2102629e+01   1.4507492e+02
   1.2102629e+01   1.4508406e+02
   1.2102629e+01   1.4509321e+02
   1.2102629e+01   1.4510235e+02
   1.2102629e+01   1.4511149e+02
   1.2102629e+01   1.4512063e+02
   1.2102629e+01   1.4512977e+02
   1.2102629e+01   1.4513891e+02
   1.2102629e+01   1.4514805e+02
   1.2102629e+01   1.4515719e+02
   1.2102629e+01   1.4516634e+02
   1.2102629e+01   1.4517548e+02
   1.2102629e+01   1.4518462e+02
   1.2102629e+01   1.4519376e+02
   1.2102629e+01   1.4520290e+02
   1.2102629e+01   1.4521204e+02
   1.2102629e+01   1.4522118e+02
   1.2102629e+01   1.4523032e+02
   1.2102629e+01   1.4523947e+02
   1.2102629e+01   1.4524861e+02
   1.2102629e+01   1.4525775e+02
   1.2102629e+01   1.4526689e+02
   1.2102629e+01   1.4527603e+02
   1.2102629e+01   1.4528517e+02
   1.2102629e+01   1.4529431e+02
   1.2102629e+01   1.4530345e+02
   1.2102629e+01   1.4531260e+02
   1.2102629e+01   1.4532174e+02
   1.2102629e+01   1.4533088e+02
   1.2102629e+01   1.4534002e+02
   1.2102629e+01   1.4534916e+02
   1.2102629e+01   1.4535830e+02
   1.2102629e+01   1.4536744e+02
   1.2102629e+01   1.4537658e+02
   1.2102629e+01   1.4538572e+02
   1.2102629e+01   1.4539487e+02
   1.2102629e+01   1.4540401e+02
   1.2102629e+01   1.4541315e+02
   1.2102629e+01   1.4542229e+02
   1.2102629e+01   1.4543143e+02
   1.2102629e+01   1.4544057e+02
   1.2102629e+01   1.4544971e+02
   1.2102629e+01   1.4545885e+02
   1.2102629e+01   1.4546800e+02
   1.2102629e+01   1.4547714e+02
   1.2102629e+01   1.4548628e+02
   1.2102629e+01   1.4549542e+02
   1.2102629e+01   1.4550456e+02
   1.2102629e+01   1.4551370e+02
   1.2102629e+01   1.4552284e+02
   1.2102629e+01   1.4553198e+02
   1.2102629e+01   1.4554113e+02
   1.2102629e+01   1.4555027e+02
   1.2102629e+01   1.4555941e+02
   1.2102629e+01   1.4556855e+02
   1.2102629e+01   1.4557769e+02
   1.2102629e+01   1.4558683e+02
   1.2102629e+01   1.4559597e+02
   1.2102629e+01   1.4560511e+02
   1.2102629e+01   1.4561426e+02
   1.2102629e+01   1.4562340e+02
   1.2102629e+01   1.4563254e+02
   1.2102629e+01   1.4564168e+02
   1.2102629e+01   1.4565082e+02
   1.2102629e+01   1.4565996e+02
   1.2102629e+01   1.4566910e+02
   1.2102629e+01   1.4567824e+02
   1.2102629e+01   1.4568739e+02
   1.2102629e+01   1.4569653e+02
   1.2102629e+01   1.4570567e+02
   1.2102629e+01   1.4571481e+02
   1.2102629e+01   1.4572395e+02
   1.2102629e+01   1.4573309e+02
   1.2102629e+01   1.4574223e+02
   1.2102629e+01   1.4575137e+02
   1.2102629e+01   1.4576051e+02
   1.2102629e+01   1.4576966e+02
   1.2102629e+01   1.4577880e+02
   1.2102629e+01   1.4578794e+02
   1.2102629e+01   1.4579708e+02
   1.2102629e+01   1.4580622e+02
   1.2102629e+01   1.4581536e+02
   1.2102629e+01   1.4582450e+02
   1.2102629e+01   1.4583364e+02
   1.2102629e+01   1.4584279e+02
   1.2102629e+01   1.4585193e+02
   1.2102629e+01   1.4586107e+02
   1.2102629e+01   1.4587021e+02
   1.2102629e+01   1.4587935e+02
   1.2102629e+01   1.4588849e+02
   1.2102629e+01   1.4589763e+02
   1.2102629e+01   1.4590677e+02
   1.2102629e+01   1.4591592e+02
   1.2102629e+01   1.4592506e+02
   1.2102629e+01   1.4593420e+02
   1.2102629e+01   1.4594334e+02
   1.2102629e+01   1.4595248e+02
   1.2102629e+01   1.4596162e+02
   1.2102629e+01   1.4597076e+02
   1.2102629e+01   1.4597990e+02
   1.2102629e+01   1.4598905e+02
   1.2102629e+01   1.4599819e+02
   1.2102629e+01   1.4600733e+02
   1.2102629e+01   1.4601647e+02
   1.2102629e+01   1.4602561e+02
   1.2102629e+01   1.4603475e+02
   1.2102629e+01   1.4604389e+02
   1.2102629e+01   1.4605303e+02
   1.2102629e+01   1.4606218e+02
   1.2102629e+01   1.4607132e+02
   1.2102629e+01   1.4608046e+02
   1.2102629e+01   1.4608960e+02
   1.2102629e+01   1.4609874e+02
   1.2102629e+01   1.4610788e+02
   1.2102629e+01   1.4611702e+02
   1.2102629e+01   1.4612616e+02
   1.2102629e+01   1.4613531e+02
   1.2102629e+01   1.4614445e+02
   1.2102629e+01   1.4615359e+02
   1.2102629e+01   1.4616273e+02
   1.2102629e+01   1.4617187e+02
   1.2102629e+01   1.4618101e+02
   1.2102629e+01   1.4619015e+02
   1.2102629e+01   1.4619929e+02
   1.2102629e+01   1.4620843e+02
   1.2102629e+01   1.4621758e+02
   1.2102629e+01   1.4622672e+02
   1.2102629e+01   1.4623586e+02
   1.2102629e+01   1.4624500e+02
   1.2102629e+01   1.4625414e+02
   1.2102629e+01   1.4626340e+02
   1.2102629e+01   1.4627279e+02
   1.2102629e+01   1.4628235e+02
   1.2102629e+01   1.4629210e+02
   1.2102629e+01   1.4630207e+02
   1.2102629e+01   1.4631233e+02
   1.2102629e+01   1.4632290e+02
   1.2102629e+01   1.4633385e+02
   1.2102629e+01   1.4634524e+02
   1.2102629e+01   1.4635716e+02
   1.2102629e+01   1.4636969e+02
   1.2102629e+01   1.4638293e+02
   1.2102629e+01   1.4639700e+02
   1.2102629e+01   1.4641201e+02
   1.2102629e+01   1.4642812e+02
   1.2102629e+01   1.4644546e+02
   1.2102629e+01   1.4646421e+02
   1.2102629e+01   1.4648451e+02
   1.2102629e+01   1.4650654e+02
   1.2102629e+01   1.4653046e+02
   1.2102629e+01   1.4655643e+02
   1.2102629e+01   1.4658457e+02
   1.2102629e+01   1.4661500e+02
   1.2102629e+01   1.4664779e+02
   1.2102629e+01   1.4668300e+02
   1.2102629e+01   1.4672063e+02
   1.2102629e+01   1.4676064e+02
   1.2102629e+01   1.4680299e+02
   1.2102629e+01   1.4684755e+02
   1.2102629e+01   1.4689421e+02
   1.2102629e+01   1.4694283e+02
   1.2102629e+01   1.4699324e+02
   1.2102629e+01   1.4704528e+02
   1.2102629e+01   1.4709878e+02
   1.2102629e+01   1.4715358e+02
   1.2102629e+01   1.4720953e+02
   1.2102629e+01   1.4726648e+02
   1.2102629e+01   1.4732431e+02
   1.2102629e+01   1.4738289e+02
   1.2102629e+01   1.4744213e+02
   1.2102629e+01   1.4750192e+02
   1.2102629e+01   1.4756218e+02
