         367
  -491035.562         1793642.38    
  -491032.125         1790318.25    
  -491028.781         1787034.25    
  -491023.688         1783802.50    
  -491020.281         1780638.00    
  -491018.594         1777559.25    
  -491015.188         1774587.12    
  -491011.844         1771744.00    
  -491008.406         1769051.50    
  -491006.688         1766529.25    
  -491003.312         1764190.25    
  -491001.594         1762039.88    
  -490999.906         1760074.62    
  -490996.500         1758282.38    
  -490996.500         1756644.75    
  -490994.812         1755140.25    
  -490993.094         1753746.50    
  -490991.469         1752441.75    
  -490991.469         1751207.75    
  -490989.719         1750028.00    
  -490988.000         1748889.88    
  -490986.312         1747783.38    
  -490984.625         1746700.38    
  -490984.625         1745634.88    
  -490982.969         1744582.75    
  -490981.281         1743539.75    
  -490981.281         1742497.00    
  -490979.531         1741454.50    
  -490977.875         1740411.88    
  -490977.875         1739369.25    
  -490977.875         1738326.62    
  -490976.125         1737284.38    
  -490974.438         1736242.00    
  -490974.438         1735199.50    
  -490972.781         1734157.12    
  -490971.094         1733114.88    
  -490971.094         1732072.62    
  -490969.375         1731030.62    
  -490967.688         1729988.25    
  -490967.688         1728946.00    
  -490966.000         1727904.12    
  -490964.312         1726862.12    
  -490964.312         1725819.88    
  -490962.594         1724778.00    
  -490962.594         1723736.25    
  -490960.906         1722694.38    
  -490959.188         1721652.62    
  -490959.188         1720610.75    
  -490957.500         1719569.12    
  -490955.812         1718527.50    
  -490955.812         1717485.62    
  -490954.094         1716444.00    
  -490952.469         1715402.62    
  -490952.469         1714361.12    
  -490950.719         1713319.75    
  -490949.000         1712278.25    
  -490949.000         1711236.88    
  -490947.312         1710195.50    
  -490945.625         1709154.25    
  -490945.625         1708113.00    
  -490943.969         1707072.00    
  -490942.219         1706030.62    
  -490942.219         1704989.62    
  -490940.500         1703948.50    
  -490940.500         1702907.50    
  -490938.875         1701866.50    
  -490938.875         1700825.75    
  -490937.125         1699784.62    
  -490935.469         1698744.12    
  -490935.469         1697703.00    
  -490933.781         1696662.38    
  -490932.094         1695621.50    
  -490932.094         1694581.00    
  -490930.375         1693540.38    
  -490930.375         1692499.62    
  -490928.625         1691459.12    
  -490926.938         1690418.75    
  -490926.938         1689378.38    
  -490925.281         1688337.88    
  -490923.594         1687297.50    
  -490923.594         1686257.12    
  -490921.844         1685216.88    
  -490920.125         1684176.62    
  -490920.125         1683136.62    
  -490918.500         1682096.38    
  -490916.750         1681056.25    
  -490916.750         1680016.25    
  -490915.094         1678976.12    
  -490913.344         1677936.12    
  -490913.344         1676896.25    
  -490913.344         1675856.38    
  -490911.688         1674816.38    
  -490910.000         1673776.50    
  -490910.000         1672737.00    
  -490908.312         1671697.12    
  -490906.594         1670657.50    
  -490906.594         1669617.75    
  -490904.969         1668578.38    
  -490903.156         1667538.75    
  -490903.156         1666499.12    
  -490901.500         1665459.88    
  -490899.812         1664420.38    
  -490899.812         1663381.12    
  -490898.125         1662341.50    
  -490898.125         1661302.25    
  -490896.469         1660263.12    
  -490894.719         1659223.88    
  -490894.719         1658184.75    
  -490893.031         1657145.62    
  -490893.031         1656106.38    
  -490891.375         1655067.38    
  -490891.375         1654028.50    
  -490889.625         1652989.50    
  -490887.938         1651950.50    
  -490887.938         1650911.75    
  -490886.281         1649872.75    
  -490884.531         1648833.88    
  -490884.531         1647795.12    
  -490882.844         1646756.50    
  -490881.125         1645718.00    
  -490881.125         1644679.25    
  -490879.500         1643640.75    
  -490877.781         1642602.12    
  -490877.781         1641563.62    
  -490876.031         1640525.38    
  -490874.344         1639487.00    
  -490874.344         1638448.38    
  -490874.344         1637410.12    
  -490872.688         1636371.75    
  -490871.000         1635333.62    
  -490871.000         1634295.25    
  -490869.250         1633257.25    
  -490867.531         1632219.25    
  -490867.531         1631181.00    
  -490865.906         1630143.00    
  -490865.906         1629105.12    
  -490864.156         1628067.12    
  -490862.500         1627029.12    
  -490862.500         1625991.38    
  -490860.812         1624953.50    
  -490859.125         1623915.62    
  -490859.125         1622878.00    
  -490857.406         1621840.25    
  -490857.406         1620802.62    
  -490855.656         1619764.88    
  -490855.656         1618727.38    
  -490854.000         1617690.00    
  -490852.312         1616652.25    
  -490852.312         1615615.00    
  -490850.625         1614577.25    
  -490848.938         1613539.88    
  -490848.938         1612502.75    
  -490847.156         1611465.25    
  -490845.531         1610428.12    
  -490845.531         1609391.00    
  -490843.875         1608353.75    
  -490842.125         1607316.62    
  -490842.125         1606279.50    
  -490842.125         1605242.50    
  -490840.438         1604205.50    
  -490838.719         1603168.50    
  -490838.719         1602131.50    
  -490837.031         1601094.62    
  -490835.344         1600058.00    
  -490835.344         1599021.12    
  -490833.625         1597984.25    
  -490832.000         1596947.62    
  -490832.000         1595910.88    
  -490830.250         1594874.50    
  -490830.250         1593837.75    
  -490828.531         1592801.12    
  -490828.531         1591764.62    
  -490826.844         1590728.12    
  -490826.844         1589691.62    
  -490825.156         1588655.25    
  -490823.500         1587618.88    
  -490823.500         1586582.75    
  -490821.750         1585546.38    
  -490820.031         1584510.12    
  -490820.031         1583474.00    
  -490818.406         1582437.62    
  -490816.656         1581401.75    
  -490816.656         1580365.50    
  -490816.656         1579329.50    
  -490815.000         1578293.62    
  -490813.312         1577257.62    
  -490813.312         1576221.62    
  -490811.625         1575185.88    
  -490809.906         1574150.12    
  -490809.906         1573114.12    
  -490808.156         1572078.38    
  -490806.531         1571042.62    
  -490806.531         1570007.00    
  -490804.812         1568971.50    
  -490803.125         1567935.88    
  -490803.125         1566900.38    
  -490803.125         1565864.75    
  -490801.406         1564829.25    
  -490799.719         1563793.88    
  -490799.719         1562758.50    
  -490798.031         1561723.00    
  -490798.031         1560687.88    
  -490796.312         1559652.62    
  -490794.625         1558617.25    
  -490794.625         1557582.12    
  -490792.938         1556547.00    
  -490791.219         1555511.88    
  -490791.219         1554476.62    
  -490791.219         1553441.75    
  -490789.531         1552406.62    
  -490787.844         1551371.75    
  -490787.844         1550336.88    
  -490786.188         1549302.00    
  -490784.500         1548267.25    
  -490784.500         1547232.12    
  -490782.719         1546197.38    
  -490781.031         1545162.88    
  -490781.031         1544128.12    
  -490781.031         1543093.38    
  -490779.344         1542059.00    
  -490777.656         1541024.25    
  -490777.656         1539989.88    
  -490776.000         1538955.38    
  -490774.250         1537920.75    
  -490774.250         1536886.50    
  -490772.562         1535852.12    
  -490770.906         1534817.75    
  -490770.906         1533783.38    
  -490770.906         1532749.12    
  -490769.156         1531715.12    
  -490767.500         1530681.00    
  -490767.500         1529646.62    
  -490765.812         1528612.50    
  -490765.812         1527578.50    
  -490764.062         1526544.38    
  -490762.406         1525510.50    
  -490762.406         1524476.50    
  -490760.656         1523442.50    
  -490760.656         1522408.62    
  -490759.031         1521374.88    
  -490759.031         1520341.25    
  -490757.312         1519307.50    
  -490755.562         1518273.62    
  -490755.562         1517240.12    
  -490753.875         1516206.50    
  -490752.219         1515172.88    
  -490752.219         1514139.12    
  -490752.219         1513105.75    
  -490750.531         1512072.25    
  -490748.781         1511038.88    
  -490748.781         1510005.38    
  -490747.125         1508971.88    
  -490745.438         1507938.62    
  -490745.438         1506905.25    
  -490743.719         1505872.12    
  -490742.031         1504838.75    
  -490742.031         1503805.75    
  -490742.031         1502772.62    
  -490740.344         1501739.62    
  -490738.656         1500706.62    
  -490738.656         1499673.50    
  -490736.938         1498640.38    
  -490735.188         1497607.50    
  -490735.188         1496574.38    
  -490733.562         1495541.75    
  -490733.562         1494508.88    
  -490733.562         1493476.12    
  -490731.844         1492443.38    
  -490730.156         1491410.62    
  -490730.156         1490378.00    
  -490728.500         1489345.25    
  -490726.750         1488312.62    
  -490726.750         1487280.12    
  -490725.062         1486247.62    
  -490725.062         1485214.88    
  -490723.344         1484182.50    
  -490723.344         1483150.00    
  -490721.656         1482117.88    
  -490719.969         1481085.50    
  -490719.969         1480053.12    
  -490718.250         1479020.88    
  -490716.562         1477988.62    
  -490716.562         1476956.50    
  -490716.562         1475924.25    
  -490714.875         1474892.25    
  -490713.219         1473860.12    
  -490713.219         1472828.12    
  -490711.531         1471796.25    
  -490709.812         1470764.12    
  -490709.812         1469732.12    
  -490708.062         1468700.00    
  -490708.062         1467668.38    
  -490706.375         1466636.38    
  -490706.375         1465604.62    
  -490704.719         1464573.00    
  -490703.031         1463541.25    
  -490703.031         1462509.75    
  -490701.281         1461478.00    
  -490701.281         1460446.50    
  -490701.281         1459415.00    
  -490699.656         1458383.38    
  -490697.938         1457351.75    
  -490697.938         1456320.25    
  -490696.188         1455288.88    
  -490694.531         1454257.38    
  -490694.531         1453226.25    
  -490694.531         1452195.00    
  -490692.844         1451163.75    
  -490691.156         1450132.50    
  -490691.156         1449101.38    
  -490689.438         1448070.00    
  -490687.688         1447038.75    
  -490687.688         1446007.75    
  -490686.062         1444976.75    
  -490686.062         1443945.75    
  -490684.344         1442914.75    
  -490684.344         1441883.88    
  -490682.656         1440853.00    
  -490680.938         1439822.12    
  -490680.938         1438791.38    
  -490679.250         1437760.50    
  -490679.250         1436729.75    
  -490677.562         1435699.12    
  -490677.562         1434668.38    
  -490675.844         1433637.62    
  -490674.156         1432606.88    
  -490674.156         1431576.50    
  -490672.469         1430546.00    
  -490670.750         1429515.38    
  -490670.750         1428484.88    
  -490670.750         1427454.50    
  -490669.062         1426424.12    
  -490669.062         1425393.75    
  -490667.375         1424363.50    
  -490665.719         1423333.12    
  -490665.719         1422302.75    
  -490665.719         1421272.62    
  -490663.969         1420242.38    
  -490660.625         1419200.38    
  -490657.188         1418158.38    
  -490653.844         1417116.50    
  -490650.375         1416074.38    
  -490645.344         1414984.75    
  -490638.562         1413895.25    
  -490633.438         1412805.62    
  -490628.344         1411716.12    
  -490623.250         1410543.25    
  -490616.469         1409370.50    
  -490611.375         1408197.62    
  -490606.281         1407025.00    
  -490601.188         1405852.12    
  -490594.438         1404649.75    
  -490589.344         1403400.50    
  -490584.250         1402078.25    
  -490577.406         1400644.50    
  -490570.688         1399043.50    
  -490562.188         1397200.50    
  -490555.375         1395024.75    
  -490543.500         1392421.12    
  -490533.375         1389312.75    
  -490518.062         1385666.25    
  -490504.469         1381504.25    
  -490487.562         1376897.38    
  -490470.531         1371939.38    
  -490453.594         1366723.25    
  -490436.625         1361327.75    
  -490419.688         1355811.75    
         505
  -490419.688         1355811.75    
  -487026.406         1355811.75    
  -483639.906         1355811.75    
  -480261.969         1355811.75    
  -476895.875         1355811.75    
  -473538.281         1355811.75    
  -470190.844         1355811.75    
  -466856.938         1355811.75    
  -463534.969         1355811.75    
  -460226.531         1355811.75    
  -456931.719         1355811.75    
  -453652.094         1355811.75    
  -450387.781         1355811.75    
  -447140.469         1355811.75    
  -443911.781         1355811.75    
  -440700.094         1355811.75    
  -437508.750         1355811.75    
  -434339.406         1355811.75    
  -431192.219         1355811.75    
  -428065.281         1355811.75    
  -424965.594         1355811.75    
  -421891.281         1355811.75    
  -418842.406         1355811.75    
  -415822.500         1355811.75    
  -412831.312         1355811.75    
  -409870.688         1355811.75    
  -406942.312         1355811.75    
  -404046.188         1355811.75    
  -401185.656         1355811.75    
  -398360.844         1355811.75    
  -395571.500         1355811.75    
  -392821.312         1355811.75    
  -390108.375         1355811.75    
  -387437.906         1355811.75    
  -384804.750         1355811.75    
  -382217.406         1355811.75    
  -379669.094         1355811.75    
  -377166.562         1355811.75    
  -374708.156         1355811.75    
  -372293.812         1355811.75    
  -369923.656         1355811.75    
  -367599.250         1355811.75    
  -365320.719         1355811.75    
  -363086.281         1355811.75    
  -360899.281         1355811.75    
  -358756.500         1355811.75    
  -356659.438         1355811.75    
  -354606.531         1355811.75    
  -352597.688         1355811.75    
  -350631.344         1355811.75    
  -348709.031         1355811.75    
  -346829.219         1355811.75    
  -344990.031         1355811.75    
  -343191.625         1355811.75    
  -341430.531         1355811.75    
  -339710.156         1355811.75    
  -338025.406         1355811.75    
  -336376.281         1355811.75    
  -334762.781         1355811.75    
  -333181.562         1355811.75    
  -331632.562         1355811.75    
  -330112.344         1355811.75    
  -328624.406         1355811.75    
  -327163.594         1355811.75    
  -325731.688         1355811.75    
  -324323.469         1355811.75    
  -322940.719         1355811.75    
  -321580.000         1355811.75    
  -320244.750         1355811.75    
  -318928.188         1355811.75    
  -317630.281         1355811.75    
  -316352.688         1355811.75    
  -315095.500         1355811.75    
  -313853.594         1355811.75    
  -312626.938         1355811.75    
  -311413.844         1355811.75    
  -310217.719         1355811.75    
  -309033.469         1355811.75    
  -307862.812         1355811.75    
  -306704.031         1355811.75    
  -305555.406         1355811.75    
  -304416.969         1355811.75    
  -303290.375         1355811.75    
  -302170.594         1355811.75    
  -301061.062         1355811.75    
  -299958.219         1355811.75    
  -298863.875         1355811.75    
  -297776.375         1355811.75    
  -296695.625         1355811.75    
  -295621.656         1355811.75    
  -294552.781         1355811.75    
  -293489.000         1355811.75    
  -292430.312         1355811.75    
  -291378.406         1355811.75    
  -290328.156         1355811.75    
  -289283.062         1355811.75    
  -288243.031         1355811.75    
  -287203.000         1355811.75    
  -286169.750         1355811.75    
  -285138.219         1355811.75    
  -284110.062         1355811.75    
  -283085.281         1355811.75    
  -282062.219         1355811.75    
  -281040.844         1355811.75    
  -280022.875         1355811.75    
  -279006.594         1355811.75    
  -277990.344         1355811.75    
  -276974.031         1355811.75    
  -275957.750         1355811.75    
  -274941.500         1355811.75    
  -273925.219         1355811.75    
  -272908.938         1355811.75    
  -271892.656         1355811.75    
  -270876.375         1355811.75    
  -269858.375         1355811.75    
  -268842.156         1355811.75    
  -267825.844         1355811.75    
  -266809.531         1355811.75    
  -265793.312         1355811.75    
  -264777.000         1355811.75    
  -263760.750         1355811.75    
  -262744.438         1355811.75    
  -261726.484         1355811.75    
  -260710.172         1355811.75    
  -259693.938         1355811.75    
  -258677.656         1355811.75    
  -257661.359         1355811.75    
  -256645.109         1355811.75    
  -255628.812         1355811.75    
  -254612.531         1355811.75    
  -253596.234         1355811.75    
  -252579.984         1355811.75    
  -251563.688         1355811.75    
  -250547.406         1355811.75    
  -249531.141         1355811.75    
  -248514.859         1355811.75    
  -247498.594         1355811.75    
  -246482.312         1355811.75    
  -245464.312         1355811.75    
  -244448.031         1355811.75    
  -243431.797         1355811.75    
  -242415.484         1355811.75    
  -241399.219         1355811.75    
  -240382.953         1355811.75    
  -239366.672         1355811.75    
  -238350.391         1355811.75    
  -237334.094         1355811.75    
  -236316.125         1355811.75    
  -235299.844         1355811.75    
  -234283.562         1355811.75    
  -233267.312         1355811.75    
  -232251.000         1355811.75    
  -231234.734         1355811.75    
  -230218.469         1355811.75    
  -229202.172         1355811.75    
  -228185.875         1355811.75    
  -227169.625         1355811.75    
  -226153.328         1355811.75    
  -225137.062         1355811.75    
  -224120.781         1355811.75    
  -223104.531         1355811.75    
  -222088.219         1355811.75    
  -221071.938         1355811.75    
  -220053.969         1355811.75    
  -219037.703         1355811.75    
  -218021.422         1355811.75    
  -217005.156         1355811.75    
  -215988.859         1355811.75    
  -214972.562         1355811.75    
  -213956.312         1355811.75    
  -212940.031         1355811.75    
  -211922.047         1355811.75    
  -210905.766         1355811.75    
  -209889.484         1355811.75    
  -208873.219         1355811.75    
  -207856.938         1355811.75    
  -206840.656         1355811.75    
  -205824.375         1355811.75    
  -204808.109         1355811.75    
  -203791.812         1355811.75    
  -202775.547         1355811.75    
  -201759.266         1355811.75    
  -200743.000         1355811.75    
  -199726.703         1355811.75    
  -198710.438         1355811.75    
  -197694.141         1355811.75    
  -196677.875         1355811.75    
  -195661.594         1355811.75    
  -194643.625         1355811.75    
  -193627.359         1355811.75    
  -192611.062         1355811.75    
  -191594.797         1355811.75    
  -190578.500         1355811.75    
  -189562.234         1355811.75    
  -188545.938         1355811.75    
  -187529.656         1355811.75    
  -186511.688         1355811.75    
  -185495.422         1355811.75    
  -184479.141         1355811.75    
  -183462.859         1355811.75    
  -182446.578         1355811.75    
  -181430.297         1355811.75    
  -180414.016         1355811.75    
  -179397.750         1355811.75    
  -178381.469         1355811.75    
  -177365.203         1355811.75    
  -176348.906         1355811.75    
  -175332.641         1355811.75    
  -174316.344         1355811.75    
  -173300.078         1355811.75    
  -172283.781         1355811.75    
  -171267.531         1355811.75    
  -170249.531         1355811.75    
  -169233.281         1355811.75    
  -168217.000         1355811.75    
  -167200.703         1355811.75    
  -166184.438         1355811.75    
  -165168.156         1355811.75    
  -164151.875         1355811.75    
  -163135.609         1355811.75    
  -162117.625         1355811.75    
  -161101.328         1355811.75    
  -160085.062         1355811.75    
  -159068.781         1355811.75    
  -158052.516         1355811.75    
  -157036.234         1355811.75    
  -156019.938         1355811.75    
  -155003.672         1355811.75    
  -153987.391         1355811.75    
  -152971.125         1355811.75    
  -151954.828         1355811.75    
  -150938.562         1355811.75    
  -149922.281         1355811.75    
  -148906.000         1355811.75    
  -147889.734         1355811.75    
  -146873.453         1355811.75    
  -145857.156         1355811.75    
  -144839.172         1355811.75    
  -143822.906         1355811.75    
  -142806.625         1355811.75    
  -141790.359         1355811.75    
  -140774.078         1355811.75    
  -139757.797         1355811.75    
  -138741.516         1355811.75    
  -137725.234         1355811.75    
  -136708.953         1355811.75    
  -135692.688         1355811.75    
  -134676.406         1355811.75    
  -133660.125         1355811.75    
  -132643.844         1355811.75    
  -131627.562         1355811.75    
  -130611.289         1355811.75    
  -129595.031         1355811.75    
  -128577.039         1355811.75    
  -127560.758         1355811.75    
  -126544.477         1355811.75    
  -125528.203         1355811.75    
  -124511.930         1355811.75    
  -123495.656         1355811.75    
  -122479.367         1355811.75    
  -121463.094         1355811.75    
  -120445.109         1355811.75    
  -119428.836         1355811.75    
  -118412.562         1355811.75    
  -117396.273         1355811.75    
  -116379.992         1355811.75    
  -115363.711         1355811.75    
  -114347.445         1355811.75    
  -113331.172         1355811.75    
  -112314.891         1355811.75    
  -111298.602         1355811.75    
  -110282.320         1355811.75    
  -109266.055         1355811.75    
  -108249.766         1355811.75    
  -107233.500         1355811.75    
  -106217.211         1355811.75    
  -105200.938         1355811.75    
  -104184.664         1355811.75    
  -103166.680         1355811.75    
  -102150.414         1355811.75    
  -101134.125         1355811.75    
  -100117.844         1355811.75    
  -99101.5781         1355811.75    
  -98085.2891         1355811.75    
  -97069.0078         1355811.75    
  -96052.7344         1355811.75    
  -95034.7578         1355811.75    
  -94018.4844         1355811.75    
  -93002.2031         1355811.75    
  -91985.9219         1355811.75    
  -90969.6406         1355811.75    
  -89953.3672         1355811.75    
  -88937.0938         1355811.75    
  -87920.8125         1355811.75    
  -86904.5312         1355811.75    
  -85888.2578         1355811.75    
  -84871.9766         1355811.75    
  -83855.6953         1355811.75    
  -82839.4219         1355811.75    
  -81823.1328         1355811.75    
  -80806.8672         1355811.75    
  -79790.5859         1355811.75    
  -78772.6094         1355811.75    
  -77756.3281         1355811.75    
  -76740.0469         1355811.75    
  -75723.7656         1355811.75    
  -74707.4922         1355811.75    
  -73691.2188         1355811.75    
  -72674.9375         1355811.75    
  -71658.6641         1355811.75    
  -70640.6875         1355811.75    
  -69624.4062         1355811.75    
  -68608.1250         1355811.75    
  -67591.8516         1355811.75    
  -66575.5625         1355811.75    
  -65559.2891         1355811.75    
  -64543.0078         1355811.75    
  -63526.7344         1355811.75    
  -62510.4609         1355811.75    
  -61494.1758         1355811.75    
  -60477.8984         1355811.75    
  -59461.6250         1355811.75    
  -58445.3438         1355811.75    
  -57429.0664         1355811.75    
  -56412.7812         1355811.75    
  -55396.5078         1355811.75    
  -54380.2227         1355811.75    
  -53362.2578         1355811.75    
  -52345.9766         1355811.75    
  -51329.6992         1355811.75    
  -50313.4180         1355811.75    
  -49297.1406         1355811.75    
  -48280.8633         1355811.75    
  -47264.5859         1355811.75    
  -46248.3047         1355811.75    
  -45230.3281         1355811.75    
  -44214.0508         1355811.75    
  -43197.7734         1355811.75    
  -42181.4961         1355811.75    
  -41165.2148         1355811.75    
  -40148.9375         1355811.75    
  -39132.6562         1355811.75    
  -38116.3789         1355811.75    
  -37100.1016         1355811.75    
  -36083.8242         1355811.75    
  -35067.5430         1355811.75    
  -34051.2656         1355811.75    
  -33034.9883         1355811.75    
  -32018.7129         1355811.75    
  -31002.4316         1355811.75    
  -29986.1504         1355811.75    
  -28968.1777         1355811.75    
  -27951.8984         1355811.75    
  -26935.6211         1355811.75    
  -25919.3418         1355811.75    
  -24903.0625         1355811.75    
  -23886.7852         1355811.75    
  -22870.5059         1355811.75    
  -21854.2285         1355811.75    
  -20836.2520         1355811.75    
  -19819.9746         1355811.75    
  -18803.6973         1355811.75    
  -17787.4180         1355811.75    
  -16771.1406         1355811.75    
  -15754.8613         1355811.75    
  -14738.5820         1355811.75    
  -13722.3027         1355811.75    
  -12706.0254         1355811.75    
  -11689.7471         1355811.75    
  -10673.4678         1355811.75    
  -9657.18945         1355811.75    
  -8640.91113         1355811.75    
  -7624.63330         1355811.75    
  -6608.35449         1355811.75    
  -5592.07666         1355811.75    
  -4575.79785         1355811.75    
  -3557.82300         1355811.75    
  -2541.54443         1355811.75    
  -1525.26599         1355811.75    
  -508.987549         1355811.75    
   507.290894         1355811.75    
   1523.56934         1355811.75    
   2539.84790         1355811.75    
   3556.12622         1355811.75    
   4572.40479         1355811.75    
   5588.68311         1355811.75    
   6604.96191         1355811.75    
   7621.24023         1355811.75    
   8637.51855         1355811.75    
   9653.79785         1355811.75    
   10670.0762         1355811.75    
   11686.3535         1355811.75    
   12704.3301         1355811.75    
   13720.6084         1355811.75    
   14736.8857         1355811.75    
   15753.1631         1355811.75    
   16769.4434         1355811.75    
   17785.7207         1355811.75    
   18802.0000         1355811.75    
   19818.2773         1355811.75    
   20836.2520         1355811.75    
   21852.5293         1355811.75    
   22868.8086         1355811.75    
   23885.0879         1355811.75    
   24901.3672         1355811.75    
   25917.6445         1355811.75    
   26933.9238         1355811.75    
   27950.2012         1355811.75    
   28966.4805         1355811.75    
   29982.7598         1355811.75    
   30999.0371         1355811.75    
   32015.3164         1355811.75    
   33031.5938         1355811.75    
   34047.8711         1355811.75    
   35064.1484         1355811.75    
   36080.4297         1355811.75    
   37096.7109         1355811.75    
   38114.6836         1355811.75    
   39130.9609         1355811.75    
   40147.2383         1355811.75    
   41163.5195         1355811.75    
   42179.8008         1355811.75    
   43196.0781         1355811.75    
   44212.3516         1355811.75    
   45228.6328         1355811.75    
   46246.6094         1355811.75    
   47262.8867         1355811.75    
   48279.1641         1355811.75    
   49295.4453         1355811.75    
   50311.7227         1355811.75    
   51328.0000         1355811.75    
   52344.2812         1355811.75    
   53360.5547         1355811.75    
   54376.8398         1355811.75    
   55393.1094         1355811.75    
   56409.3867         1355811.75    
   57425.6680         1355811.75    
   58441.9453         1355811.75    
   59458.2266         1355811.75    
   60474.5078         1355811.75    
   61490.7812         1355811.75    
   62508.7617         1355811.75    
   63525.0430         1355811.75    
   64541.3164         1355811.75    
   65557.5938         1355811.75    
   66573.8750         1355811.75    
   67590.1484         1355811.75    
   68606.4297         1355811.75    
   69622.7031         1355811.75    
   70640.6875         1355811.75    
   71656.9609         1355811.75    
   72673.2422         1355811.75    
   73689.5156         1355811.75    
   74705.7969         1355811.75    
   75722.0781         1355811.75    
   76738.3516         1355811.75    
   77754.6328         1355811.75    
   78770.9141         1355811.75    
   79787.1953         1355811.75    
   80803.4688         1355811.75    
   81819.7500         1355811.75    
   82836.0234         1355811.75    
   83852.3047         1355811.75    
   84882.1484         1355811.75    
   85927.2734         1355811.75    
   86989.3594         1355811.75    
   88073.5078         1355811.75    
   89181.3984         1355811.75    
   90323.2266         1355811.75    
   91498.9922         1355811.75    
   92715.4688         1355811.75    
   93982.8516         1355811.75    
   95307.9141         1355811.75    
   96700.8516         1355811.75    
   98173.5156         1355811.75    
   99737.8125         1355811.75    
   101405.602         1355811.75    
   103197.227         1355811.75    
   105126.289         1355811.75    
   107209.734         1355811.75    
   109467.953         1355811.75    
   111917.875         1355811.75    
   114576.492         1355811.75    
   117464.148         1355811.75    
   120592.727         1355811.75    
   123977.500         1355811.75    
   127623.523         1355811.75    
   131537.641         1355811.75    
   135721.531         1355811.75    
   140170.078         1355811.75    
   144879.906         1355811.75    
   149834.062         1355811.75    
   155022.328         1355811.75    
   160427.781         1355811.75    
   166033.438         1355811.75    
   171818.906         1355811.75    
   177769.000         1355811.75    
   183861.578         1355811.75    
   190083.094         1355811.75    
   196414.891         1355811.75    
   202845.109         1355811.75    
   209358.438         1355811.75    
   215944.734         1355811.75    
   222593.844         1355811.75    
   229293.797         1355811.75    
         367
   229293.797         1355811.75    
   229273.438         1361327.75    
   229251.375         1366723.25    
   229231.000         1371939.38    
   229208.969         1376897.38    
   229188.609         1381504.25    
   229169.938         1385666.25    
   229152.984         1389312.75    
   229137.719         1392421.12    
   229124.125         1395024.75    
   229113.969         1397200.50    
   229105.453         1399043.50    
   229095.281         1400644.50    
   229088.500         1402078.25    
   229081.703         1403400.50    
   229073.234         1404649.75    
   229066.438         1405852.12    
   229059.641         1407025.00    
   229052.875         1408197.62    
   229046.094         1409370.50    
   229039.297         1410543.25    
   229032.516         1411716.12    
   229024.047         1412805.62    
   229017.250         1413895.25    
   229012.141         1414984.75    
   229003.672         1416074.38    
   229000.281         1417116.50    
   228995.188         1418158.38    
   228991.797         1419200.38    
   228988.406         1420242.38    
   228986.719         1421272.62    
   228985.000         1422302.75    
   228983.312         1423333.12    
   228983.312         1424363.50    
   228981.641         1425393.75    
   228979.922         1426424.12    
   228979.922         1427454.50    
   228978.234         1428484.88    
   228976.531         1429515.38    
   228976.531         1430546.00    
   228974.844         1431576.50    
   228973.125         1432606.88    
   228973.125         1433637.62    
   228971.453         1434668.38    
   228969.734         1435699.12    
   228968.047         1436729.75    
   228966.328         1437760.50    
   228966.328         1438791.38    
   228964.656         1439822.12    
   228962.953         1440853.00    
   228962.953         1441883.88    
   228961.250         1442914.75    
   228959.562         1443945.75    
   228959.562         1444976.75    
   228957.891         1446007.75    
   228956.156         1447038.75    
   228954.484         1448070.00    
   228952.766         1449101.38    
   228952.766         1450132.50    
   228951.078         1451163.75    
   228951.078         1452195.00    
   228949.375         1453226.25    
   228947.688         1454257.38    
   228947.688         1455288.88    
   228945.984         1456320.25    
   228944.297         1457351.75    
   228942.578         1458383.38    
   228940.906         1459415.00    
   228940.906         1460446.50    
   228939.203         1461478.00    
   228937.500         1462509.75    
   228937.500         1463541.25    
   228935.812         1464573.00    
   228934.109         1465604.62    
   228934.109         1466636.38    
   228932.391         1467668.38    
   228930.719         1468700.00    
   228929.000         1469732.12    
   228927.312         1470764.12    
   228927.312         1471796.25    
   228925.625         1472828.12    
   228923.922         1473860.12    
   228923.922         1474892.25    
   228922.234         1475924.25    
   228920.547         1476956.50    
   228918.828         1477988.62    
   228918.828         1479020.88    
   228917.156         1480053.12    
   228915.422         1481085.50    
   228915.422         1482117.88    
   228913.750         1483150.00    
   228912.078         1484182.50    
   228912.078         1485214.88    
   228910.359         1486247.62    
   228908.672         1487280.12    
   228906.969         1488312.62    
   228905.281         1489345.25    
   228905.281         1490378.00    
   228903.562         1491410.62    
   228901.891         1492443.38    
   228901.891         1493476.12    
   228900.172         1494508.88    
   228898.484         1495541.75    
   228896.766         1496574.38    
   228895.094         1497607.50    
   228895.094         1498640.38    
   228893.391         1499673.50    
   228891.688         1500706.62    
   228891.688         1501739.62    
   228890.000         1502772.62    
   228888.328         1503805.75    
   228886.594         1504838.75    
   228886.594         1505872.12    
   228884.922         1506905.25    
   228883.203         1507938.62    
   228883.203         1508971.88    
   228881.516         1510005.38    
   228879.812         1511038.88    
   228879.812         1512072.25    
   228876.422         1513105.75    
   228876.422         1514139.12    
   228874.734         1515172.88    
   228873.016         1516206.50    
   228873.016         1517240.12    
   228871.344         1518273.62    
   228869.641         1519307.50    
   228869.641         1520341.25    
   228866.250         1521374.88    
   228866.250         1522408.62    
   228864.562         1523442.50    
   228862.844         1524476.50    
   228862.844         1525510.50    
   228861.172         1526544.38    
   228859.453         1527578.50    
   228859.453         1528612.50    
   228856.062         1529646.62    
   228856.062         1530681.00    
   228854.375         1531715.12    
   228854.375         1532749.12    
   228852.672         1533783.38    
   228850.984         1534817.75    
   228850.984         1535852.12    
   228847.594         1536886.50    
   228847.594         1537920.75    
   228845.859         1538955.38    
   228844.188         1539989.88    
   228844.188         1541024.25    
   228842.484         1542059.00    
   228840.797         1543093.38    
   228840.797         1544128.12    
   228837.406         1545162.88    
   228837.406         1546197.38    
   228835.719         1547232.12    
   228834.000         1548267.25    
   228834.000         1549302.00    
   228832.328         1550336.88    
   228830.609         1551371.75    
   228828.922         1552406.62    
   228827.203         1553441.75    
   228827.203         1554476.62    
   228825.531         1555511.88    
   228823.828         1556547.00    
   228823.828         1557582.12    
   228822.125         1558617.25    
   228820.438         1559652.62    
   228818.766         1560687.88    
   228818.766         1561723.00    
   228817.031         1562758.50    
   228815.359         1563793.88    
   228815.359         1564829.25    
   228811.953         1565864.75    
   228811.953         1566900.38    
   228810.250         1567935.88    
   228808.562         1568971.50    
   228808.562         1570007.00    
   228806.859         1571042.62    
   228805.172         1572078.38    
   228803.453         1573114.12    
   228801.781         1574150.12    
   228801.781         1575185.88    
   228800.078         1576221.62    
   228798.375         1577257.62    
   228798.375         1578293.62    
   228795.000         1579329.50    
   228795.000         1580365.50    
   228793.281         1581401.75    
   228791.609         1582437.62    
   228791.609         1583474.00    
   228789.891         1584510.12    
   228788.203         1585546.38    
   228786.500         1586582.75    
   228786.500         1587618.88    
   228784.812         1588655.25    
   228783.109         1589691.62    
   228783.109         1590728.12    
   228781.422         1591764.62    
   228779.703         1592801.12    
   228778.031         1593837.75    
   228776.297         1594874.50    
   228776.297         1595910.88    
   228774.625         1596947.62    
   228772.922         1597984.25    
   228771.234         1599021.12    
   228769.516         1600058.00    
   228769.516         1601094.62    
   228767.844         1602131.50    
   228766.125         1603168.50    
   228766.125         1604205.50    
   228762.766         1605242.50    
   228762.766         1606279.50    
   228761.047         1607316.62    
   228759.359         1608353.75    
   228759.359         1609391.00    
   228757.672         1610428.12    
   228755.969         1611465.25    
   228754.266         1612502.75    
   228754.266         1613539.88    
   228752.562         1614577.25    
   228750.875         1615615.00    
   228750.875         1616652.25    
   228747.469         1617690.00    
   228747.469         1618727.38    
   228745.797         1619764.88    
   228744.094         1620802.62    
   228744.094         1621840.25    
   228742.391         1622878.00    
   228740.688         1623915.62    
   228739.016         1624953.50    
   228737.297         1625991.38    
   228737.297         1627029.12    
   228735.609         1628067.12    
   228733.891         1629105.12    
   228732.219         1630143.00    
   228730.516         1631181.00    
   228730.516         1632219.25    
   228728.812         1633257.25    
   228727.125         1634295.25    
   228725.438         1635333.62    
   228723.719         1636371.75    
   228723.719         1637410.12    
   228722.047         1638448.38    
   228722.047         1639487.00    
   228718.641         1640525.38    
   228718.641         1641563.62    
   228716.938         1642602.12    
   228715.250         1643640.75    
   228715.250         1644679.25    
   228713.547         1645718.00    
   228711.859         1646756.50    
   228710.141         1647795.12    
   228708.469         1648833.88    
   228708.469         1649872.75    
   228706.766         1650911.75    
   228705.062         1651950.50    
   228703.375         1652989.50    
   228701.672         1654028.50    
   228701.672         1655067.38    
   228699.969         1656106.38    
   228698.297         1657145.62    
   228696.578         1658184.75    
   228694.891         1659223.88    
   228694.891         1660263.12    
   228693.188         1661302.25    
   228691.484         1662341.50    
   228689.781         1663381.12    
   228689.781         1664420.38    
   228688.109         1665459.88    
   228686.406         1666499.12    
   228684.703         1667538.75    
   228683.031         1668578.38    
   228683.031         1669617.75    
   228681.312         1670657.50    
   228679.641         1671697.12    
   228677.906         1672737.00    
   228676.234         1673776.50    
   228676.234         1674816.38    
   228674.531         1675856.38    
   228672.828         1676896.25    
   228671.125         1677936.12    
   228669.453         1678976.12    
   228669.453         1680016.25    
   228667.734         1681056.25    
   228666.047         1682096.38    
   228664.328         1683136.62    
   228662.656         1684176.62    
   228662.656         1685216.88    
   228660.953         1686257.12    
   228659.250         1687297.50    
   228657.562         1688337.88    
   228657.562         1689378.38    
   228655.875         1690418.75    
   228654.156         1691459.12    
   228654.156         1692499.62    
   228650.766         1693540.38    
   228650.766         1694581.00    
   228649.078         1695621.50    
   228647.375         1696662.38    
   228647.375         1697703.00    
   228643.984         1698744.12    
   228643.984         1699784.62    
   228642.297         1700825.75    
   228640.578         1701866.50    
   228638.906         1702907.50    
   228637.203         1703948.50    
   228637.203         1704989.62    
   228635.500         1706030.62    
   228633.812         1707072.00    
   228632.125         1708113.00    
   228630.406         1709154.25    
   228630.406         1710195.50    
   228628.734         1711236.88    
   228627.016         1712278.25    
   228625.328         1713319.75    
   228625.328         1714361.12    
   228623.625         1715402.62    
   228621.938         1716444.00    
   228620.219         1717485.62    
   228618.547         1718527.50    
   228618.547         1719569.12    
   228616.828         1720610.75    
   228615.141         1721652.62    
   228613.469         1722694.38    
   228611.750         1723736.25    
   228611.750         1724778.00    
   228610.078         1725819.88    
   228608.344         1726862.12    
   228606.672         1727904.12    
   228604.969         1728946.00    
   228604.969         1729988.25    
   228603.266         1731030.62    
   228601.562         1732072.62    
   228599.891         1733114.88    
   228598.172         1734157.12    
   228598.172         1735199.50    
   228594.766         1736242.00    
   228594.766         1737284.38    
   228593.094         1738326.62    
   228591.391         1739369.25    
   228589.688         1740411.88    
   228589.688         1741454.50    
   228588.000         1742497.00    
   228586.312         1743539.75    
   228586.312         1744582.75    
   228582.922         1745634.88    
   228582.922         1746700.38    
   228581.219         1747783.38    
   228579.516         1748889.88    
   228577.812         1750028.00    
   228576.125         1751207.75    
   228574.422         1752441.75    
   228572.734         1753746.50    
   228571.016         1755140.25    
   228569.344         1756644.75    
   228565.938         1758282.38    
   228564.250         1760074.62    
   228562.562         1762039.88    
   228559.172         1764190.25    
   228555.766         1766529.25    
   228552.375         1769051.50    
   228548.984         1771744.00    
   228545.578         1774587.12    
   228540.500         1777559.25    
   228537.109         1780638.00    
   228533.703         1783802.50    
   228528.609         1787034.25    
   228525.234         1790318.25    
   228520.125         1793642.38    
         505
   228520.125         1793642.38    
   221820.156         1793642.38    
   215174.500         1793642.38    
   208589.875         1793642.38    
   202076.531         1793642.38    
   195648.031         1793642.38    
   189317.922         1793642.38    
   183098.094         1793642.38    
   177005.500         1793642.38    
   171058.844         1793642.38    
   165273.344         1793642.38    
   159669.391         1793642.38    
   154265.641         1793642.38    
   149077.359         1793642.38    
   144123.219         1793642.38    
   139416.781         1793642.38    
   134968.234         1793642.38    
   130784.352         1793642.38    
   126871.938         1793642.38    
   123225.891         1793642.38    
   119842.812         1793642.38    
   116714.234         1793642.38    
   113828.281         1793642.38    
   111169.664         1793642.38    
   108719.742         1793642.38    
   106463.219         1793642.38    
   104379.773         1793642.38    
   102452.406         1793642.38    
   100660.766         1793642.38    
   98991.2969         1793642.38    
   97428.6953         1793642.38    
   95956.0234         1793642.38    
   94563.1016         1793642.38    
   93238.0312         1793642.38    
   91972.3516         1793642.38    
   90754.1719         1793642.38    
   89578.4141         1793642.38    
   88439.9766         1793642.38    
   87330.3906         1793642.38    
   86246.2344         1793642.38    
   85184.1562         1793642.38    
   84139.0391         1793642.38    
   83110.8828         1793642.38    
   82094.6016         1793642.38    
   81078.3203         1793642.38    
   80062.0391         1793642.38    
   79045.7734         1793642.38    
   78029.4922         1793642.38    
   77013.2109         1793642.38    
   75996.9297         1793642.38    
   74982.3438         1793642.38    
   73966.0625         1793642.38    
   72949.7891         1793642.38    
   71933.5078         1793642.38    
   70917.2344         1793642.38    
   69900.9531         1793642.38    
   68884.6797         1793642.38    
   67868.4062         1793642.38    
   66852.1250         1793642.38    
   65835.8438         1793642.38    
   64819.5586         1793642.38    
   63803.2852         1793642.38    
   62787.0039         1793642.38    
   61772.4258         1793642.38    
   60756.1445         1793642.38    
   59739.8711         1793642.38    
   58723.5977         1793642.38    
   57707.3125         1793642.38    
   56691.0352         1793642.38    
   55674.7539         1793642.38    
   54658.4766         1793642.38    
   53642.1914         1793642.38    
   52625.9141         1793642.38    
   51609.6367         1793642.38    
   50593.3555         1793642.38    
   49577.0781         1793642.38    
   48560.8008         1793642.38    
   47544.5234         1793642.38    
   46528.2500         1793642.38    
   45511.9648         1793642.38    
   44495.6875         1793642.38    
   43479.4141         1793642.38    
   42463.1367         1793642.38    
   41446.8555         1793642.38    
   40430.5781         1793642.38    
   39414.3008         1793642.38    
   38398.0234         1793642.38    
   37381.7422         1793642.38    
   36367.1602         1793642.38    
   35350.8789         1793642.38    
   34334.6016         1793642.38    
   33318.3242         1793642.38    
   32302.0469         1793642.38    
   31285.7676         1793642.38    
   30269.4863         1793642.38    
   29253.2109         1793642.38    
   28236.9336         1793642.38    
   27220.6543         1793642.38    
   26204.3730         1793642.38    
   25188.0938         1793642.38    
   24173.5156         1793642.38    
   23157.2363         1793642.38    
   22140.9590         1793642.38    
   21124.6797         1793642.38    
   20108.4023         1793642.38    
   19092.1230         1793642.38    
   18075.8418         1793642.38    
   17059.5645         1793642.38    
   16043.2861         1793642.38    
   15027.0088         1793642.38    
   14010.7295         1793642.38    
   12994.4531         1793642.38    
   11978.1738         1793642.38    
   10961.8955         1793642.38    
   9945.61621         1793642.38    
   8929.33789         1793642.38    
   7913.05908         1793642.38    
   6896.78125         1793642.38    
   5880.50244         1793642.38    
   4864.22412         1793642.38    
   3847.94604         1793642.38    
   2831.66748         1793642.38    
   1815.38867         1793642.38    
   799.110413         1793642.38    
  -217.168030         1793642.38    
  -1231.74988         1793642.38    
  -2248.02832         1793642.38    
  -3264.30688         1793642.38    
  -4280.58496         1793642.38    
  -5296.86377         1793642.38    
  -6313.14160         1793642.38    
  -7329.42090         1793642.38    
  -8345.69922         1793642.38    
  -9361.97754         1793642.38    
  -10378.2549         1793642.38    
  -11394.5352         1793642.38    
  -12410.8135         1793642.38    
  -13427.0898         1793642.38    
  -14441.6729         1793642.38    
  -15457.9521         1793642.38    
  -16474.2285         1793642.38    
  -17490.5098         1793642.38    
  -18506.7871         1793642.38    
  -19523.0645         1793642.38    
  -20539.3438         1793642.38    
  -21555.6211         1793642.38    
  -22571.9023         1793642.38    
  -23588.1797         1793642.38    
  -24604.4590         1793642.38    
  -25620.7363         1793642.38    
  -26637.0156         1793642.38    
  -27653.2949         1793642.38    
  -28669.5723         1793642.38    
  -29685.8477         1793642.38    
  -30702.1289         1793642.38    
  -31718.4062         1793642.38    
  -32734.6875         1793642.38    
  -33750.9609         1793642.38    
  -34767.2422         1793642.38    
  -35783.5195         1793642.38    
  -36799.8008         1793642.38    
  -37816.0820         1793642.38    
  -38832.3555         1793642.38    
  -39846.9375         1793642.38    
  -40863.2148         1793642.38    
  -41879.4922         1793642.38    
  -42895.7734         1793642.38    
  -43912.0469         1793642.38    
  -44928.3320         1793642.38    
  -45944.6055         1793642.38    
  -46960.8828         1793642.38    
  -47977.1680         1793642.38    
  -48993.4453         1793642.38    
  -50009.7227         1793642.38    
  -51026.0039         1793642.38    
  -52040.5820         1793642.38    
  -53056.8633         1793642.38    
  -54073.1406         1793642.38    
  -55089.4219         1793642.38    
  -56105.6953         1793642.38    
  -57121.9727         1793642.38    
  -58138.2539         1793642.38    
  -59154.5273         1793642.38    
  -60170.8125         1793642.38    
  -61187.0859         1793642.38    
  -62203.3672         1793642.38    
  -63219.6484         1793642.38    
  -64235.9219         1793642.38    
  -65252.2031         1793642.38    
  -66268.4766         1793642.38    
  -67284.7578         1793642.38    
  -68301.0391         1793642.38    
  -69317.3125         1793642.38    
  -70333.5938         1793642.38    
  -71349.8750         1793642.38    
  -72366.1562         1793642.38    
  -73382.4375         1793642.38    
  -74398.7109         1793642.38    
  -75414.9844         1793642.38    
  -76431.2656         1793642.38    
  -77445.8438         1793642.38    
  -78462.1172         1793642.38    
  -79478.4062         1793642.38    
  -80494.6797         1793642.38    
  -81510.9609         1793642.38    
  -82527.2422         1793642.38    
  -83543.5234         1793642.38    
  -84559.7969         1793642.38    
  -85576.0703         1793642.38    
  -86592.3516         1793642.38    
  -87608.6328         1793642.38    
  -88624.9062         1793642.38    
  -89641.1875         1793642.38    
  -90655.7734         1793642.38    
  -91672.0547         1793642.38    
  -92688.3203         1793642.38    
  -93704.6094         1793642.38    
  -94720.8750         1793642.38    
  -95737.1641         1793642.38    
  -96753.4453         1793642.38    
  -97769.7109         1793642.38    
  -98786.0000         1793642.38    
  -99802.2812         1793642.38    
  -100818.547         1793642.38    
  -101834.836         1793642.38    
  -102851.102         1793642.38    
  -103867.398         1793642.38    
  -104883.672         1793642.38    
  -105899.953         1793642.38    
  -106916.227         1793642.38    
  -107932.508         1793642.38    
  -108948.789         1793642.38    
  -109965.062         1793642.38    
  -110981.344         1793642.38    
  -111997.617         1793642.38    
  -113013.898         1793642.38    
  -114030.172         1793642.38    
  -115044.758         1793642.38    
  -116061.031         1793642.38    
  -117077.312         1793642.38    
  -118093.594         1793642.38    
  -119109.867         1793642.38    
  -120126.156         1793642.38    
  -121142.414         1793642.38    
  -122158.703         1793642.38    
  -123174.992         1793642.38    
  -124191.266         1793642.38    
  -125207.539         1793642.38    
  -126223.828         1793642.38    
  -127240.102         1793642.38    
  -128254.680         1793642.38    
  -129270.953         1793642.38    
  -130287.227         1793642.38    
  -131303.516         1793642.38    
  -132319.797         1793642.38    
  -133336.078         1793642.38    
  -134352.359         1793642.38    
  -135368.625         1793642.38    
  -136384.906         1793642.38    
  -137401.188         1793642.38    
  -138417.453         1793642.38    
  -139433.734         1793642.38    
  -140450.016         1793642.38    
  -141466.297         1793642.38    
  -142482.578         1793642.38    
  -143498.859         1793642.38    
  -144515.125         1793642.38    
  -145531.406         1793642.38    
  -146547.703         1793642.38    
  -147563.969         1793642.38    
  -148580.234         1793642.38    
  -149596.531         1793642.38    
  -150612.797         1793642.38    
  -151629.094         1793642.38    
  -152645.359         1793642.38    
  -153659.938         1793642.38    
  -154676.219         1793642.38    
  -155692.500         1793642.38    
  -156708.781         1793642.38    
  -157725.047         1793642.38    
  -158741.344         1793642.38    
  -159757.609         1793642.38    
  -160773.906         1793642.38    
  -161790.172         1793642.38    
  -162806.453         1793642.38    
  -163822.719         1793642.38    
  -164839.016         1793642.38    
  -165853.594         1793642.38    
  -166869.875         1793642.38    
  -167886.141         1793642.38    
  -168902.422         1793642.38    
  -169918.703         1793642.38    
  -170934.984         1793642.38    
  -171951.266         1793642.38    
  -172967.531         1793642.38    
  -173983.812         1793642.38    
  -175000.094         1793642.38    
  -176016.375         1793642.38    
  -177032.641         1793642.38    
  -178048.922         1793642.38    
  -179065.219         1793642.38    
  -180081.484         1793642.38    
  -181097.750         1793642.38    
  -182114.062         1793642.38    
  -183130.312         1793642.38    
  -184146.594         1793642.38    
  -185162.891         1793642.38    
  -186179.156         1793642.38    
  -187195.422         1793642.38    
  -188211.734         1793642.38    
  -189227.984         1793642.38    
  -190244.266         1793642.38    
  -191258.859         1793642.38    
  -192275.125         1793642.38    
  -193291.406         1793642.38    
  -194307.688         1793642.38    
  -195323.969         1793642.38    
  -196340.234         1793642.38    
  -197356.531         1793642.38    
  -198372.797         1793642.38    
  -199389.078         1793642.38    
  -200405.359         1793642.38    
  -201421.641         1793642.38    
  -202437.906         1793642.38    
  -203454.203         1793642.38    
  -204468.781         1793642.38    
  -205485.062         1793642.38    
  -206501.312         1793642.38    
  -207517.609         1793642.38    
  -208533.891         1793642.38    
  -209550.172         1793642.38    
  -210566.453         1793642.38    
  -211582.719         1793642.38    
  -212599.016         1793642.38    
  -213615.281         1793642.38    
  -214631.562         1793642.38    
  -215647.844         1793642.38    
  -216664.125         1793642.38    
  -217680.391         1793642.38    
  -218696.672         1793642.38    
  -219712.953         1793642.38    
  -220729.250         1793642.38    
  -221745.500         1793642.38    
  -222761.797         1793642.38    
  -223778.062         1793642.38    
  -224794.344         1793642.38    
  -225810.625         1793642.38    
  -226826.906         1793642.38    
  -227843.188         1793642.38    
  -228859.453         1793642.38    
  -229874.062         1793642.38    
  -230890.297         1793642.38    
  -231906.609         1793642.38    
  -232922.859         1793642.38    
  -233939.141         1793642.38    
  -234955.422         1793642.38    
  -235971.719         1793642.38    
  -236988.000         1793642.38    
  -238004.266         1793642.38    
  -239020.547         1793642.38    
  -240036.844         1793642.38    
  -241053.094         1793642.38    
  -242067.703         1793642.38    
  -243083.969         1793642.38    
  -244100.250         1793642.38    
  -245116.516         1793642.38    
  -246132.797         1793642.38    
  -247149.062         1793642.38    
  -248165.344         1793642.38    
  -249181.641         1793642.38    
  -250197.922         1793642.38    
  -251214.188         1793642.38    
  -252230.469         1793642.38    
  -253246.766         1793642.38    
  -254263.016         1793642.38    
  -255279.312         1793642.38    
  -256295.594         1793642.38    
  -257311.891         1793642.38    
  -258328.141         1793642.38    
  -259344.438         1793642.38    
  -260360.688         1793642.38    
  -261376.984         1793642.38    
  -262393.250         1793642.38    
  -263409.531         1793642.38    
  -264425.812         1793642.38    
  -265442.062         1793642.38    
  -266458.375         1793642.38    
  -267472.938         1793642.38    
  -268489.219         1793642.38    
  -269505.500         1793642.38    
  -270521.812         1793642.38    
  -271538.031         1793642.38    
  -272554.312         1793642.38    
  -273570.656         1793642.38    
  -274586.875         1793642.38    
  -275603.188         1793642.38    
  -276619.469         1793642.38    
  -277635.750         1793642.38    
  -278652.031         1793642.38    
  -279668.281         1793642.38    
  -280682.875         1793642.38    
  -281702.531         1793642.38    
  -282722.219         1793642.38    
  -283745.281         1793642.38    
  -284771.750         1793642.38    
  -285799.875         1793642.38    
  -286829.750         1793642.38    
  -287864.688         1793642.38    
  -288901.312         1793642.38    
  -289943.062         1793642.38    
  -290988.156         1793642.38    
  -292036.719         1793642.38    
  -293088.625         1793642.38    
  -294147.281         1793642.38    
  -295211.094         1793642.38    
  -296279.969         1793642.38    
  -297353.906         1793642.38    
  -298434.656         1793642.38    
  -299522.188         1793642.38    
  -300614.844         1793642.38    
  -301717.625         1793642.38    
  -302827.250         1793642.38    
  -303945.312         1793642.38    
  -305073.562         1793642.38    
  -306210.281         1793642.38    
  -307358.906         1793642.38    
  -308517.719         1793642.38    
  -309688.375         1793642.38    
  -310870.938         1793642.38    
  -312068.750         1793642.38    
  -313280.125         1793642.38    
  -314506.812         1793642.38    
  -315748.688         1793642.38    
  -317007.625         1793642.38    
  -318283.469         1793642.38    
  -319579.688         1793642.38    
  -320896.281         1793642.38    
  -322233.219         1793642.38    
  -323592.219         1793642.38    
  -324974.969         1793642.38    
  -326381.469         1793642.38    
  -327815.125         1793642.38    
  -329274.188         1793642.38    
  -330763.875         1793642.38    
  -332280.656         1793642.38    
  -333829.656         1793642.38    
  -335410.906         1793642.38    
  -337024.406         1793642.38    
  -338673.531         1793642.38    
  -340358.281         1793642.38    
  -342078.656         1793642.38    
  -343838.031         1793642.38    
  -345638.156         1793642.38    
  -347477.281         1793642.38    
  -349355.469         1793642.38    
  -351277.719         1793642.38    
  -353242.438         1793642.38    
  -355251.250         1793642.38    
  -357304.156         1793642.38    
  -359401.219         1793642.38    
  -361542.344         1793642.38    
  -363730.969         1793642.38    
  -365963.750         1793642.38    
  -368240.625         1793642.38    
  -370564.969         1793642.38    
  -372933.469         1793642.38    
  -375347.781         1793642.38    
  -377806.188         1793642.38    
  -380308.688         1793642.38    
  -382855.344         1793642.38    
  -385444.375         1793642.38    
  -388074.156         1793642.38    
  -390746.344         1793642.38    
  -393457.531         1793642.38    
  -396207.750         1793642.38    
  -398995.344         1793642.38    
  -401820.156         1793642.38    
  -404682.406         1793642.38    
  -407575.125         1793642.38    
  -410503.531         1793642.38    
  -413464.156         1793642.38    
  -416453.562         1793642.38    
  -419473.594         1793642.38    
  -422520.750         1793642.38    
  -425595.031         1793642.38    
  -428694.750         1793642.38    
  -431818.219         1793642.38    
  -434967.219         1793642.38    
  -438134.750         1793642.38    
  -441326.125         1793642.38    
  -444536.156         1793642.38    
  -447764.812         1793642.38    
  -451010.469         1793642.38    
  -454274.750         1793642.38    
  -457554.344         1793642.38    
  -460847.500         1793642.38    
  -464155.906         1793642.38    
  -467477.906         1793642.38    
  -470810.062         1793642.38    
  -474155.844         1793642.38    
  -477511.750         1793642.38    
  -480879.500         1793642.38    
  -484255.812         1793642.38    
  -487642.281         1793642.38    
  -491035.562         1793642.38    
