   1.5922338e+01   1.4108382e+02
   1.5893588e+01   1.4108385e+02
   1.5865180e+01   1.4108388e+02
   1.5837219e+01   1.4108392e+02
   1.5809838e+01   1.4108395e+02
   1.5783195e+01   1.4108397e+02
   1.5757471e+01   1.4108400e+02
   1.5732859e+01   1.4108403e+02
   1.5709551e+01   1.4108406e+02
   1.5687713e+01   1.4108408e+02
   1.5667459e+01   1.4108410e+02
   1.5648838e+01   1.4108412e+02
   1.5631817e+01   1.4108414e+02
   1.5616293e+01   1.4108416e+02
   1.5602109e+01   1.4108417e+02
   1.5589077e+01   1.4108419e+02
   1.5577002e+01   1.4108420e+02
   1.5565699e+01   1.4108421e+02
   1.5555006e+01   1.4108422e+02
   1.5544784e+01   1.4108423e+02
   1.5534923e+01   1.4108425e+02
   1.5525335e+01   1.4108426e+02
   1.5515950e+01   1.4108427e+02
   1.5506717e+01   1.4108428e+02
   1.5497597e+01   1.4108429e+02
   1.5488559e+01   1.4108430e+02
   1.5479522e+01   1.4108431e+02
   1.5470485e+01   1.4108432e+02
   1.5461448e+01   1.4108433e+02
   1.5452410e+01   1.4108433e+02
   1.5443373e+01   1.4108434e+02
   1.5434336e+01   1.4108435e+02
   1.5425299e+01   1.4108436e+02
   1.5416261e+01   1.4108437e+02
   1.5407224e+01   1.4108438e+02
   1.5398187e+01   1.4108439e+02
   1.5389149e+01   1.4108440e+02
   1.5380112e+01   1.4108441e+02
   1.5371075e+01   1.4108442e+02
   1.5362037e+01   1.4108443e+02
   1.5353000e+01   1.4108444e+02
   1.5343963e+01   1.4108445e+02
   1.5334925e+01   1.4108446e+02
   1.5325888e+01   1.4108447e+02
   1.5316851e+01   1.4108448e+02
   1.5307813e+01   1.4108449e+02
   1.5298776e+01   1.4108450e+02
   1.5289738e+01   1.4108451e+02
   1.5280701e+01   1.4108452e+02
   1.5271664e+01   1.4108453e+02
   1.5262626e+01   1.4108454e+02
   1.5253589e+01   1.4108455e+02
   1.5244551e+01   1.4108456e+02
   1.5235514e+01   1.4108457e+02
   1.5226477e+01   1.4108458e+02
   1.5217439e+01   1.4108459e+02
   1.5208402e+01   1.4108460e+02
   1.5199364e+01   1.4108461e+02
   1.5190327e+01   1.4108462e+02
   1.5181289e+01   1.4108463e+02
   1.5172252e+01   1.4108464e+02
   1.5163214e+01   1.4108465e+02
   1.5154177e+01   1.4108466e+02
   1.5145139e+01   1.4108467e+02
   1.5136102e+01   1.4108467e+02
   1.5127064e+01   1.4108468e+02
   1.5118027e+01   1.4108469e+02
   1.5108989e+01   1.4108470e+02
   1.5099952e+01   1.4108471e+02
   1.5090914e+01   1.4108472e+02
   1.5081877e+01   1.4108473e+02
   1.5072839e+01   1.4108474e+02
   1.5063801e+01   1.4108475e+02
   1.5054764e+01   1.4108476e+02
   1.5045726e+01   1.4108477e+02
   1.5036689e+01   1.4108478e+02
   1.5027651e+01   1.4108479e+02
   1.5018613e+01   1.4108480e+02
   1.5009576e+01   1.4108481e+02
   1.5000538e+01   1.4108482e+02
   1.4991501e+01   1.4108483e+02
   1.4982463e+01   1.4108484e+02
   1.4973425e+01   1.4108485e+02
   1.4964388e+01   1.4108486e+02
   1.4955350e+01   1.4108487e+02
   1.4946312e+01   1.4108488e+02
   1.4937275e+01   1.4108489e+02
   1.4928237e+01   1.4108490e+02
   1.4919199e+01   1.4108491e+02
   1.4910162e+01   1.4108491e+02
   1.4901124e+01   1.4108492e+02
   1.4892086e+01   1.4108493e+02
   1.4883048e+01   1.4108494e+02
   1.4874011e+01   1.4108495e+02
   1.4864973e+01   1.4108496e+02
   1.4855935e+01   1.4108497e+02
   1.4846898e+01   1.4108498e+02
   1.4837860e+01   1.4108499e+02
   1.4828822e+01   1.4108500e+02
   1.4819784e+01   1.4108501e+02
   1.4810747e+01   1.4108502e+02
   1.4801709e+01   1.4108503e+02
   1.4792671e+01   1.4108504e+02
   1.4783633e+01   1.4108505e+02
   1.4774595e+01   1.4108506e+02
   1.4765558e+01   1.4108507e+02
   1.4756520e+01   1.4108508e+02
   1.4747482e+01   1.4108509e+02
   1.4738444e+01   1.4108510e+02
   1.4729406e+01   1.4108510e+02
   1.4720368e+01   1.4108511e+02
   1.4711331e+01   1.4108512e+02
   1.4702293e+01   1.4108513e+02
   1.4693255e+01   1.4108514e+02
   1.4684217e+01   1.4108515e+02
   1.4675179e+01   1.4108516e+02
   1.4666141e+01   1.4108517e+02
   1.4657103e+01   1.4108518e+02
   1.4648065e+01   1.4108519e+02
   1.4639028e+01   1.4108520e+02
   1.4629990e+01   1.4108521e+02
   1.4620952e+01   1.4108522e+02
   1.4611914e+01   1.4108523e+02
   1.4602876e+01   1.4108524e+02
   1.4593838e+01   1.4108525e+02
   1.4584800e+01   1.4108526e+02
   1.4575762e+01   1.4108527e+02
   1.4566724e+01   1.4108527e+02
   1.4557686e+01   1.4108528e+02
   1.4548648e+01   1.4108529e+02
   1.4539610e+01   1.4108530e+02
   1.4530572e+01   1.4108531e+02
   1.4521534e+01   1.4108532e+02
   1.4512496e+01   1.4108533e+02
   1.4503458e+01   1.4108534e+02
   1.4494420e+01   1.4108535e+02
   1.4485382e+01   1.4108536e+02
   1.4476344e+01   1.4108537e+02
   1.4467306e+01   1.4108538e+02
   1.4458268e+01   1.4108539e+02
   1.4449230e+01   1.4108540e+02
   1.4440192e+01   1.4108541e+02
   1.4431154e+01   1.4108542e+02
   1.4422116e+01   1.4108542e+02
   1.4413078e+01   1.4108543e+02
   1.4404040e+01   1.4108544e+02
   1.4395002e+01   1.4108545e+02
   1.4385963e+01   1.4108546e+02
   1.4376925e+01   1.4108547e+02
   1.4367887e+01   1.4108548e+02
   1.4358849e+01   1.4108549e+02
   1.4349811e+01   1.4108550e+02
   1.4340773e+01   1.4108551e+02
   1.4331735e+01   1.4108552e+02
   1.4322697e+01   1.4108553e+02
   1.4313658e+01   1.4108554e+02
   1.4304620e+01   1.4108555e+02
   1.4295582e+01   1.4108555e+02
   1.4286544e+01   1.4108556e+02
   1.4277506e+01   1.4108557e+02
   1.4268468e+01   1.4108558e+02
   1.4259429e+01   1.4108559e+02
   1.4250391e+01   1.4108560e+02
   1.4241353e+01   1.4108561e+02
   1.4232315e+01   1.4108562e+02
   1.4223277e+01   1.4108563e+02
   1.4214238e+01   1.4108564e+02
   1.4205200e+01   1.4108565e+02
   1.4196162e+01   1.4108566e+02
   1.4187124e+01   1.4108567e+02
   1.4178085e+01   1.4108568e+02
   1.4169047e+01   1.4108568e+02
   1.4160009e+01   1.4108569e+02
   1.4150970e+01   1.4108570e+02
   1.4141932e+01   1.4108571e+02
   1.4132894e+01   1.4108572e+02
   1.4123856e+01   1.4108573e+02
   1.4114817e+01   1.4108574e+02
   1.4105779e+01   1.4108575e+02
   1.4096741e+01   1.4108576e+02
   1.4087702e+01   1.4108577e+02
   1.4078664e+01   1.4108578e+02
   1.4069626e+01   1.4108579e+02
   1.4060587e+01   1.4108579e+02
   1.4051549e+01   1.4108580e+02
   1.4042511e+01   1.4108581e+02
   1.4033472e+01   1.4108582e+02
   1.4024434e+01   1.4108583e+02
   1.4015396e+01   1.4108584e+02
   1.4006357e+01   1.4108585e+02
   1.3997319e+01   1.4108586e+02
   1.3988280e+01   1.4108587e+02
   1.3979242e+01   1.4108588e+02
   1.3970204e+01   1.4108589e+02
   1.3961165e+01   1.4108590e+02
   1.3952127e+01   1.4108590e+02
   1.3943088e+01   1.4108591e+02
   1.3934050e+01   1.4108592e+02
   1.3925011e+01   1.4108593e+02
   1.3915973e+01   1.4108594e+02
   1.3906934e+01   1.4108595e+02
   1.3897896e+01   1.4108596e+02
   1.3888858e+01   1.4108597e+02
   1.3879819e+01   1.4108598e+02
   1.3870781e+01   1.4108599e+02
   1.3861742e+01   1.4108600e+02
   1.3852704e+01   1.4108601e+02
   1.3843665e+01   1.4108601e+02
   1.3834627e+01   1.4108602e+02
   1.3825588e+01   1.4108603e+02
   1.3816550e+01   1.4108604e+02
   1.3807511e+01   1.4108605e+02
   1.3798472e+01   1.4108606e+02
   1.3789434e+01   1.4108607e+02
   1.3780395e+01   1.4108608e+02
   1.3771357e+01   1.4108609e+02
   1.3762318e+01   1.4108610e+02
   1.3753280e+01   1.4108610e+02
   1.3744241e+01   1.4108611e+02
   1.3735203e+01   1.4108612e+02
   1.3726164e+01   1.4108613e+02
   1.3717125e+01   1.4108614e+02
   1.3708087e+01   1.4108615e+02
   1.3699048e+01   1.4108616e+02
   1.3690010e+01   1.4108617e+02
   1.3680971e+01   1.4108618e+02
   1.3671932e+01   1.4108619e+02
   1.3662894e+01   1.4108620e+02
   1.3653855e+01   1.4108620e+02
   1.3644816e+01   1.4108621e+02
   1.3635778e+01   1.4108622e+02
   1.3626739e+01   1.4108623e+02
   1.3617700e+01   1.4108624e+02
   1.3608662e+01   1.4108625e+02
   1.3599623e+01   1.4108626e+02
   1.3590584e+01   1.4108627e+02
   1.3581546e+01   1.4108628e+02
   1.3572507e+01   1.4108629e+02
   1.3563468e+01   1.4108629e+02
   1.3554429e+01   1.4108630e+02
   1.3545391e+01   1.4108631e+02
   1.3536352e+01   1.4108632e+02
   1.3527313e+01   1.4108633e+02
   1.3518275e+01   1.4108634e+02
   1.3509236e+01   1.4108635e+02
   1.3500197e+01   1.4108636e+02
   1.3491158e+01   1.4108637e+02
   1.3482120e+01   1.4108637e+02
   1.3473081e+01   1.4108638e+02
   1.3464042e+01   1.4108639e+02
   1.3455003e+01   1.4108640e+02
   1.3445964e+01   1.4108641e+02
   1.3436926e+01   1.4108642e+02
   1.3427887e+01   1.4108643e+02
   1.3418848e+01   1.4108644e+02
   1.3409809e+01   1.4108645e+02
   1.3400770e+01   1.4108645e+02
   1.3391732e+01   1.4108646e+02
   1.3382693e+01   1.4108647e+02
   1.3373654e+01   1.4108648e+02
   1.3364615e+01   1.4108649e+02
   1.3355576e+01   1.4108650e+02
   1.3346537e+01   1.4108651e+02
   1.3337498e+01   1.4108652e+02
   1.3328460e+01   1.4108653e+02
   1.3319421e+01   1.4108653e+02
   1.3310382e+01   1.4108654e+02
   1.3301343e+01   1.4108655e+02
   1.3292304e+01   1.4108656e+02
   1.3283265e+01   1.4108657e+02
   1.3274226e+01   1.4108658e+02
   1.3265187e+01   1.4108659e+02
   1.3256148e+01   1.4108660e+02
   1.3247109e+01   1.4108661e+02
   1.3238070e+01   1.4108661e+02
   1.3229031e+01   1.4108662e+02
   1.3219992e+01   1.4108663e+02
   1.3210954e+01   1.4108664e+02
   1.3201915e+01   1.4108665e+02
   1.3192876e+01   1.4108666e+02
   1.3183837e+01   1.4108667e+02
   1.3174798e+01   1.4108668e+02
   1.3165759e+01   1.4108668e+02
   1.3156720e+01   1.4108669e+02
   1.3147681e+01   1.4108670e+02
   1.3138642e+01   1.4108671e+02
   1.3129603e+01   1.4108672e+02
   1.3120564e+01   1.4108673e+02
   1.3111525e+01   1.4108674e+02
   1.3102486e+01   1.4108675e+02
   1.3093446e+01   1.4108676e+02
   1.3084407e+01   1.4108676e+02
   1.3075368e+01   1.4108677e+02
   1.3066329e+01   1.4108678e+02
   1.3057290e+01   1.4108679e+02
   1.3048251e+01   1.4108680e+02
   1.3039212e+01   1.4108681e+02
   1.3030173e+01   1.4108682e+02
   1.3021134e+01   1.4108683e+02
   1.3012095e+01   1.4108683e+02
   1.3003056e+01   1.4108684e+02
   1.2994017e+01   1.4108685e+02
   1.2984977e+01   1.4108686e+02
   1.2975938e+01   1.4108687e+02
   1.2966899e+01   1.4108688e+02
   1.2957860e+01   1.4108689e+02
   1.2948821e+01   1.4108689e+02
   1.2939782e+01   1.4108690e+02
   1.2930743e+01   1.4108691e+02
   1.2921703e+01   1.4108692e+02
   1.2912664e+01   1.4108693e+02
   1.2903625e+01   1.4108694e+02
   1.2894586e+01   1.4108695e+02
   1.2885547e+01   1.4108696e+02
   1.2876508e+01   1.4108696e+02
   1.2867468e+01   1.4108697e+02
   1.2858429e+01   1.4108698e+02
   1.2849390e+01   1.4108699e+02
   1.2840351e+01   1.4108700e+02
   1.2831312e+01   1.4108701e+02
   1.2822272e+01   1.4108702e+02
   1.2813233e+01   1.4108702e+02
   1.2804194e+01   1.4108703e+02
   1.2795155e+01   1.4108704e+02
   1.2786115e+01   1.4108705e+02
   1.2777076e+01   1.4108706e+02
   1.2768037e+01   1.4108707e+02
   1.2758998e+01   1.4108708e+02
   1.2749958e+01   1.4108709e+02
   1.2740919e+01   1.4108709e+02
   1.2731880e+01   1.4108710e+02
   1.2722840e+01   1.4108711e+02
   1.2713801e+01   1.4108712e+02
   1.2704762e+01   1.4108713e+02
   1.2695722e+01   1.4108714e+02
   1.2686683e+01   1.4108715e+02
   1.2677644e+01   1.4108715e+02
   1.2668604e+01   1.4108716e+02
   1.2659460e+01   1.4108719e+02
   1.2650317e+01   1.4108722e+02
   1.2641173e+01   1.4108725e+02
   1.2632029e+01   1.4108728e+02
   1.2622466e+01   1.4108733e+02
   1.2612904e+01   1.4108738e+02
   1.2603341e+01   1.4108743e+02
   1.2593779e+01   1.4108748e+02
   1.2583484e+01   1.4108753e+02
   1.2573189e+01   1.4108758e+02
   1.2562894e+01   1.4108763e+02
   1.2552599e+01   1.4108768e+02
   1.2542304e+01   1.4108773e+02
   1.2531747e+01   1.4108778e+02
   1.2520779e+01   1.4108783e+02
   1.2509170e+01   1.4108788e+02
   1.2496581e+01   1.4108794e+02
   1.2482522e+01   1.4108800e+02
   1.2466339e+01   1.4108807e+02
   1.2447232e+01   1.4108814e+02
   1.2424366e+01   1.4108824e+02
   1.2397063e+01   1.4108834e+02
   1.2365030e+01   1.4108847e+02
   1.2328465e+01   1.4108860e+02
   1.2287985e+01   1.4108875e+02
   1.2244412e+01   1.4108890e+02
   1.2198564e+01   1.4108905e+02
   1.2151130e+01   1.4108920e+02
   1.2102629e+01   1.4108935e+02
