   1.5961387e+01   1.4754192e+02
   1.5961391e+01   1.4745416e+02
   1.5961394e+01   1.4736744e+02
   1.5961398e+01   1.4728202e+02
   1.5961401e+01   1.4719820e+02
   1.5961404e+01   1.4711635e+02
   1.5961407e+01   1.4703687e+02
   1.5961410e+01   1.4696022e+02
   1.5961413e+01   1.4688689e+02
   1.5961416e+01   1.4681737e+02
   1.5961419e+01   1.4675212e+02
   1.5961421e+01   1.4669154e+02
   1.5961423e+01   1.4663593e+02
   1.5961425e+01   1.4658544e+02
   1.5961427e+01   1.4654007e+02
   1.5961428e+01   1.4649966e+02
   1.5961430e+01   1.4646392e+02
   1.5961431e+01   1.4643246e+02
   1.5961432e+01   1.4640480e+02
   1.5961433e+01   1.4638046e+02
   1.5961434e+01   1.4635896e+02
   1.5961434e+01   1.4633982e+02
   1.5961435e+01   1.4632266e+02
   1.5961436e+01   1.4630709e+02
   1.5961436e+01   1.4629283e+02
   1.5961437e+01   1.4627961e+02
   1.5961437e+01   1.4626722e+02
   1.5961438e+01   1.4625549e+02
   1.5961438e+01   1.4624428e+02
   1.5961438e+01   1.4623349e+02
   1.5961439e+01   1.4622301e+02
   1.5961439e+01   1.4621279e+02
   1.5961440e+01   1.4620257e+02
   1.5961440e+01   1.4619235e+02
   1.5961440e+01   1.4618213e+02
   1.5961441e+01   1.4617191e+02
   1.5961441e+01   1.4616169e+02
   1.5961442e+01   1.4615147e+02
   1.5961442e+01   1.4614125e+02
   1.5961442e+01   1.4613103e+02
   1.5961443e+01   1.4612092e+02
   1.5961443e+01   1.4611080e+02
   1.5961443e+01   1.4610069e+02
   1.5961444e+01   1.4609058e+02
   1.5961444e+01   1.4608046e+02
   1.5961445e+01   1.4607035e+02
   1.5961445e+01   1.4606024e+02
   1.5961445e+01   1.4605012e+02
   1.5961446e+01   1.4604012e+02
   1.5961446e+01   1.4603011e+02
   1.5961447e+01   1.4602011e+02
   1.5961447e+01   1.4601010e+02
   1.5961447e+01   1.4600009e+02
   1.5961448e+01   1.4599009e+02
   1.5961448e+01   1.4598008e+02
   1.5961448e+01   1.4597008e+02
   1.5961449e+01   1.4596018e+02
   1.5961449e+01   1.4595028e+02
   1.5961449e+01   1.4594038e+02
   1.5961450e+01   1.4593048e+02
   1.5961450e+01   1.4592058e+02
   1.5961451e+01   1.4591068e+02
   1.5961451e+01   1.4590078e+02
   1.5961451e+01   1.4589088e+02
   1.5961452e+01   1.4588109e+02
   1.5961452e+01   1.4587130e+02
   1.5961452e+01   1.4586151e+02
   1.5961453e+01   1.4585171e+02
   1.5961453e+01   1.4584192e+02
   1.5961453e+01   1.4583213e+02
   1.5961454e+01   1.4582234e+02
   1.5961454e+01   1.4581254e+02
   1.5961455e+01   1.4580286e+02
   1.5961455e+01   1.4579317e+02
   1.5961455e+01   1.4578349e+02
   1.5961456e+01   1.4577380e+02
   1.5961456e+01   1.4576412e+02
   1.5961456e+01   1.4575443e+02
   1.5961457e+01   1.4574475e+02
   1.5961457e+01   1.4573506e+02
   1.5961457e+01   1.4572548e+02
   1.5961458e+01   1.4571591e+02
   1.5961458e+01   1.4570633e+02
   1.5961458e+01   1.4569675e+02
   1.5961459e+01   1.4568717e+02
   1.5961459e+01   1.4567759e+02
   1.5961460e+01   1.4566802e+02
   1.5961460e+01   1.4565844e+02
   1.5961460e+01   1.4564891e+02
   1.5961461e+01   1.4563939e+02
   1.5961461e+01   1.4562986e+02
   1.5961461e+01   1.4562034e+02
   1.5961462e+01   1.4561081e+02
   1.5961462e+01   1.4560129e+02
   1.5961462e+01   1.4559176e+02
   1.5961463e+01   1.4558224e+02
   1.5961463e+01   1.4557271e+02
   1.5961463e+01   1.4556319e+02
   1.5961464e+01   1.4555367e+02
   1.5961464e+01   1.4554414e+02
   1.5961464e+01   1.4553462e+02
   1.5961465e+01   1.4552509e+02
   1.5961465e+01   1.4551557e+02
   1.5961465e+01   1.4550604e+02
   1.5961466e+01   1.4549652e+02
   1.5961466e+01   1.4548699e+02
   1.5961466e+01   1.4547747e+02
   1.5961467e+01   1.4546794e+02
   1.5961467e+01   1.4545842e+02
   1.5961467e+01   1.4544889e+02
   1.5961468e+01   1.4543937e+02
   1.5961468e+01   1.4542984e+02
   1.5961468e+01   1.4542032e+02
   1.5961469e+01   1.4541080e+02
   1.5961469e+01   1.4540127e+02
   1.5961469e+01   1.4539175e+02
   1.5961470e+01   1.4538222e+02
   1.5961470e+01   1.4537270e+02
   1.5961470e+01   1.4536317e+02
   1.5961471e+01   1.4535365e+02
   1.5961471e+01   1.4534412e+02
   1.5961471e+01   1.4533460e+02
   1.5961472e+01   1.4532507e+02
   1.5961472e+01   1.4531555e+02
   1.5961472e+01   1.4530602e+02
   1.5961473e+01   1.4529650e+02
   1.5961473e+01   1.4528697e+02
   1.5961473e+01   1.4527745e+02
   1.5961474e+01   1.4526793e+02
   1.5961474e+01   1.4525840e+02
   1.5961474e+01   1.4524888e+02
   1.5961475e+01   1.4523935e+02
   1.5961475e+01   1.4522983e+02
   1.5961475e+01   1.4522030e+02
   1.5961475e+01   1.4521078e+02
   1.5961476e+01   1.4520125e+02
   1.5961476e+01   1.4519173e+02
   1.5961476e+01   1.4518220e+02
   1.5961477e+01   1.4517268e+02
   1.5961477e+01   1.4516315e+02
   1.5961477e+01   1.4515363e+02
   1.5961478e+01   1.4514411e+02
   1.5961478e+01   1.4513458e+02
   1.5961478e+01   1.4512506e+02
   1.5961479e+01   1.4511553e+02
   1.5961479e+01   1.4510601e+02
   1.5961479e+01   1.4509648e+02
   1.5961480e+01   1.4508696e+02
   1.5961480e+01   1.4507743e+02
   1.5961480e+01   1.4506791e+02
   1.5961480e+01   1.4505838e+02
   1.5961481e+01   1.4504886e+02
   1.5961481e+01   1.4503933e+02
   1.5961481e+01   1.4502981e+02
   1.5961482e+01   1.4502029e+02
   1.5961482e+01   1.4501076e+02
   1.5961482e+01   1.4500124e+02
   1.5961483e+01   1.4499171e+02
   1.5961483e+01   1.4498219e+02
   1.5961483e+01   1.4497266e+02
   1.5961484e+01   1.4496314e+02
   1.5961484e+01   1.4495361e+02
   1.5961484e+01   1.4494409e+02
   1.5961484e+01   1.4493456e+02
   1.5961485e+01   1.4492504e+02
   1.5961485e+01   1.4491551e+02
   1.5961485e+01   1.4490599e+02
   1.5961486e+01   1.4489647e+02
   1.5961486e+01   1.4488694e+02
   1.5961486e+01   1.4487742e+02
   1.5961487e+01   1.4486789e+02
   1.5961487e+01   1.4485837e+02
   1.5961487e+01   1.4484884e+02
   1.5961487e+01   1.4483932e+02
   1.5961488e+01   1.4482979e+02
   1.5961488e+01   1.4482027e+02
   1.5961488e+01   1.4481074e+02
   1.5961489e+01   1.4480122e+02
   1.5961489e+01   1.4479170e+02
   1.5961489e+01   1.4478217e+02
   1.5961489e+01   1.4477265e+02
   1.5961490e+01   1.4476312e+02
   1.5961490e+01   1.4475360e+02
   1.5961490e+01   1.4474407e+02
   1.5961491e+01   1.4473455e+02
   1.5961491e+01   1.4472502e+02
   1.5961491e+01   1.4471550e+02
   1.5961491e+01   1.4470597e+02
   1.5961492e+01   1.4469645e+02
   1.5961492e+01   1.4468693e+02
   1.5961492e+01   1.4467740e+02
   1.5961493e+01   1.4466788e+02
   1.5961493e+01   1.4465835e+02
   1.5961493e+01   1.4464883e+02
   1.5961493e+01   1.4463930e+02
   1.5961494e+01   1.4462978e+02
   1.5961494e+01   1.4462025e+02
   1.5961494e+01   1.4461073e+02
   1.5961495e+01   1.4460121e+02
   1.5961495e+01   1.4459168e+02
   1.5961495e+01   1.4458216e+02
   1.5961495e+01   1.4457263e+02
   1.5961496e+01   1.4456311e+02
   1.5961496e+01   1.4455358e+02
   1.5961496e+01   1.4454406e+02
   1.5961497e+01   1.4453453e+02
   1.5961497e+01   1.4452501e+02
   1.5961497e+01   1.4451548e+02
   1.5961497e+01   1.4450596e+02
   1.5961498e+01   1.4449644e+02
   1.5961498e+01   1.4448691e+02
   1.5961498e+01   1.4447739e+02
   1.5961498e+01   1.4446786e+02
   1.5961499e+01   1.4445834e+02
   1.5961499e+01   1.4444881e+02
   1.5961499e+01   1.4443929e+02
   1.5961500e+01   1.4442976e+02
   1.5961500e+01   1.4442024e+02
   1.5961500e+01   1.4441072e+02
   1.5961500e+01   1.4440119e+02
   1.5961501e+01   1.4439167e+02
   1.5961501e+01   1.4438214e+02
   1.5961501e+01   1.4437262e+02
   1.5961501e+01   1.4436309e+02
   1.5961502e+01   1.4435357e+02
   1.5961502e+01   1.4434404e+02
   1.5961502e+01   1.4433452e+02
   1.5961502e+01   1.4432500e+02
   1.5961503e+01   1.4431547e+02
   1.5961503e+01   1.4430595e+02
   1.5961503e+01   1.4429642e+02
   1.5961504e+01   1.4428690e+02
   1.5961504e+01   1.4427737e+02
   1.5961504e+01   1.4426785e+02
   1.5961504e+01   1.4425832e+02
   1.5961505e+01   1.4424880e+02
   1.5961505e+01   1.4423928e+02
   1.5961505e+01   1.4422975e+02
   1.5961505e+01   1.4422023e+02
   1.5961506e+01   1.4421070e+02
   1.5961506e+01   1.4420118e+02
   1.5961506e+01   1.4419165e+02
   1.5961506e+01   1.4418213e+02
   1.5961507e+01   1.4417260e+02
   1.5961507e+01   1.4416308e+02
   1.5961507e+01   1.4415356e+02
   1.5961507e+01   1.4414403e+02
   1.5961508e+01   1.4413451e+02
   1.5961508e+01   1.4412498e+02
   1.5961508e+01   1.4411546e+02
   1.5961508e+01   1.4410593e+02
   1.5961509e+01   1.4409641e+02
   1.5961509e+01   1.4408688e+02
   1.5961509e+01   1.4407736e+02
   1.5961509e+01   1.4406784e+02
   1.5961510e+01   1.4405831e+02
   1.5961510e+01   1.4404879e+02
   1.5961510e+01   1.4403926e+02
   1.5961510e+01   1.4402974e+02
   1.5961511e+01   1.4402021e+02
   1.5961511e+01   1.4401069e+02
   1.5961511e+01   1.4400117e+02
   1.5961511e+01   1.4399164e+02
   1.5961512e+01   1.4398212e+02
   1.5961512e+01   1.4397259e+02
   1.5961512e+01   1.4396307e+02
   1.5961512e+01   1.4395354e+02
   1.5961513e+01   1.4394402e+02
   1.5961513e+01   1.4393449e+02
   1.5961513e+01   1.4392497e+02
   1.5961513e+01   1.4391545e+02
   1.5961514e+01   1.4390592e+02
   1.5961514e+01   1.4389640e+02
   1.5961514e+01   1.4388687e+02
   1.5961514e+01   1.4387735e+02
   1.5961515e+01   1.4386782e+02
   1.5961515e+01   1.4385830e+02
   1.5961515e+01   1.4384878e+02
   1.5961515e+01   1.4383925e+02
   1.5961516e+01   1.4382973e+02
   1.5961516e+01   1.4382020e+02
   1.5961516e+01   1.4381068e+02
   1.5961516e+01   1.4380115e+02
   1.5961517e+01   1.4379163e+02
   1.5961517e+01   1.4378211e+02
   1.5961517e+01   1.4377258e+02
   1.5961517e+01   1.4376306e+02
   1.5961517e+01   1.4375353e+02
   1.5961518e+01   1.4374401e+02
   1.5961518e+01   1.4373448e+02
   1.5961518e+01   1.4372496e+02
   1.5961518e+01   1.4371544e+02
   1.5961519e+01   1.4370591e+02
   1.5961519e+01   1.4369639e+02
   1.5961519e+01   1.4368686e+02
   1.5961519e+01   1.4367734e+02
   1.5961520e+01   1.4366781e+02
   1.5961520e+01   1.4365829e+02
   1.5961520e+01   1.4364877e+02
   1.5961520e+01   1.4363924e+02
   1.5961521e+01   1.4362972e+02
   1.5961521e+01   1.4362019e+02
   1.5961521e+01   1.4361067e+02
   1.5961521e+01   1.4360114e+02
   1.5961521e+01   1.4359162e+02
   1.5961522e+01   1.4358210e+02
   1.5961522e+01   1.4357257e+02
   1.5961522e+01   1.4356305e+02
   1.5961522e+01   1.4355352e+02
   1.5961523e+01   1.4354400e+02
   1.5961523e+01   1.4353447e+02
   1.5961523e+01   1.4352495e+02
   1.5961523e+01   1.4351543e+02
   1.5961523e+01   1.4350590e+02
   1.5961524e+01   1.4349638e+02
   1.5961524e+01   1.4348685e+02
   1.5961524e+01   1.4347733e+02
   1.5961524e+01   1.4346780e+02
   1.5961525e+01   1.4345828e+02
   1.5961525e+01   1.4344876e+02
   1.5961525e+01   1.4343923e+02
   1.5961525e+01   1.4342971e+02
   1.5961525e+01   1.4342018e+02
   1.5961526e+01   1.4341066e+02
   1.5961526e+01   1.4340113e+02
   1.5961526e+01   1.4339161e+02
   1.5961526e+01   1.4338209e+02
   1.5961527e+01   1.4337256e+02
   1.5961527e+01   1.4336304e+02
   1.5961527e+01   1.4335351e+02
   1.5961527e+01   1.4334399e+02
   1.5961527e+01   1.4333447e+02
   1.5961528e+01   1.4332494e+02
   1.5961528e+01   1.4331542e+02
   1.5961528e+01   1.4330589e+02
   1.5961528e+01   1.4329637e+02
   1.5961529e+01   1.4328684e+02
   1.5961529e+01   1.4327732e+02
   1.5961529e+01   1.4326780e+02
   1.5961529e+01   1.4325827e+02
   1.5961529e+01   1.4324875e+02
   1.5961530e+01   1.4323922e+02
   1.5961530e+01   1.4322970e+02
   1.5961530e+01   1.4322017e+02
   1.5961530e+01   1.4321065e+02
   1.5961530e+01   1.4320113e+02
   1.5961531e+01   1.4319160e+02
   1.5961531e+01   1.4318208e+02
   1.5961531e+01   1.4317255e+02
   1.5961531e+01   1.4316303e+02
   1.5961531e+01   1.4315351e+02
   1.5961532e+01   1.4314398e+02
   1.5961532e+01   1.4313446e+02
   1.5961532e+01   1.4312493e+02
   1.5961532e+01   1.4311541e+02
   1.5961533e+01   1.4310588e+02
   1.5961533e+01   1.4309636e+02
   1.5961533e+01   1.4308684e+02
   1.5961533e+01   1.4307731e+02
   1.5961533e+01   1.4306779e+02
   1.5961534e+01   1.4305826e+02
   1.5961534e+01   1.4304874e+02
   1.5961534e+01   1.4303922e+02
   1.5961534e+01   1.4302969e+02
   1.5961534e+01   1.4302017e+02
   1.5961535e+01   1.4301064e+02
   1.5961535e+01   1.4300112e+02
   1.5961535e+01   1.4299160e+02
   1.5961535e+01   1.4298207e+02
   1.5961535e+01   1.4297242e+02
   1.5961536e+01   1.4296263e+02
   1.5961536e+01   1.4295268e+02
   1.5961536e+01   1.4294253e+02
   1.5961536e+01   1.4293216e+02
   1.5961536e+01   1.4292154e+02
   1.5961537e+01   1.4291062e+02
   1.5961537e+01   1.4289937e+02
   1.5961537e+01   1.4288773e+02
   1.5961537e+01   1.4287564e+02
   1.5961538e+01   1.4286304e+02
   1.5961538e+01   1.4284986e+02
   1.5961538e+01   1.4283602e+02
   1.5961539e+01   1.4282141e+02
   1.5961539e+01   1.4280596e+02
   1.5961539e+01   1.4278953e+02
   1.5961540e+01   1.4277202e+02
   1.5961540e+01   1.4275329e+02
   1.5961540e+01   1.4273320e+02
   1.5961541e+01   1.4271162e+02
   1.5961541e+01   1.4268838e+02
   1.5961542e+01   1.4266335e+02
   1.5961542e+01   1.4263636e+02
   1.5961543e+01   1.4260728e+02
   1.5961543e+01   1.4257596e+02
   1.5961544e+01   1.4254228e+02
   1.5961545e+01   1.4250614e+02
   1.5961546e+01   1.4246745e+02
   1.5961546e+01   1.4242616e+02
   1.5961547e+01   1.4238223e+02
   1.5961548e+01   1.4233568e+02
   1.5961549e+01   1.4228652e+02
   1.5961550e+01   1.4223481e+02
   1.5961551e+01   1.4218064e+02
   1.5961552e+01   1.4212411e+02
   1.5961553e+01   1.4206534e+02
   1.5961554e+01   1.4200448e+02
   1.5961555e+01   1.4194167e+02
   1.5961556e+01   1.4187705e+02
   1.5961557e+01   1.4181079e+02
   1.5961558e+01   1.4174302e+02
   1.5961560e+01   1.4167390e+02
   1.5961561e+01   1.4160357e+02
   1.5961562e+01   1.4153214e+02
   1.5961563e+01   1.4145975e+02
   1.5961564e+01   1.4138651e+02
   1.5961565e+01   1.4131250e+02
   1.5961566e+01   1.4123784e+02
   1.5961567e+01   1.4116258e+02
   1.5961569e+01   1.4108682e+02
