   1.5961569e+01   1.4108682e+02
   1.5895323e+01   1.4108679e+02
   1.5831365e+01   1.4108676e+02
   1.5771233e+01   1.4108673e+02
   1.5716995e+01   1.4108671e+02
   1.5670804e+01   1.4108669e+02
   1.5633949e+01   1.4108667e+02
   1.5606083e+01   1.4108666e+02
   1.5585447e+01   1.4108665e+02
   1.5569830e+01   1.4108664e+02
   1.5557352e+01   1.4108663e+02
   1.5546709e+01   1.4108663e+02
   1.5537098e+01   1.4108662e+02
   1.5528056e+01   1.4108662e+02
   1.5519013e+01   1.4108661e+02
   1.5509970e+01   1.4108661e+02
   1.5500927e+01   1.4108661e+02
   1.5491885e+01   1.4108660e+02
   1.5482842e+01   1.4108660e+02
   1.5473799e+01   1.4108659e+02
   1.5464757e+01   1.4108659e+02
   1.5455714e+01   1.4108658e+02
   1.5446668e+01   1.4108658e+02
   1.5437622e+01   1.4108657e+02
   1.5428576e+01   1.4108657e+02
   1.5419531e+01   1.4108657e+02
   1.5410485e+01   1.4108656e+02
   1.5401439e+01   1.4108656e+02
   1.5392393e+01   1.4108655e+02
   1.5383347e+01   1.4108655e+02
   1.5374298e+01   1.4108654e+02
   1.5365249e+01   1.4108654e+02
   1.5356200e+01   1.4108654e+02
   1.5347151e+01   1.4108653e+02
   1.5338102e+01   1.4108653e+02
   1.5329053e+01   1.4108652e+02
   1.5320004e+01   1.4108652e+02
   1.5310955e+01   1.4108651e+02
   1.5301903e+01   1.4108651e+02
   1.5292851e+01   1.4108650e+02
   1.5283799e+01   1.4108650e+02
   1.5274747e+01   1.4108650e+02
   1.5265695e+01   1.4108649e+02
   1.5256643e+01   1.4108649e+02
   1.5247591e+01   1.4108648e+02
   1.5238538e+01   1.4108648e+02
   1.5229483e+01   1.4108647e+02
   1.5220428e+01   1.4108647e+02
   1.5211373e+01   1.4108647e+02
   1.5202317e+01   1.4108646e+02
   1.5193262e+01   1.4108646e+02
   1.5184207e+01   1.4108645e+02
   1.5175152e+01   1.4108645e+02
   1.5166097e+01   1.4108644e+02
   1.5157038e+01   1.4108644e+02
   1.5147980e+01   1.4108643e+02
   1.5138922e+01   1.4108643e+02
   1.5129863e+01   1.4108643e+02
   1.5120805e+01   1.4108642e+02
   1.5111747e+01   1.4108642e+02
   1.5102688e+01   1.4108641e+02
   1.5093630e+01   1.4108641e+02
   1.5084568e+01   1.4108640e+02
   1.5075507e+01   1.4108640e+02
   1.5066446e+01   1.4108639e+02
   1.5057384e+01   1.4108639e+02
   1.5048323e+01   1.4108639e+02
   1.5039261e+01   1.4108638e+02
   1.5030200e+01   1.4108638e+02
   1.5021138e+01   1.4108637e+02
   1.5012074e+01   1.4108637e+02
   1.5003009e+01   1.4108636e+02
   1.4993945e+01   1.4108636e+02
   1.4984880e+01   1.4108635e+02
   1.4975816e+01   1.4108635e+02
   1.4966751e+01   1.4108635e+02
   1.4957687e+01   1.4108634e+02
   1.4948622e+01   1.4108634e+02
   1.4939555e+01   1.4108633e+02
   1.4930487e+01   1.4108633e+02
   1.4921420e+01   1.4108632e+02
   1.4912352e+01   1.4108632e+02
   1.4903285e+01   1.4108631e+02
   1.4894217e+01   1.4108631e+02
   1.4885149e+01   1.4108631e+02
   1.4876082e+01   1.4108630e+02
   1.4867011e+01   1.4108630e+02
   1.4857941e+01   1.4108629e+02
   1.4848870e+01   1.4108629e+02
   1.4839799e+01   1.4108628e+02
   1.4830729e+01   1.4108628e+02
   1.4821658e+01   1.4108627e+02
   1.4812588e+01   1.4108627e+02
   1.4803517e+01   1.4108626e+02
   1.4794443e+01   1.4108626e+02
   1.4785370e+01   1.4108626e+02
   1.4776296e+01   1.4108625e+02
   1.4767222e+01   1.4108625e+02
   1.4758149e+01   1.4108624e+02
   1.4749075e+01   1.4108624e+02
   1.4740001e+01   1.4108623e+02
   1.4730928e+01   1.4108623e+02
   1.4721851e+01   1.4108622e+02
   1.4712774e+01   1.4108622e+02
   1.4703698e+01   1.4108622e+02
   1.4694621e+01   1.4108621e+02
   1.4685544e+01   1.4108621e+02
   1.4676468e+01   1.4108620e+02
   1.4667391e+01   1.4108620e+02
   1.4658314e+01   1.4108619e+02
   1.4649235e+01   1.4108619e+02
   1.4640155e+01   1.4108618e+02
   1.4631075e+01   1.4108618e+02
   1.4621996e+01   1.4108617e+02
   1.4612916e+01   1.4108617e+02
   1.4603836e+01   1.4108617e+02
   1.4594757e+01   1.4108616e+02
   1.4585677e+01   1.4108616e+02
   1.4576594e+01   1.4108615e+02
   1.4567512e+01   1.4108615e+02
   1.4558429e+01   1.4108614e+02
   1.4549346e+01   1.4108614e+02
   1.4540264e+01   1.4108613e+02
   1.4531181e+01   1.4108613e+02
   1.4522098e+01   1.4108612e+02
   1.4513016e+01   1.4108612e+02
   1.4503930e+01   1.4108612e+02
   1.4494844e+01   1.4108611e+02
   1.4485759e+01   1.4108611e+02
   1.4476673e+01   1.4108610e+02
   1.4467587e+01   1.4108610e+02
   1.4458502e+01   1.4108609e+02
   1.4449416e+01   1.4108609e+02
   1.4440330e+01   1.4108608e+02
   1.4431242e+01   1.4108608e+02
   1.4422153e+01   1.4108607e+02
   1.4413065e+01   1.4108607e+02
   1.4403976e+01   1.4108606e+02
   1.4394887e+01   1.4108606e+02
   1.4385799e+01   1.4108606e+02
   1.4376710e+01   1.4108605e+02
   1.4367622e+01   1.4108605e+02
   1.4358530e+01   1.4108604e+02
   1.4349438e+01   1.4108604e+02
   1.4340347e+01   1.4108603e+02
   1.4331255e+01   1.4108603e+02
   1.4322164e+01   1.4108602e+02
   1.4313072e+01   1.4108602e+02
   1.4303981e+01   1.4108601e+02
   1.4294889e+01   1.4108601e+02
   1.4285794e+01   1.4108601e+02
   1.4276700e+01   1.4108600e+02
   1.4267605e+01   1.4108600e+02
   1.4258511e+01   1.4108599e+02
   1.4249416e+01   1.4108599e+02
   1.4240322e+01   1.4108598e+02
   1.4231227e+01   1.4108598e+02
   1.4222133e+01   1.4108597e+02
   1.4213035e+01   1.4108597e+02
   1.4203938e+01   1.4108596e+02
   1.4194841e+01   1.4108596e+02
   1.4185743e+01   1.4108595e+02
   1.4176646e+01   1.4108595e+02
   1.4167548e+01   1.4108595e+02
   1.4158451e+01   1.4108594e+02
   1.4149353e+01   1.4108594e+02
   1.4140253e+01   1.4108593e+02
   1.4131153e+01   1.4108593e+02
   1.4122052e+01   1.4108592e+02
   1.4112952e+01   1.4108592e+02
   1.4103852e+01   1.4108591e+02
   1.4094751e+01   1.4108591e+02
   1.4085651e+01   1.4108590e+02
   1.4076551e+01   1.4108590e+02
   1.4067447e+01   1.4108589e+02
   1.4058344e+01   1.4108589e+02
   1.4049241e+01   1.4108588e+02
   1.4040138e+01   1.4108588e+02
   1.4031034e+01   1.4108588e+02
   1.4021931e+01   1.4108587e+02
   1.4012828e+01   1.4108587e+02
   1.4003725e+01   1.4108586e+02
   1.3994618e+01   1.4108586e+02
   1.3985512e+01   1.4108585e+02
   1.3976406e+01   1.4108585e+02
   1.3967300e+01   1.4108584e+02
   1.3958194e+01   1.4108584e+02
   1.3949088e+01   1.4108583e+02
   1.3939982e+01   1.4108583e+02
   1.3930875e+01   1.4108582e+02
   1.3921766e+01   1.4108582e+02
   1.3912657e+01   1.4108581e+02
   1.3903548e+01   1.4108581e+02
   1.3894439e+01   1.4108581e+02
   1.3885330e+01   1.4108580e+02
   1.3876221e+01   1.4108580e+02
   1.3867112e+01   1.4108579e+02
   1.3858003e+01   1.4108579e+02
   1.3848892e+01   1.4108578e+02
   1.3839780e+01   1.4108578e+02
   1.3830668e+01   1.4108577e+02
   1.3821556e+01   1.4108577e+02
   1.3812444e+01   1.4108576e+02
   1.3803332e+01   1.4108576e+02
   1.3794220e+01   1.4108575e+02
   1.3785108e+01   1.4108575e+02
   1.3775994e+01   1.4108574e+02
   1.3766879e+01   1.4108574e+02
   1.3757764e+01   1.4108574e+02
   1.3748650e+01   1.4108573e+02
   1.3739535e+01   1.4108573e+02
   1.3730420e+01   1.4108572e+02
   1.3721306e+01   1.4108572e+02
   1.3712191e+01   1.4108571e+02
   1.3703073e+01   1.4108571e+02
   1.3693956e+01   1.4108570e+02
   1.3684838e+01   1.4108570e+02
   1.3675721e+01   1.4108569e+02
   1.3666603e+01   1.4108569e+02
   1.3657486e+01   1.4108568e+02
   1.3648368e+01   1.4108568e+02
   1.3639251e+01   1.4108567e+02
   1.3630130e+01   1.4108567e+02
   1.3621010e+01   1.4108566e+02
   1.3611889e+01   1.4108566e+02
   1.3602769e+01   1.4108566e+02
   1.3593649e+01   1.4108565e+02
   1.3584528e+01   1.4108565e+02
   1.3575408e+01   1.4108564e+02
   1.3566288e+01   1.4108564e+02
   1.3557165e+01   1.4108563e+02
   1.3548041e+01   1.4108563e+02
   1.3538918e+01   1.4108562e+02
   1.3529795e+01   1.4108562e+02
   1.3520672e+01   1.4108561e+02
   1.3511549e+01   1.4108561e+02
   1.3502426e+01   1.4108560e+02
   1.3493302e+01   1.4108560e+02
   1.3484177e+01   1.4108559e+02
   1.3475051e+01   1.4108559e+02
   1.3465925e+01   1.4108558e+02
   1.3456799e+01   1.4108558e+02
   1.3447673e+01   1.4108557e+02
   1.3438547e+01   1.4108557e+02
   1.3429421e+01   1.4108557e+02
   1.3420295e+01   1.4108556e+02
   1.3411166e+01   1.4108556e+02
   1.3402037e+01   1.4108555e+02
   1.3392909e+01   1.4108555e+02
   1.3383780e+01   1.4108554e+02
   1.3374651e+01   1.4108554e+02
   1.3365523e+01   1.4108553e+02
   1.3356394e+01   1.4108553e+02
   1.3347265e+01   1.4108552e+02
   1.3338134e+01   1.4108552e+02
   1.3329002e+01   1.4108551e+02
   1.3319871e+01   1.4108551e+02
   1.3310739e+01   1.4108550e+02
   1.3301608e+01   1.4108550e+02
   1.3292476e+01   1.4108549e+02
   1.3283345e+01   1.4108549e+02
   1.3274213e+01   1.4108548e+02
   1.3265079e+01   1.4108548e+02
   1.3255945e+01   1.4108547e+02
   1.3246811e+01   1.4108547e+02
   1.3237676e+01   1.4108547e+02
   1.3228542e+01   1.4108546e+02
   1.3219408e+01   1.4108546e+02
   1.3210274e+01   1.4108545e+02
   1.3201140e+01   1.4108545e+02
   1.3192003e+01   1.4108544e+02
   1.3182866e+01   1.4108544e+02
   1.3173729e+01   1.4108543e+02
   1.3164592e+01   1.4108543e+02
   1.3155455e+01   1.4108542e+02
   1.3146318e+01   1.4108542e+02
   1.3137181e+01   1.4108541e+02
   1.3128044e+01   1.4108541e+02
   1.3118904e+01   1.4108540e+02
   1.3109765e+01   1.4108540e+02
   1.3100625e+01   1.4108539e+02
   1.3091485e+01   1.4108539e+02
   1.3082346e+01   1.4108538e+02
   1.3073206e+01   1.4108538e+02
   1.3064066e+01   1.4108537e+02
   1.3054927e+01   1.4108537e+02
   1.3045784e+01   1.4108536e+02
   1.3036642e+01   1.4108536e+02
   1.3027499e+01   1.4108536e+02
   1.3018357e+01   1.4108535e+02
   1.3009215e+01   1.4108535e+02
   1.3000072e+01   1.4108534e+02
   1.2990930e+01   1.4108534e+02
   1.2981788e+01   1.4108533e+02
   1.2972642e+01   1.4108533e+02
   1.2963497e+01   1.4108532e+02
   1.2954352e+01   1.4108532e+02
   1.2945207e+01   1.4108531e+02
   1.2936062e+01   1.4108531e+02
   1.2926917e+01   1.4108530e+02
   1.2917772e+01   1.4108530e+02
   1.2908627e+01   1.4108529e+02
   1.2899479e+01   1.4108529e+02
   1.2890331e+01   1.4108528e+02
   1.2881184e+01   1.4108528e+02
   1.2872036e+01   1.4108527e+02
   1.2862888e+01   1.4108527e+02
   1.2853741e+01   1.4108526e+02
   1.2844593e+01   1.4108526e+02
   1.2835445e+01   1.4108525e+02
   1.2826295e+01   1.4108525e+02
   1.2817144e+01   1.4108524e+02
   1.2807994e+01   1.4108524e+02
   1.2798843e+01   1.4108524e+02
   1.2789693e+01   1.4108523e+02
   1.2780543e+01   1.4108523e+02
   1.2771392e+01   1.4108522e+02
   1.2762242e+01   1.4108522e+02
   1.2753089e+01   1.4108521e+02
   1.2743936e+01   1.4108521e+02
   1.2734783e+01   1.4108520e+02
   1.2725630e+01   1.4108520e+02
   1.2716477e+01   1.4108519e+02
   1.2707323e+01   1.4108519e+02
   1.2698170e+01   1.4108518e+02
   1.2689017e+01   1.4108518e+02
   1.2679862e+01   1.4108517e+02
   1.2670706e+01   1.4108517e+02
   1.2661550e+01   1.4108516e+02
   1.2652395e+01   1.4108516e+02
   1.2643239e+01   1.4108515e+02
   1.2634083e+01   1.4108515e+02
   1.2624928e+01   1.4108514e+02
   1.2615772e+01   1.4108514e+02
   1.2606614e+01   1.4108513e+02
   1.2597455e+01   1.4108513e+02
   1.2588297e+01   1.4108512e+02
   1.2579139e+01   1.4108512e+02
   1.2569980e+01   1.4108511e+02
   1.2560822e+01   1.4108511e+02
   1.2551664e+01   1.4108510e+02
   1.2542505e+01   1.4108510e+02
   1.2533347e+01   1.4108509e+02
   1.2523612e+01   1.4108509e+02
   1.2512828e+01   1.4108508e+02
   1.2500179e+01   1.4108508e+02
   1.2484342e+01   1.4108507e+02
   1.2463407e+01   1.4108506e+02
   1.2435127e+01   1.4108504e+02
   1.2397714e+01   1.4108502e+02
   1.2350818e+01   1.4108500e+02
   1.2295747e+01   1.4108497e+02
   1.2234687e+01   1.4108494e+02
   1.2169743e+01   1.4108490e+02
   1.2102473e+01   1.4108487e+02
