869
   3.0072640e+05  -4.7058026e+07
   3.0072640e+05  -4.7055521e+07
   3.0072640e+05  -4.7053069e+07
   3.0072640e+05  -4.7050694e+07
   3.0072640e+05  -4.7048432e+07
   3.0072640e+05  -4.7046322e+07
   3.0072640e+05  -4.7044405e+07
   3.0072640e+05  -4.7042712e+07
   3.0072640e+05  -4.7041252e+07
   3.0072640e+05  -4.7040010e+07
   3.0072640e+05  -4.7038954e+07
   3.0072640e+05  -4.7038041e+07
   3.0072640e+05  -4.7037234e+07
   3.0072640e+05  -4.7036499e+07
   3.0072640e+05  -4.7035812e+07
   3.0072640e+05  -4.7035157e+07
   3.0072640e+05  -4.7034522e+07
   3.0072640e+05  -4.7033900e+07
   3.0072640e+05  -4.7033300e+07
   3.0072640e+05  -4.7032700e+07
   3.0072640e+05  -4.7032100e+07
   3.0072640e+05  -4.7031500e+07
   3.0072640e+05  -4.7030900e+07
   3.0072640e+05  -4.7030300e+07
   3.0072640e+05  -4.7029700e+07
   3.0072640e+05  -4.7029100e+07
   3.0072640e+05  -4.7028500e+07
   3.0072640e+05  -4.7027900e+07
   3.0072640e+05  -4.7027300e+07
   3.0072640e+05  -4.7026700e+07
   3.0072640e+05  -4.7026100e+07
   3.0072640e+05  -4.7025500e+07
   3.0072640e+05  -4.7024900e+07
   3.0072640e+05  -4.7024300e+07
   3.0072640e+05  -4.7023700e+07
   3.0072640e+05  -4.7023100e+07
   3.0072640e+05  -4.7022500e+07
   3.0072640e+05  -4.7021900e+07
   3.0072640e+05  -4.7021300e+07
   3.0072640e+05  -4.7020700e+07
   3.0072640e+05  -4.7020100e+07
   3.0072640e+05  -4.7019500e+07
   3.0072640e+05  -4.7018900e+07
   3.0072640e+05  -4.7018300e+07
   3.0072640e+05  -4.7017700e+07
   3.0072640e+05  -4.7017100e+07
   3.0072640e+05  -4.7016500e+07
   3.0072640e+05  -4.7015900e+07
   3.0072640e+05  -4.7015300e+07
   3.0072640e+05  -4.7014700e+07
   3.0072640e+05  -4.7014100e+07
   3.0072640e+05  -4.7013500e+07
   3.0072640e+05  -4.7012900e+07
   3.0072640e+05  -4.7012300e+07
   3.0072640e+05  -4.7011700e+07
   3.0072640e+05  -4.7011100e+07
   3.0072640e+05  -4.7010500e+07
   3.0072640e+05  -4.7009900e+07
   3.0072640e+05  -4.7009300e+07
   3.0072640e+05  -4.7008700e+07
   3.0072640e+05  -4.7008100e+07
   3.0072640e+05  -4.7007500e+07
   3.0072640e+05  -4.7006900e+07
   3.0072640e+05  -4.7006300e+07
   3.0072640e+05  -4.7005700e+07
   3.0072640e+05  -4.7005100e+07
   3.0072640e+05  -4.7004500e+07
   3.0072640e+05  -4.7003900e+07
   3.0072640e+05  -4.7003300e+07
   3.0072640e+05  -4.7002700e+07
   3.0072640e+05  -4.7002100e+07
   3.0072640e+05  -4.7001500e+07
   3.0072640e+05  -4.7000900e+07
   3.0072640e+05  -4.7000300e+07
   3.0072640e+05  -4.6999700e+07
   3.0072640e+05  -4.6999100e+07
   3.0072640e+05  -4.6998500e+07
   3.0072640e+05  -4.6997900e+07
   3.0072640e+05  -4.6997300e+07
   3.0072640e+05  -4.6996700e+07
   3.0072640e+05  -4.6996100e+07
   3.0072640e+05  -4.6995500e+07
   3.0072640e+05  -4.6994900e+07
   3.0072640e+05  -4.6994300e+07
   3.0072640e+05  -4.6993700e+07
   3.0072640e+05  -4.6993100e+07
   3.0072640e+05  -4.6992500e+07
   3.0072640e+05  -4.6991900e+07
   3.0072640e+05  -4.6991300e+07
   3.0072640e+05  -4.6990700e+07
   3.0072640e+05  -4.6990100e+07
   3.0072640e+05  -4.6989500e+07
   3.0072640e+05  -4.6988900e+07
   3.0072640e+05  -4.6988300e+07
   3.0072640e+05  -4.6987700e+07
   3.0072640e+05  -4.6987100e+07
   3.0072640e+05  -4.6986500e+07
   3.0072640e+05  -4.6985900e+07
   3.0072640e+05  -4.6985300e+07
   3.0072640e+05  -4.6984700e+07
   3.0072640e+05  -4.6984100e+07
   3.0072640e+05  -4.6983500e+07
   3.0072640e+05  -4.6982900e+07
   3.0072640e+05  -4.6982300e+07
   3.0072640e+05  -4.6981700e+07
   3.0072640e+05  -4.6981100e+07
   3.0072640e+05  -4.6980500e+07
   3.0072640e+05  -4.6979900e+07
   3.0072640e+05  -4.6979300e+07
   3.0072640e+05  -4.6978700e+07
   3.0072640e+05  -4.6978100e+07
   3.0072640e+05  -4.6977500e+07
   3.0072640e+05  -4.6976900e+07
   3.0072640e+05  -4.6976300e+07
   3.0072640e+05  -4.6975700e+07
   3.0072640e+05  -4.6975100e+07
   3.0072640e+05  -4.6974500e+07
   3.0072640e+05  -4.6973900e+07
   3.0072640e+05  -4.6973300e+07
   3.0072640e+05  -4.6972700e+07
   3.0072640e+05  -4.6972100e+07
   3.0072640e+05  -4.6971500e+07
   3.0072640e+05  -4.6970900e+07
   3.0072640e+05  -4.6970300e+07
   3.0072640e+05  -4.6969700e+07
   3.0072640e+05  -4.6969100e+07
   3.0072640e+05  -4.6968500e+07
   3.0072640e+05  -4.6967900e+07
   3.0072640e+05  -4.6967300e+07
   3.0072640e+05  -4.6966700e+07
   3.0072640e+05  -4.6966100e+07
   3.0072640e+05  -4.6965500e+07
   3.0072640e+05  -4.6964900e+07
   3.0072640e+05  -4.6964300e+07
   3.0072640e+05  -4.6963700e+07
   3.0072640e+05  -4.6963100e+07
   3.0072640e+05  -4.6962500e+07
   3.0072640e+05  -4.6961900e+07
   3.0072640e+05  -4.6961300e+07
   3.0072640e+05  -4.6960700e+07
   3.0072640e+05  -4.6960100e+07
   3.0072640e+05  -4.6959500e+07
   3.0072640e+05  -4.6958900e+07
   3.0072640e+05  -4.6958300e+07
   3.0072640e+05  -4.6957700e+07
   3.0072640e+05  -4.6957100e+07
   3.0072640e+05  -4.6956500e+07
   3.0072640e+05  -4.6955900e+07
   3.0072640e+05  -4.6955300e+07
   3.0072640e+05  -4.6954700e+07
   3.0072640e+05  -4.6954100e+07
   3.0072640e+05  -4.6953500e+07
   3.0072640e+05  -4.6952900e+07
   3.0072640e+05  -4.6952300e+07
   3.0072640e+05  -4.6951700e+07
   3.0072640e+05  -4.6951100e+07
   3.0072640e+05  -4.6950500e+07
   3.0072640e+05  -4.6949900e+07
   3.0072640e+05  -4.6949300e+07
   3.0072640e+05  -4.6948700e+07
   3.0072640e+05  -4.6948100e+07
   3.0072640e+05  -4.6947500e+07
   3.0072640e+05  -4.6946900e+07
   3.0072640e+05  -4.6946300e+07
   3.0072640e+05  -4.6945700e+07
   3.0072640e+05  -4.6945100e+07
   3.0072640e+05  -4.6944500e+07
   3.0072640e+05  -4.6943900e+07
   3.0072640e+05  -4.6943300e+07
   3.0072640e+05  -4.6942700e+07
   3.0072640e+05  -4.6942100e+07
   3.0072640e+05  -4.6941500e+07
   3.0072640e+05  -4.6940900e+07
   3.0072640e+05  -4.6940300e+07
   3.0072640e+05  -4.6939700e+07
   3.0072640e+05  -4.6939100e+07
   3.0072640e+05  -4.6938500e+07
   3.0072640e+05  -4.6937900e+07
   3.0072640e+05  -4.6937300e+07
   3.0072640e+05  -4.6936700e+07
   3.0072640e+05  -4.6936100e+07
   3.0072640e+05  -4.6935500e+07
   3.0072640e+05  -4.6934900e+07
   3.0072640e+05  -4.6934300e+07
   3.0072640e+05  -4.6933700e+07
   3.0072640e+05  -4.6933100e+07
   3.0072640e+05  -4.6932500e+07
   3.0072640e+05  -4.6931900e+07
   3.0072640e+05  -4.6931300e+07
   3.0072640e+05  -4.6930700e+07
   3.0072640e+05  -4.6930100e+07
   3.0072640e+05  -4.6929500e+07
   3.0072640e+05  -4.6928900e+07
   3.0072640e+05  -4.6928300e+07
   3.0072640e+05  -4.6927700e+07
   3.0072640e+05  -4.6927100e+07
   3.0072640e+05  -4.6926500e+07
   3.0072640e+05  -4.6925900e+07
   3.0072640e+05  -4.6925300e+07
   3.0072640e+05  -4.6924700e+07
   3.0072640e+05  -4.6924100e+07
   3.0072640e+05  -4.6923500e+07
   3.0072640e+05  -4.6922900e+07
   3.0072640e+05  -4.6922300e+07
   3.0072640e+05  -4.6921700e+07
   3.0072640e+05  -4.6921100e+07
   3.0072640e+05  -4.6920500e+07
   3.0072640e+05  -4.6919900e+07
   3.0072640e+05  -4.6919300e+07
   3.0072640e+05  -4.6918700e+07
   3.0072640e+05  -4.6918100e+07
   3.0072640e+05  -4.6917500e+07
   3.0072640e+05  -4.6916900e+07
   3.0072640e+05  -4.6916300e+07
   3.0072640e+05  -4.6915700e+07
   3.0072640e+05  -4.6915100e+07
   3.0072640e+05  -4.6914500e+07
   3.0072640e+05  -4.6913900e+07
   3.0072640e+05  -4.6913300e+07
   3.0072640e+05  -4.6912700e+07
   3.0072640e+05  -4.6912100e+07
   3.0072640e+05  -4.6911500e+07
   3.0072640e+05  -4.6910900e+07
   3.0072640e+05  -4.6910300e+07
   3.0072640e+05  -4.6909700e+07
   3.0072640e+05  -4.6909100e+07
   3.0072640e+05  -4.6908500e+07
   3.0072640e+05  -4.6907900e+07
   3.0072640e+05  -4.6907300e+07
   3.0072640e+05  -4.6906700e+07
   3.0072640e+05  -4.6906100e+07
   3.0072640e+05  -4.6905500e+07
   3.0072640e+05  -4.6904900e+07
   3.0072640e+05  -4.6904300e+07
   3.0072640e+05  -4.6903700e+07
   3.0072640e+05  -4.6903100e+07
   3.0072640e+05  -4.6902500e+07
   3.0072640e+05  -4.6901900e+07
   3.0072640e+05  -4.6901300e+07
   3.0072640e+05  -4.6900700e+07
   3.0072640e+05  -4.6900100e+07
   3.0072640e+05  -4.6899500e+07
   3.0072640e+05  -4.6898900e+07
   3.0072640e+05  -4.6898300e+07
   3.0072640e+05  -4.6897700e+07
   3.0072640e+05  -4.6897100e+07
   3.0072640e+05  -4.6896500e+07
   3.0072640e+05  -4.6895900e+07
   3.0072640e+05  -4.6895300e+07
   3.0072640e+05  -4.6894700e+07
   3.0072640e+05  -4.6894100e+07
   3.0072640e+05  -4.6893500e+07
   3.0072640e+05  -4.6892900e+07
   3.0072640e+05  -4.6892300e+07
   3.0072640e+05  -4.6891700e+07
   3.0072640e+05  -4.6891100e+07
   3.0072640e+05  -4.6890500e+07
   3.0072640e+05  -4.6889900e+07
   3.0072640e+05  -4.6889300e+07
   3.0072640e+05  -4.6888700e+07
   3.0072640e+05  -4.6888100e+07
   3.0072640e+05  -4.6887500e+07
   3.0072640e+05  -4.6886900e+07
   3.0072640e+05  -4.6886300e+07
   3.0072640e+05  -4.6885700e+07
   3.0072640e+05  -4.6885100e+07
   3.0072640e+05  -4.6884500e+07
   3.0072640e+05  -4.6883900e+07
   3.0072640e+05  -4.6883300e+07
   3.0072640e+05  -4.6882700e+07
   3.0072640e+05  -4.6882100e+07
   3.0072640e+05  -4.6881500e+07
   3.0072640e+05  -4.6880900e+07
   3.0072640e+05  -4.6880300e+07
   3.0072640e+05  -4.6879700e+07
   3.0072640e+05  -4.6879100e+07
   3.0072640e+05  -4.6878500e+07
   3.0072640e+05  -4.6877900e+07
   3.0072640e+05  -4.6877300e+07
   3.0072640e+05  -4.6876700e+07
   3.0072640e+05  -4.6876100e+07
   3.0072640e+05  -4.6875500e+07
   3.0072640e+05  -4.6874900e+07
   3.0072640e+05  -4.6874300e+07
   3.0072640e+05  -4.6873700e+07
   3.0072640e+05  -4.6873100e+07
   3.0072640e+05  -4.6872500e+07
   3.0072640e+05  -4.6871900e+07
   3.0072640e+05  -4.6871300e+07
   3.0072640e+05  -4.6870700e+07
   3.0072640e+05  -4.6870100e+07
   3.0072640e+05  -4.6869500e+07
   3.0072640e+05  -4.6868900e+07
   3.0072640e+05  -4.6868300e+07
   3.0072640e+05  -4.6867700e+07
   3.0072640e+05  -4.6867100e+07
   3.0072640e+05  -4.6866500e+07
   3.0072640e+05  -4.6865900e+07
   3.0072640e+05  -4.6865300e+07
   3.0072640e+05  -4.6864700e+07
   3.0072640e+05  -4.6864100e+07
   3.0072640e+05  -4.6863500e+07
   3.0072640e+05  -4.6862900e+07
   3.0072640e+05  -4.6862300e+07
   3.0072640e+05  -4.6861700e+07
   3.0072640e+05  -4.6861100e+07
   3.0072640e+05  -4.6860500e+07
   3.0072640e+05  -4.6859900e+07
   3.0072640e+05  -4.6859300e+07
   3.0072640e+05  -4.6858700e+07
   3.0072640e+05  -4.6858100e+07
   3.0072640e+05  -4.6857500e+07
   3.0072640e+05  -4.6856900e+07
   3.0072640e+05  -4.6856300e+07
   3.0072640e+05  -4.6855700e+07
   3.0072640e+05  -4.6855100e+07
   3.0072640e+05  -4.6854500e+07
   3.0072640e+05  -4.6853900e+07
   3.0072640e+05  -4.6853300e+07
   3.0072640e+05  -4.6852700e+07
   3.0072640e+05  -4.6852100e+07
   3.0072640e+05  -4.6851500e+07
   3.0072640e+05  -4.6850900e+07
   3.0072640e+05  -4.6850300e+07
   3.0072640e+05  -4.6849700e+07
   3.0072640e+05  -4.6849100e+07
   3.0072640e+05  -4.6848500e+07
   3.0072640e+05  -4.6847900e+07
   3.0072640e+05  -4.6847300e+07
   3.0072640e+05  -4.6846700e+07
   3.0072640e+05  -4.6846100e+07
   3.0072640e+05  -4.6845500e+07
   3.0072640e+05  -4.6844900e+07
   3.0072640e+05  -4.6844300e+07
   3.0072640e+05  -4.6843700e+07
   3.0072640e+05  -4.6843100e+07
   3.0072640e+05  -4.6842500e+07
   3.0072640e+05  -4.6841900e+07
   3.0072640e+05  -4.6841300e+07
   3.0072640e+05  -4.6840700e+07
   3.0072640e+05  -4.6840100e+07
   3.0072640e+05  -4.6839500e+07
   3.0072640e+05  -4.6838900e+07
   3.0072640e+05  -4.6838300e+07
   3.0072640e+05  -4.6837700e+07
   3.0072640e+05  -4.6837100e+07
   3.0072640e+05  -4.6836500e+07
   3.0072640e+05  -4.6835900e+07
   3.0072640e+05  -4.6835300e+07
   3.0072640e+05  -4.6834700e+07
   3.0072640e+05  -4.6834100e+07
   3.0072640e+05  -4.6833500e+07
   3.0072640e+05  -4.6832900e+07
   3.0072640e+05  -4.6832300e+07
   3.0072640e+05  -4.6831700e+07
   3.0072640e+05  -4.6831100e+07
   3.0072640e+05  -4.6830500e+07
   3.0072640e+05  -4.6829900e+07
   3.0072640e+05  -4.6829300e+07
   3.0072640e+05  -4.6828700e+07
   3.0072640e+05  -4.6828100e+07
   3.0072640e+05  -4.6827500e+07
   3.0072640e+05  -4.6826900e+07
   3.0072640e+05  -4.6826300e+07
   3.0072640e+05  -4.6825700e+07
   3.0072640e+05  -4.6825100e+07
   3.0072640e+05  -4.6824500e+07
   3.0072640e+05  -4.6823900e+07
   3.0072640e+05  -4.6823300e+07
   3.0072640e+05  -4.6822700e+07
   3.0072640e+05  -4.6822100e+07
   3.0072640e+05  -4.6821500e+07
   3.0072640e+05  -4.6820900e+07
   3.0072640e+05  -4.6820300e+07
   3.0072640e+05  -4.6819700e+07
   3.0072640e+05  -4.6819100e+07
   3.0072640e+05  -4.6818500e+07
   3.0072640e+05  -4.6817900e+07
   3.0072640e+05  -4.6817300e+07
   3.0072640e+05  -4.6816700e+07
   3.0072640e+05  -4.6816100e+07
   3.0072640e+05  -4.6815500e+07
   3.0072640e+05  -4.6814900e+07
   3.0072640e+05  -4.6814300e+07
   3.0072640e+05  -4.6813700e+07
   3.0072640e+05  -4.6813100e+07
   3.0072640e+05  -4.6812500e+07
   3.0072640e+05  -4.6811900e+07
   3.0072640e+05  -4.6811300e+07
   3.0072640e+05  -4.6810700e+07
   3.0072640e+05  -4.6810100e+07
   3.0072640e+05  -4.6809500e+07
   3.0072640e+05  -4.6808900e+07
   3.0072640e+05  -4.6808300e+07
   3.0072640e+05  -4.6807700e+07
   3.0072640e+05  -4.6807100e+07
   3.0072640e+05  -4.6806500e+07
   3.0072640e+05  -4.6805900e+07
   3.0072640e+05  -4.6805300e+07
   3.0072640e+05  -4.6804700e+07
   3.0072640e+05  -4.6804100e+07
   3.0072640e+05  -4.6803500e+07
   3.0072640e+05  -4.6802900e+07
   3.0072640e+05  -4.6802300e+07
   3.0072640e+05  -4.6801700e+07
   3.0072640e+05  -4.6801100e+07
   3.0072640e+05  -4.6800500e+07
   3.0072640e+05  -4.6799900e+07
   3.0072640e+05  -4.6799300e+07
   3.0072640e+05  -4.6798700e+07
   3.0072640e+05  -4.6798100e+07
   3.0072640e+05  -4.6797500e+07
   3.0072640e+05  -4.6796900e+07
   3.0072640e+05  -4.6796300e+07
   3.0072640e+05  -4.6795700e+07
   3.0072640e+05  -4.6795100e+07
   3.0072640e+05  -4.6794500e+07
   3.0072640e+05  -4.6793900e+07
   3.0072640e+05  -4.6793300e+07
   3.0072640e+05  -4.6792700e+07
   3.0072640e+05  -4.6792100e+07
   3.0072640e+05  -4.6791500e+07
   3.0072640e+05  -4.6790900e+07
   3.0072640e+05  -4.6790300e+07
   3.0072640e+05  -4.6789700e+07
   3.0072640e+05  -4.6789100e+07
   3.0072640e+05  -4.6788500e+07
   3.0072640e+05  -4.6787900e+07
   3.0072640e+05  -4.6787300e+07
   3.0072640e+05  -4.6786700e+07
   3.0072640e+05  -4.6786100e+07
   3.0072640e+05  -4.6785500e+07
   3.0072640e+05  -4.6784900e+07
   3.0072640e+05  -4.6784300e+07
   3.0072640e+05  -4.6783700e+07
   3.0072640e+05  -4.6783100e+07
   3.0072640e+05  -4.6782500e+07
   3.0072640e+05  -4.6781900e+07
   3.0072640e+05  -4.6781300e+07
   3.0072640e+05  -4.6780700e+07
   3.0072640e+05  -4.6780100e+07
   3.0072640e+05  -4.6779500e+07
   3.0072640e+05  -4.6778900e+07
   3.0072640e+05  -4.6778300e+07
   3.0072640e+05  -4.6777700e+07
   3.0072640e+05  -4.6777100e+07
   3.0072640e+05  -4.6776500e+07
   3.0072640e+05  -4.6775900e+07
   3.0072640e+05  -4.6775300e+07
   3.0072640e+05  -4.6774700e+07
   3.0072640e+05  -4.6774100e+07
   3.0072640e+05  -4.6773500e+07
   3.0072640e+05  -4.6772900e+07
   3.0072640e+05  -4.6772300e+07
   3.0072640e+05  -4.6771700e+07
   3.0072640e+05  -4.6771100e+07
   3.0072640e+05  -4.6770500e+07
   3.0072640e+05  -4.6769900e+07
   3.0072640e+05  -4.6769300e+07
   3.0072640e+05  -4.6768700e+07
   3.0072640e+05  -4.6768100e+07
   3.0072640e+05  -4.6767500e+07
   3.0072640e+05  -4.6766900e+07
   3.0072640e+05  -4.6766300e+07
   3.0072640e+05  -4.6765700e+07
   3.0072640e+05  -4.6765100e+07
   3.0072640e+05  -4.6764500e+07
   3.0072640e+05  -4.6763900e+07
   3.0072640e+05  -4.6763300e+07
   3.0072640e+05  -4.6762700e+07
   3.0072640e+05  -4.6762100e+07
   3.0072640e+05  -4.6761500e+07
   3.0072640e+05  -4.6760900e+07
   3.0072640e+05  -4.6760300e+07
   3.0072640e+05  -4.6759700e+07
   3.0072640e+05  -4.6759100e+07
   3.0072640e+05  -4.6758500e+07
   3.0072640e+05  -4.6757900e+07
   3.0072640e+05  -4.6757300e+07
   3.0072640e+05  -4.6756700e+07
   3.0072640e+05  -4.6756100e+07
   3.0072640e+05  -4.6755500e+07
   3.0072640e+05  -4.6754900e+07
   3.0072640e+05  -4.6754300e+07
   3.0072640e+05  -4.6753700e+07
   3.0072640e+05  -4.6753100e+07
   3.0072640e+05  -4.6752500e+07
   3.0072640e+05  -4.6751900e+07
   3.0072640e+05  -4.6751300e+07
   3.0072640e+05  -4.6750700e+07
   3.0072640e+05  -4.6750100e+07
   3.0072640e+05  -4.6749500e+07
   3.0072640e+05  -4.6748900e+07
   3.0072640e+05  -4.6748300e+07
   3.0072640e+05  -4.6747700e+07
   3.0072640e+05  -4.6747100e+07
   3.0072640e+05  -4.6746500e+07
   3.0072640e+05  -4.6745900e+07
   3.0072640e+05  -4.6745300e+07
   3.0072640e+05  -4.6744700e+07
   3.0072640e+05  -4.6744100e+07
   3.0072640e+05  -4.6743500e+07
   3.0072640e+05  -4.6742900e+07
   3.0072640e+05  -4.6742300e+07
   3.0072640e+05  -4.6741700e+07
   3.0072640e+05  -4.6741100e+07
   3.0072640e+05  -4.6740500e+07
   3.0072640e+05  -4.6739900e+07
   3.0072640e+05  -4.6739300e+07
   3.0072640e+05  -4.6738700e+07
   3.0072640e+05  -4.6738100e+07
   3.0072640e+05  -4.6737500e+07
   3.0072640e+05  -4.6736900e+07
   3.0072640e+05  -4.6736300e+07
   3.0072640e+05  -4.6735700e+07
   3.0072640e+05  -4.6735100e+07
   3.0072640e+05  -4.6734500e+07
   3.0072640e+05  -4.6733900e+07
   3.0072640e+05  -4.6733300e+07
   3.0072640e+05  -4.6732700e+07
   3.0072640e+05  -4.6732100e+07
   3.0072640e+05  -4.6731500e+07
   3.0072640e+05  -4.6730900e+07
   3.0072640e+05  -4.6730300e+07
   3.0072640e+05  -4.6729700e+07
   3.0072640e+05  -4.6729100e+07
   3.0072640e+05  -4.6728500e+07
   3.0072640e+05  -4.6727900e+07
   3.0072640e+05  -4.6727300e+07
   3.0072640e+05  -4.6726700e+07
   3.0072640e+05  -4.6726100e+07
   3.0072640e+05  -4.6725500e+07
   3.0072640e+05  -4.6724900e+07
   3.0072640e+05  -4.6724300e+07
   3.0072640e+05  -4.6723700e+07
   3.0072640e+05  -4.6723100e+07
   3.0072640e+05  -4.6722500e+07
   3.0072640e+05  -4.6721900e+07
   3.0072640e+05  -4.6721300e+07
   3.0072640e+05  -4.6720700e+07
   3.0072640e+05  -4.6720100e+07
   3.0072640e+05  -4.6719500e+07
   3.0072640e+05  -4.6718900e+07
   3.0072640e+05  -4.6718300e+07
   3.0072640e+05  -4.6717700e+07
   3.0072640e+05  -4.6717100e+07
   3.0072640e+05  -4.6716500e+07
   3.0072640e+05  -4.6715900e+07
   3.0072640e+05  -4.6715300e+07
   3.0072640e+05  -4.6714700e+07
   3.0072640e+05  -4.6714100e+07
   3.0072640e+05  -4.6713500e+07
   3.0072640e+05  -4.6712900e+07
   3.0072640e+05  -4.6712300e+07
   3.0072640e+05  -4.6711700e+07
   3.0072640e+05  -4.6711100e+07
   3.0072640e+05  -4.6710500e+07
   3.0072640e+05  -4.6709900e+07
   3.0072640e+05  -4.6709300e+07
   3.0072640e+05  -4.6708700e+07
   3.0072640e+05  -4.6708100e+07
   3.0072640e+05  -4.6707500e+07
   3.0072640e+05  -4.6706900e+07
   3.0072640e+05  -4.6706300e+07
   3.0072640e+05  -4.6705700e+07
   3.0072640e+05  -4.6705100e+07
   3.0072640e+05  -4.6704500e+07
   3.0072640e+05  -4.6703900e+07
   3.0072640e+05  -4.6703300e+07
   3.0072640e+05  -4.6702700e+07
   3.0072640e+05  -4.6702100e+07
   3.0072640e+05  -4.6701500e+07
   3.0072640e+05  -4.6700900e+07
   3.0072640e+05  -4.6700300e+07
   3.0072640e+05  -4.6699700e+07
   3.0072640e+05  -4.6699100e+07
   3.0072640e+05  -4.6698500e+07
   3.0072640e+05  -4.6697900e+07
   3.0072640e+05  -4.6697300e+07
   3.0072640e+05  -4.6696700e+07
   3.0072640e+05  -4.6696100e+07
   3.0072640e+05  -4.6695500e+07
   3.0072640e+05  -4.6694900e+07
   3.0072640e+05  -4.6694300e+07
   3.0072640e+05  -4.6693700e+07
   3.0072640e+05  -4.6693100e+07
   3.0072640e+05  -4.6692500e+07
   3.0072640e+05  -4.6691900e+07
   3.0072640e+05  -4.6691300e+07
   3.0072640e+05  -4.6690700e+07
   3.0072640e+05  -4.6690100e+07
   3.0072640e+05  -4.6689500e+07
   3.0072640e+05  -4.6688900e+07
   3.0072640e+05  -4.6688300e+07
   3.0072640e+05  -4.6687700e+07
   3.0072640e+05  -4.6687100e+07
   3.0072640e+05  -4.6686500e+07
   3.0072640e+05  -4.6685900e+07
   3.0072640e+05  -4.6685300e+07
   3.0072640e+05  -4.6684700e+07
   3.0072640e+05  -4.6684100e+07
   3.0072640e+05  -4.6683500e+07
   3.0072640e+05  -4.6682900e+07
   3.0072640e+05  -4.6682300e+07
   3.0072640e+05  -4.6681700e+07
   3.0072640e+05  -4.6681100e+07
   3.0072640e+05  -4.6680500e+07
   3.0072640e+05  -4.6679900e+07
   3.0072640e+05  -4.6679300e+07
   3.0072640e+05  -4.6678700e+07
   3.0072640e+05  -4.6678100e+07
   3.0072640e+05  -4.6677500e+07
   3.0072640e+05  -4.6676900e+07
   3.0072640e+05  -4.6676300e+07
   3.0072640e+05  -4.6675700e+07
   3.0072640e+05  -4.6675100e+07
   3.0072640e+05  -4.6674500e+07
   3.0072640e+05  -4.6673900e+07
   3.0072640e+05  -4.6673300e+07
   3.0072640e+05  -4.6672700e+07
   3.0072640e+05  -4.6672100e+07
   3.0072640e+05  -4.6671500e+07
   3.0072640e+05  -4.6670900e+07
   3.0072640e+05  -4.6670300e+07
   3.0072640e+05  -4.6669700e+07
   3.0072640e+05  -4.6669100e+07
   3.0072640e+05  -4.6668500e+07
   3.0072640e+05  -4.6667900e+07
   3.0072640e+05  -4.6667300e+07
   3.0072640e+05  -4.6666700e+07
   3.0072640e+05  -4.6666100e+07
   3.0072640e+05  -4.6665500e+07
   3.0072640e+05  -4.6664900e+07
   3.0072640e+05  -4.6664300e+07
   3.0072640e+05  -4.6663700e+07
   3.0072640e+05  -4.6663100e+07
   3.0072640e+05  -4.6662500e+07
   3.0072640e+05  -4.6661900e+07
   3.0072640e+05  -4.6661300e+07
   3.0072640e+05  -4.6660700e+07
   3.0072640e+05  -4.6660100e+07
   3.0072640e+05  -4.6659500e+07
   3.0072640e+05  -4.6658900e+07
   3.0072640e+05  -4.6658300e+07
   3.0072640e+05  -4.6657700e+07
   3.0072640e+05  -4.6657100e+07
   3.0072640e+05  -4.6656500e+07
   3.0072640e+05  -4.6655900e+07
   3.0072640e+05  -4.6655300e+07
   3.0072640e+05  -4.6654700e+07
   3.0072640e+05  -4.6654100e+07
   3.0072640e+05  -4.6653500e+07
   3.0072640e+05  -4.6652900e+07
   3.0072640e+05  -4.6652300e+07
   3.0072640e+05  -4.6651700e+07
   3.0072640e+05  -4.6651100e+07
   3.0072640e+05  -4.6650500e+07
   3.0072640e+05  -4.6649900e+07
   3.0072640e+05  -4.6649300e+07
   3.0072640e+05  -4.6648700e+07
   3.0072640e+05  -4.6648100e+07
   3.0072640e+05  -4.6647500e+07
   3.0072640e+05  -4.6646900e+07
   3.0072640e+05  -4.6646300e+07
   3.0072640e+05  -4.6645700e+07
   3.0072640e+05  -4.6645100e+07
   3.0072640e+05  -4.6644500e+07
   3.0072640e+05  -4.6643900e+07
   3.0072640e+05  -4.6643300e+07
   3.0072640e+05  -4.6642700e+07
   3.0072640e+05  -4.6642100e+07
   3.0072640e+05  -4.6641500e+07
   3.0072640e+05  -4.6640900e+07
   3.0072640e+05  -4.6640300e+07
   3.0072640e+05  -4.6639700e+07
   3.0072640e+05  -4.6639100e+07
   3.0072640e+05  -4.6638500e+07
   3.0072640e+05  -4.6637900e+07
   3.0072640e+05  -4.6637300e+07
   3.0072640e+05  -4.6636700e+07
   3.0072640e+05  -4.6636100e+07
   3.0072640e+05  -4.6635500e+07
   3.0072640e+05  -4.6634900e+07
   3.0072640e+05  -4.6634300e+07
   3.0072640e+05  -4.6633700e+07
   3.0072640e+05  -4.6633100e+07
   3.0072640e+05  -4.6632500e+07
   3.0072640e+05  -4.6631900e+07
   3.0072640e+05  -4.6631300e+07
   3.0072640e+05  -4.6630700e+07
   3.0072640e+05  -4.6630100e+07
   3.0072640e+05  -4.6629500e+07
   3.0072640e+05  -4.6628900e+07
   3.0072640e+05  -4.6628300e+07
   3.0072640e+05  -4.6627700e+07
   3.0072640e+05  -4.6627100e+07
   3.0072640e+05  -4.6626500e+07
   3.0072640e+05  -4.6625900e+07
   3.0072640e+05  -4.6625300e+07
   3.0072640e+05  -4.6624700e+07
   3.0072640e+05  -4.6624100e+07
   3.0072640e+05  -4.6623500e+07
   3.0072640e+05  -4.6622900e+07
   3.0072640e+05  -4.6622300e+07
   3.0072640e+05  -4.6621700e+07
   3.0072640e+05  -4.6621100e+07
   3.0072640e+05  -4.6620500e+07
   3.0072640e+05  -4.6619900e+07
   3.0072640e+05  -4.6619300e+07
   3.0072640e+05  -4.6618700e+07
   3.0072640e+05  -4.6618100e+07
   3.0072640e+05  -4.6617500e+07
   3.0072640e+05  -4.6616900e+07
   3.0072640e+05  -4.6616300e+07
   3.0072640e+05  -4.6615700e+07
   3.0072640e+05  -4.6615100e+07
   3.0072640e+05  -4.6614500e+07
   3.0072640e+05  -4.6613900e+07
   3.0072640e+05  -4.6613300e+07
   3.0072640e+05  -4.6612700e+07
   3.0072640e+05  -4.6612100e+07
   3.0072640e+05  -4.6611500e+07
   3.0072640e+05  -4.6610900e+07
   3.0072640e+05  -4.6610300e+07
   3.0072640e+05  -4.6609700e+07
   3.0072640e+05  -4.6609100e+07
   3.0072640e+05  -4.6608500e+07
   3.0072640e+05  -4.6607900e+07
   3.0072640e+05  -4.6607300e+07
   3.0072640e+05  -4.6606700e+07
   3.0072640e+05  -4.6606100e+07
   3.0072640e+05  -4.6605500e+07
   3.0072640e+05  -4.6604900e+07
   3.0072640e+05  -4.6604300e+07
   3.0072640e+05  -4.6603700e+07
   3.0072640e+05  -4.6603100e+07
   3.0072640e+05  -4.6602500e+07
   3.0072640e+05  -4.6601900e+07
   3.0072640e+05  -4.6601300e+07
   3.0072640e+05  -4.6600700e+07
   3.0072640e+05  -4.6600100e+07
   3.0072640e+05  -4.6599500e+07
   3.0072640e+05  -4.6598900e+07
   3.0072640e+05  -4.6598300e+07
   3.0072640e+05  -4.6597700e+07
   3.0072640e+05  -4.6597100e+07
   3.0072640e+05  -4.6596500e+07
   3.0072640e+05  -4.6595900e+07
   3.0072640e+05  -4.6595300e+07
   3.0072640e+05  -4.6594700e+07
   3.0072640e+05  -4.6594100e+07
   3.0072640e+05  -4.6593500e+07
   3.0072640e+05  -4.6592900e+07
   3.0072640e+05  -4.6592300e+07
   3.0072640e+05  -4.6591700e+07
   3.0072640e+05  -4.6591100e+07
   3.0072640e+05  -4.6590500e+07
   3.0072640e+05  -4.6589900e+07
   3.0072640e+05  -4.6589300e+07
   3.0072640e+05  -4.6588700e+07
   3.0072640e+05  -4.6588100e+07
   3.0072640e+05  -4.6587500e+07
   3.0072640e+05  -4.6586900e+07
   3.0072640e+05  -4.6586300e+07
   3.0072640e+05  -4.6585700e+07
   3.0072640e+05  -4.6585100e+07
   3.0072640e+05  -4.6584500e+07
   3.0072640e+05  -4.6583900e+07
   3.0072640e+05  -4.6583300e+07
   3.0072640e+05  -4.6582700e+07
   3.0072640e+05  -4.6582100e+07
   3.0072640e+05  -4.6581500e+07
   3.0072640e+05  -4.6580900e+07
   3.0072640e+05  -4.6580300e+07
   3.0072640e+05  -4.6579700e+07
   3.0072640e+05  -4.6579100e+07
   3.0072640e+05  -4.6578500e+07
   3.0072640e+05  -4.6577900e+07
   3.0072640e+05  -4.6577300e+07
   3.0072640e+05  -4.6576700e+07
   3.0072640e+05  -4.6576100e+07
   3.0072640e+05  -4.6575500e+07
   3.0072640e+05  -4.6574900e+07
   3.0072640e+05  -4.6574300e+07
   3.0072640e+05  -4.6573700e+07
   3.0072640e+05  -4.6573100e+07
   3.0072640e+05  -4.6572500e+07
   3.0072640e+05  -4.6571900e+07
   3.0072640e+05  -4.6571300e+07
   3.0072640e+05  -4.6570700e+07
   3.0072640e+05  -4.6570100e+07
   3.0072640e+05  -4.6569500e+07
   3.0072640e+05  -4.6568900e+07
   3.0072640e+05  -4.6568300e+07
   3.0072640e+05  -4.6567700e+07
   3.0072640e+05  -4.6567100e+07
   3.0072640e+05  -4.6566500e+07
   3.0072640e+05  -4.6565900e+07
   3.0072640e+05  -4.6565300e+07
   3.0072640e+05  -4.6564700e+07
   3.0072640e+05  -4.6564100e+07
   3.0072640e+05  -4.6563500e+07
   3.0072640e+05  -4.6562900e+07
   3.0072640e+05  -4.6562300e+07
   3.0072640e+05  -4.6561700e+07
   3.0072640e+05  -4.6561100e+07
   3.0072640e+05  -4.6560500e+07
   3.0072640e+05  -4.6559900e+07
   3.0072640e+05  -4.6559300e+07
   3.0072640e+05  -4.6558700e+07
   3.0072640e+05  -4.6558100e+07
   3.0072640e+05  -4.6557500e+07
   3.0072640e+05  -4.6556900e+07
   3.0072640e+05  -4.6556300e+07
   3.0072640e+05  -4.6555700e+07
   3.0072640e+05  -4.6555100e+07
   3.0072640e+05  -4.6554500e+07
   3.0072640e+05  -4.6553900e+07
   3.0072640e+05  -4.6553300e+07
   3.0072640e+05  -4.6552700e+07
   3.0072640e+05  -4.6552100e+07
   3.0072640e+05  -4.6551500e+07
   3.0072640e+05  -4.6550900e+07
   3.0072640e+05  -4.6550300e+07
   3.0072640e+05  -4.6549700e+07
   3.0072640e+05  -4.6549100e+07
   3.0072640e+05  -4.6548500e+07
   3.0072640e+05  -4.6547900e+07
   3.0072640e+05  -4.6547300e+07
   3.0072640e+05  -4.6546700e+07
   3.0072640e+05  -4.6546100e+07
   3.0072640e+05  -4.6545500e+07
   3.0072640e+05  -4.6544900e+07
   3.0072640e+05  -4.6544300e+07
   3.0072640e+05  -4.6543700e+07
   3.0072640e+05  -4.6543100e+07
   3.0072640e+05  -4.6542500e+07
   3.0072640e+05  -4.6541900e+07
   3.0072640e+05  -4.6541300e+07
   3.0072640e+05  -4.6540700e+07
   3.0072640e+05  -4.6540100e+07
   3.0072640e+05  -4.6539500e+07
   3.0072640e+05  -4.6538900e+07
   3.0072640e+05  -4.6538300e+07
   3.0072640e+05  -4.6537700e+07
   3.0072640e+05  -4.6537100e+07
   3.0072640e+05  -4.6536500e+07
   3.0072640e+05  -4.6535900e+07
   3.0072640e+05  -4.6535300e+07
   3.0072640e+05  -4.6534700e+07
   3.0072640e+05  -4.6534100e+07
   3.0072640e+05  -4.6533500e+07
   3.0072640e+05  -4.6532878e+07
   3.0072640e+05  -4.6532243e+07
   3.0072640e+05  -4.6531588e+07
   3.0072640e+05  -4.6530901e+07
   3.0072640e+05  -4.6530166e+07
   3.0072640e+05  -4.6529359e+07
   3.0072640e+05  -4.6528446e+07
   3.0072640e+05  -4.6527390e+07
   3.0072640e+05  -4.6526148e+07
   3.0072640e+05  -4.6524688e+07
   3.0072640e+05  -4.6522995e+07
   3.0072640e+05  -4.6521078e+07
   3.0072640e+05  -4.6518968e+07
   3.0072640e+05  -4.6516706e+07
   3.0072640e+05  -4.6514331e+07
   3.0072640e+05  -4.6511879e+07
   3.0072640e+05  -4.6509374e+07
