957
  -3.0072640e+05  -4.7058026e+07
  -2.9822126e+05  -4.7058026e+07
  -2.9576865e+05  -4.7058026e+07
  -2.9339424e+05  -4.7058026e+07
  -2.9113195e+05  -4.7058026e+07
  -2.8902212e+05  -4.7058026e+07
  -2.8710529e+05  -4.7058026e+07
  -2.8541181e+05  -4.7058026e+07
  -2.8395152e+05  -4.7058026e+07
  -2.8270987e+05  -4.7058026e+07
  -2.8165356e+05  -4.7058026e+07
  -2.8074135e+05  -4.7058026e+07
  -2.7993385e+05  -4.7058026e+07
  -2.7919876e+05  -4.7058026e+07
  -2.7851203e+05  -4.7058026e+07
  -2.7785686e+05  -4.7058026e+07
  -2.7722197e+05  -4.7058026e+07
  -2.7660000e+05  -4.7058026e+07
  -2.7600000e+05  -4.7058026e+07
  -2.7540000e+05  -4.7058026e+07
  -2.7480000e+05  -4.7058026e+07
  -2.7420000e+05  -4.7058026e+07
  -2.7360000e+05  -4.7058026e+07
  -2.7300000e+05  -4.7058026e+07
  -2.7240000e+05  -4.7058026e+07
  -2.7180000e+05  -4.7058026e+07
  -2.7120000e+05  -4.7058026e+07
  -2.7060000e+05  -4.7058026e+07
  -2.7000000e+05  -4.7058026e+07
  -2.6940000e+05  -4.7058026e+07
  -2.6880000e+05  -4.7058026e+07
  -2.6820000e+05  -4.7058026e+07
  -2.6760000e+05  -4.7058026e+07
  -2.6700000e+05  -4.7058026e+07
  -2.6640000e+05  -4.7058026e+07
  -2.6580000e+05  -4.7058026e+07
  -2.6520000e+05  -4.7058026e+07
  -2.6460000e+05  -4.7058026e+07
  -2.6400000e+05  -4.7058026e+07
  -2.6340000e+05  -4.7058026e+07
  -2.6280000e+05  -4.7058026e+07
  -2.6220000e+05  -4.7058026e+07
  -2.6160000e+05  -4.7058026e+07
  -2.6100000e+05  -4.7058026e+07
  -2.6040000e+05  -4.7058026e+07
  -2.5980000e+05  -4.7058026e+07
  -2.5920000e+05  -4.7058026e+07
  -2.5860000e+05  -4.7058026e+07
  -2.5800000e+05  -4.7058026e+07
  -2.5740000e+05  -4.7058026e+07
  -2.5680000e+05  -4.7058026e+07
  -2.5620000e+05  -4.7058026e+07
  -2.5560000e+05  -4.7058026e+07
  -2.5500000e+05  -4.7058026e+07
  -2.5440000e+05  -4.7058026e+07
  -2.5380000e+05  -4.7058026e+07
  -2.5320000e+05  -4.7058026e+07
  -2.5260000e+05  -4.7058026e+07
  -2.5200000e+05  -4.7058026e+07
  -2.5140000e+05  -4.7058026e+07
  -2.5080000e+05  -4.7058026e+07
  -2.5020000e+05  -4.7058026e+07
  -2.4960000e+05  -4.7058026e+07
  -2.4900000e+05  -4.7058026e+07
  -2.4840000e+05  -4.7058026e+07
  -2.4780000e+05  -4.7058026e+07
  -2.4720000e+05  -4.7058026e+07
  -2.4660000e+05  -4.7058026e+07
  -2.4600000e+05  -4.7058026e+07
  -2.4540000e+05  -4.7058026e+07
  -2.4480000e+05  -4.7058026e+07
  -2.4420000e+05  -4.7058026e+07
  -2.4360000e+05  -4.7058026e+07
  -2.4300000e+05  -4.7058026e+07
  -2.4240000e+05  -4.7058026e+07
  -2.4180000e+05  -4.7058026e+07
  -2.4120000e+05  -4.7058026e+07
  -2.4060000e+05  -4.7058026e+07
  -2.4000000e+05  -4.7058026e+07
  -2.3940000e+05  -4.7058026e+07
  -2.3880000e+05  -4.7058026e+07
  -2.3820000e+05  -4.7058026e+07
  -2.3760000e+05  -4.7058026e+07
  -2.3700000e+05  -4.7058026e+07
  -2.3640000e+05  -4.7058026e+07
  -2.3580000e+05  -4.7058026e+07
  -2.3520000e+05  -4.7058026e+07
  -2.3460000e+05  -4.7058026e+07
  -2.3400000e+05  -4.7058026e+07
  -2.3340000e+05  -4.7058026e+07
  -2.3280000e+05  -4.7058026e+07
  -2.3220000e+05  -4.7058026e+07
  -2.3160000e+05  -4.7058026e+07
  -2.3100000e+05  -4.7058026e+07
  -2.3040000e+05  -4.7058026e+07
  -2.2980000e+05  -4.7058026e+07
  -2.2920000e+05  -4.7058026e+07
  -2.2860000e+05  -4.7058026e+07
  -2.2800000e+05  -4.7058026e+07
  -2.2740000e+05  -4.7058026e+07
  -2.2680000e+05  -4.7058026e+07
  -2.2620000e+05  -4.7058026e+07
  -2.2560000e+05  -4.7058026e+07
  -2.2500000e+05  -4.7058026e+07
  -2.2440000e+05  -4.7058026e+07
  -2.2380000e+05  -4.7058026e+07
  -2.2320000e+05  -4.7058026e+07
  -2.2260000e+05  -4.7058026e+07
  -2.2200000e+05  -4.7058026e+07
  -2.2140000e+05  -4.7058026e+07
  -2.2080000e+05  -4.7058026e+07
  -2.2020000e+05  -4.7058026e+07
  -2.1960000e+05  -4.7058026e+07
  -2.1900000e+05  -4.7058026e+07
  -2.1840000e+05  -4.7058026e+07
  -2.1780000e+05  -4.7058026e+07
  -2.1720000e+05  -4.7058026e+07
  -2.1660000e+05  -4.7058026e+07
  -2.1600000e+05  -4.7058026e+07
  -2.1540000e+05  -4.7058026e+07
  -2.1480000e+05  -4.7058026e+07
  -2.1420000e+05  -4.7058026e+07
  -2.1360000e+05  -4.7058026e+07
  -2.1300000e+05  -4.7058026e+07
  -2.1240000e+05  -4.7058026e+07
  -2.1180000e+05  -4.7058026e+07
  -2.1120000e+05  -4.7058026e+07
  -2.1060000e+05  -4.7058026e+07
  -2.1000000e+05  -4.7058026e+07
  -2.0940000e+05  -4.7058026e+07
  -2.0880000e+05  -4.7058026e+07
  -2.0820000e+05  -4.7058026e+07
  -2.0760000e+05  -4.7058026e+07
  -2.0700000e+05  -4.7058026e+07
  -2.0640000e+05  -4.7058026e+07
  -2.0580000e+05  -4.7058026e+07
  -2.0520000e+05  -4.7058026e+07
  -2.0460000e+05  -4.7058026e+07
  -2.0400000e+05  -4.7058026e+07
  -2.0340000e+05  -4.7058026e+07
  -2.0280000e+05  -4.7058026e+07
  -2.0220000e+05  -4.7058026e+07
  -2.0160000e+05  -4.7058026e+07
  -2.0100000e+05  -4.7058026e+07
  -2.0040000e+05  -4.7058026e+07
  -1.9980000e+05  -4.7058026e+07
  -1.9920000e+05  -4.7058026e+07
  -1.9860000e+05  -4.7058026e+07
  -1.9800000e+05  -4.7058026e+07
  -1.9740000e+05  -4.7058026e+07
  -1.9680000e+05  -4.7058026e+07
  -1.9620000e+05  -4.7058026e+07
  -1.9560000e+05  -4.7058026e+07
  -1.9500000e+05  -4.7058026e+07
  -1.9440000e+05  -4.7058026e+07
  -1.9380000e+05  -4.7058026e+07
  -1.9320000e+05  -4.7058026e+07
  -1.9260000e+05  -4.7058026e+07
  -1.9200000e+05  -4.7058026e+07
  -1.9140000e+05  -4.7058026e+07
  -1.9080000e+05  -4.7058026e+07
  -1.9020000e+05  -4.7058026e+07
  -1.8960000e+05  -4.7058026e+07
  -1.8900000e+05  -4.7058026e+07
  -1.8840000e+05  -4.7058026e+07
  -1.8780000e+05  -4.7058026e+07
  -1.8720000e+05  -4.7058026e+07
  -1.8660000e+05  -4.7058026e+07
  -1.8600000e+05  -4.7058026e+07
  -1.8540000e+05  -4.7058026e+07
  -1.8480000e+05  -4.7058026e+07
  -1.8420000e+05  -4.7058026e+07
  -1.8360000e+05  -4.7058026e+07
  -1.8300000e+05  -4.7058026e+07
  -1.8240000e+05  -4.7058026e+07
  -1.8180000e+05  -4.7058026e+07
  -1.8120000e+05  -4.7058026e+07
  -1.8060000e+05  -4.7058026e+07
  -1.8000000e+05  -4.7058026e+07
  -1.7940000e+05  -4.7058026e+07
  -1.7880000e+05  -4.7058026e+07
  -1.7820000e+05  -4.7058026e+07
  -1.7760000e+05  -4.7058026e+07
  -1.7700000e+05  -4.7058026e+07
  -1.7640000e+05  -4.7058026e+07
  -1.7580000e+05  -4.7058026e+07
  -1.7520000e+05  -4.7058026e+07
  -1.7460000e+05  -4.7058026e+07
  -1.7400000e+05  -4.7058026e+07
  -1.7340000e+05  -4.7058026e+07
  -1.7280000e+05  -4.7058026e+07
  -1.7220000e+05  -4.7058026e+07
  -1.7160000e+05  -4.7058026e+07
  -1.7100000e+05  -4.7058026e+07
  -1.7040000e+05  -4.7058026e+07
  -1.6980000e+05  -4.7058026e+07
  -1.6920000e+05  -4.7058026e+07
  -1.6860000e+05  -4.7058026e+07
  -1.6800000e+05  -4.7058026e+07
  -1.6740000e+05  -4.7058026e+07
  -1.6680000e+05  -4.7058026e+07
  -1.6620000e+05  -4.7058026e+07
  -1.6560000e+05  -4.7058026e+07
  -1.6500000e+05  -4.7058026e+07
  -1.6440000e+05  -4.7058026e+07
  -1.6380000e+05  -4.7058026e+07
  -1.6320000e+05  -4.7058026e+07
  -1.6260000e+05  -4.7058026e+07
  -1.6200000e+05  -4.7058026e+07
  -1.6140000e+05  -4.7058026e+07
  -1.6080000e+05  -4.7058026e+07
  -1.6020000e+05  -4.7058026e+07
  -1.5960000e+05  -4.7058026e+07
  -1.5900000e+05  -4.7058026e+07
  -1.5840000e+05  -4.7058026e+07
  -1.5780000e+05  -4.7058026e+07
  -1.5720000e+05  -4.7058026e+07
  -1.5660000e+05  -4.7058026e+07
  -1.5600000e+05  -4.7058026e+07
  -1.5540000e+05  -4.7058026e+07
  -1.5480000e+05  -4.7058026e+07
  -1.5420000e+05  -4.7058026e+07
  -1.5360000e+05  -4.7058026e+07
  -1.5300000e+05  -4.7058026e+07
  -1.5240000e+05  -4.7058026e+07
  -1.5180000e+05  -4.7058026e+07
  -1.5120000e+05  -4.7058026e+07
  -1.5060000e+05  -4.7058026e+07
  -1.5000000e+05  -4.7058026e+07
  -1.4940000e+05  -4.7058026e+07
  -1.4880000e+05  -4.7058026e+07
  -1.4820000e+05  -4.7058026e+07
  -1.4760000e+05  -4.7058026e+07
  -1.4700000e+05  -4.7058026e+07
  -1.4640000e+05  -4.7058026e+07
  -1.4580000e+05  -4.7058026e+07
  -1.4520000e+05  -4.7058026e+07
  -1.4460000e+05  -4.7058026e+07
  -1.4400000e+05  -4.7058026e+07
  -1.4340000e+05  -4.7058026e+07
  -1.4280000e+05  -4.7058026e+07
  -1.4220000e+05  -4.7058026e+07
  -1.4160000e+05  -4.7058026e+07
  -1.4100000e+05  -4.7058026e+07
  -1.4040000e+05  -4.7058026e+07
  -1.3980000e+05  -4.7058026e+07
  -1.3920000e+05  -4.7058026e+07
  -1.3860000e+05  -4.7058026e+07
  -1.3800000e+05  -4.7058026e+07
  -1.3740000e+05  -4.7058026e+07
  -1.3680000e+05  -4.7058026e+07
  -1.3620000e+05  -4.7058026e+07
  -1.3560000e+05  -4.7058026e+07
  -1.3500000e+05  -4.7058026e+07
  -1.3440000e+05  -4.7058026e+07
  -1.3380000e+05  -4.7058026e+07
  -1.3320000e+05  -4.7058026e+07
  -1.3260000e+05  -4.7058026e+07
  -1.3200000e+05  -4.7058026e+07
  -1.3140000e+05  -4.7058026e+07
  -1.3080000e+05  -4.7058026e+07
  -1.3020000e+05  -4.7058026e+07
  -1.2960000e+05  -4.7058026e+07
  -1.2900000e+05  -4.7058026e+07
  -1.2840000e+05  -4.7058026e+07
  -1.2780000e+05  -4.7058026e+07
  -1.2720000e+05  -4.7058026e+07
  -1.2660000e+05  -4.7058026e+07
  -1.2600000e+05  -4.7058026e+07
  -1.2540000e+05  -4.7058026e+07
  -1.2480000e+05  -4.7058026e+07
  -1.2420000e+05  -4.7058026e+07
  -1.2360000e+05  -4.7058026e+07
  -1.2300000e+05  -4.7058026e+07
  -1.2240000e+05  -4.7058026e+07
  -1.2180000e+05  -4.7058026e+07
  -1.2120000e+05  -4.7058026e+07
  -1.2060000e+05  -4.7058026e+07
  -1.2000000e+05  -4.7058026e+07
  -1.1940000e+05  -4.7058026e+07
  -1.1880000e+05  -4.7058026e+07
  -1.1820000e+05  -4.7058026e+07
  -1.1760000e+05  -4.7058026e+07
  -1.1700000e+05  -4.7058026e+07
  -1.1640000e+05  -4.7058026e+07
  -1.1580000e+05  -4.7058026e+07
  -1.1520000e+05  -4.7058026e+07
  -1.1460000e+05  -4.7058026e+07
  -1.1400000e+05  -4.7058026e+07
  -1.1340000e+05  -4.7058026e+07
  -1.1280000e+05  -4.7058026e+07
  -1.1220000e+05  -4.7058026e+07
  -1.1160000e+05  -4.7058026e+07
  -1.1100000e+05  -4.7058026e+07
  -1.1040000e+05  -4.7058026e+07
  -1.0980000e+05  -4.7058026e+07
  -1.0920000e+05  -4.7058026e+07
  -1.0860000e+05  -4.7058026e+07
  -1.0800000e+05  -4.7058026e+07
  -1.0740000e+05  -4.7058026e+07
  -1.0680000e+05  -4.7058026e+07
  -1.0620000e+05  -4.7058026e+07
  -1.0560000e+05  -4.7058026e+07
  -1.0500000e+05  -4.7058026e+07
  -1.0440000e+05  -4.7058026e+07
  -1.0380000e+05  -4.7058026e+07
  -1.0320000e+05  -4.7058026e+07
  -1.0260000e+05  -4.7058026e+07
  -1.0200000e+05  -4.7058026e+07
  -1.0140000e+05  -4.7058026e+07
  -1.0080000e+05  -4.7058026e+07
  -1.0020000e+05  -4.7058026e+07
  -9.9600000e+04  -4.7058026e+07
  -9.9000000e+04  -4.7058026e+07
  -9.8400000e+04  -4.7058026e+07
  -9.7800000e+04  -4.7058026e+07
  -9.7200000e+04  -4.7058026e+07
  -9.6600000e+04  -4.7058026e+07
  -9.6000000e+04  -4.7058026e+07
  -9.5400000e+04  -4.7058026e+07
  -9.4800000e+04  -4.7058026e+07
  -9.4200000e+04  -4.7058026e+07
  -9.3600000e+04  -4.7058026e+07
  -9.3000000e+04  -4.7058026e+07
  -9.2400000e+04  -4.7058026e+07
  -9.1800000e+04  -4.7058026e+07
  -9.1200000e+04  -4.7058026e+07
  -9.0600000e+04  -4.7058026e+07
  -9.0000000e+04  -4.7058026e+07
  -8.9400000e+04  -4.7058026e+07
  -8.8800000e+04  -4.7058026e+07
  -8.8200000e+04  -4.7058026e+07
  -8.7600000e+04  -4.7058026e+07
  -8.7000000e+04  -4.7058026e+07
  -8.6400000e+04  -4.7058026e+07
  -8.5800000e+04  -4.7058026e+07
  -8.5200000e+04  -4.7058026e+07
  -8.4600000e+04  -4.7058026e+07
  -8.4000000e+04  -4.7058026e+07
  -8.3400000e+04  -4.7058026e+07
  -8.2800000e+04  -4.7058026e+07
  -8.2200000e+04  -4.7058026e+07
  -8.1600000e+04  -4.7058026e+07
  -8.1000000e+04  -4.7058026e+07
  -8.0400000e+04  -4.7058026e+07
  -7.9800000e+04  -4.7058026e+07
  -7.9200000e+04  -4.7058026e+07
  -7.8600000e+04  -4.7058026e+07
  -7.8000000e+04  -4.7058026e+07
  -7.7400000e+04  -4.7058026e+07
  -7.6800000e+04  -4.7058026e+07
  -7.6200000e+04  -4.7058026e+07
  -7.5600000e+04  -4.7058026e+07
  -7.5000000e+04  -4.7058026e+07
  -7.4400000e+04  -4.7058026e+07
  -7.3800000e+04  -4.7058026e+07
  -7.3200000e+04  -4.7058026e+07
  -7.2600000e+04  -4.7058026e+07
  -7.2000000e+04  -4.7058026e+07
  -7.1400000e+04  -4.7058026e+07
  -7.0800000e+04  -4.7058026e+07
  -7.0200000e+04  -4.7058026e+07
  -6.9600000e+04  -4.7058026e+07
  -6.9000000e+04  -4.7058026e+07
  -6.8400000e+04  -4.7058026e+07
  -6.7800000e+04  -4.7058026e+07
  -6.7200000e+04  -4.7058026e+07
  -6.6600000e+04  -4.7058026e+07
  -6.6000000e+04  -4.7058026e+07
  -6.5400000e+04  -4.7058026e+07
  -6.4800000e+04  -4.7058026e+07
  -6.4200000e+04  -4.7058026e+07
  -6.3600000e+04  -4.7058026e+07
  -6.3000000e+04  -4.7058026e+07
  -6.2400000e+04  -4.7058026e+07
  -6.1800000e+04  -4.7058026e+07
  -6.1200000e+04  -4.7058026e+07
  -6.0600000e+04  -4.7058026e+07
  -6.0000000e+04  -4.7058026e+07
  -5.9400000e+04  -4.7058026e+07
  -5.8800000e+04  -4.7058026e+07
  -5.8200000e+04  -4.7058026e+07
  -5.7600000e+04  -4.7058026e+07
  -5.7000000e+04  -4.7058026e+07
  -5.6400000e+04  -4.7058026e+07
  -5.5800000e+04  -4.7058026e+07
  -5.5200000e+04  -4.7058026e+07
  -5.4600000e+04  -4.7058026e+07
  -5.4000000e+04  -4.7058026e+07
  -5.3400000e+04  -4.7058026e+07
  -5.2800000e+04  -4.7058026e+07
  -5.2200000e+04  -4.7058026e+07
  -5.1600000e+04  -4.7058026e+07
  -5.1000000e+04  -4.7058026e+07
  -5.0400000e+04  -4.7058026e+07
  -4.9800000e+04  -4.7058026e+07
  -4.9200000e+04  -4.7058026e+07
  -4.8600000e+04  -4.7058026e+07
  -4.8000000e+04  -4.7058026e+07
  -4.7400000e+04  -4.7058026e+07
  -4.6800000e+04  -4.7058026e+07
  -4.6200000e+04  -4.7058026e+07
  -4.5600000e+04  -4.7058026e+07
  -4.5000000e+04  -4.7058026e+07
  -4.4400000e+04  -4.7058026e+07
  -4.3800000e+04  -4.7058026e+07
  -4.3200000e+04  -4.7058026e+07
  -4.2600000e+04  -4.7058026e+07
  -4.2000000e+04  -4.7058026e+07
  -4.1400000e+04  -4.7058026e+07
  -4.0800000e+04  -4.7058026e+07
  -4.0200000e+04  -4.7058026e+07
  -3.9600000e+04  -4.7058026e+07
  -3.9000000e+04  -4.7058026e+07
  -3.8400000e+04  -4.7058026e+07
  -3.7800000e+04  -4.7058026e+07
  -3.7200000e+04  -4.7058026e+07
  -3.6600000e+04  -4.7058026e+07
  -3.6000000e+04  -4.7058026e+07
  -3.5400000e+04  -4.7058026e+07
  -3.4800000e+04  -4.7058026e+07
  -3.4200000e+04  -4.7058026e+07
  -3.3600000e+04  -4.7058026e+07
  -3.3000000e+04  -4.7058026e+07
  -3.2400000e+04  -4.7058026e+07
  -3.1800000e+04  -4.7058026e+07
  -3.1200000e+04  -4.7058026e+07
  -3.0600000e+04  -4.7058026e+07
  -3.0000000e+04  -4.7058026e+07
  -2.9400000e+04  -4.7058026e+07
  -2.8800000e+04  -4.7058026e+07
  -2.8200000e+04  -4.7058026e+07
  -2.7600000e+04  -4.7058026e+07
  -2.7000000e+04  -4.7058026e+07
  -2.6400000e+04  -4.7058026e+07
  -2.5800000e+04  -4.7058026e+07
  -2.5200000e+04  -4.7058026e+07
  -2.4600000e+04  -4.7058026e+07
  -2.4000000e+04  -4.7058026e+07
  -2.3400000e+04  -4.7058026e+07
  -2.2800000e+04  -4.7058026e+07
  -2.2200000e+04  -4.7058026e+07
  -2.1600000e+04  -4.7058026e+07
  -2.1000000e+04  -4.7058026e+07
  -2.0400000e+04  -4.7058026e+07
  -1.9800000e+04  -4.7058026e+07
  -1.9200000e+04  -4.7058026e+07
  -1.8600000e+04  -4.7058026e+07
  -1.8000000e+04  -4.7058026e+07
  -1.7400000e+04  -4.7058026e+07
  -1.6800000e+04  -4.7058026e+07
  -1.6200000e+04  -4.7058026e+07
  -1.5600000e+04  -4.7058026e+07
  -1.5000000e+04  -4.7058026e+07
  -1.4400000e+04  -4.7058026e+07
  -1.3800000e+04  -4.7058026e+07
  -1.3200000e+04  -4.7058026e+07
  -1.2600000e+04  -4.7058026e+07
  -1.2000000e+04  -4.7058026e+07
  -1.1400000e+04  -4.7058026e+07
  -1.0800000e+04  -4.7058026e+07
  -1.0200000e+04  -4.7058026e+07
  -9.6000000e+03  -4.7058026e+07
  -9.0000000e+03  -4.7058026e+07
  -8.4000000e+03  -4.7058026e+07
  -7.8000000e+03  -4.7058026e+07
  -7.2000000e+03  -4.7058026e+07
  -6.6000000e+03  -4.7058026e+07
  -6.0000000e+03  -4.7058026e+07
  -5.4000000e+03  -4.7058026e+07
  -4.8000000e+03  -4.7058026e+07
  -4.2000000e+03  -4.7058026e+07
  -3.6000000e+03  -4.7058026e+07
  -3.0000000e+03  -4.7058026e+07
  -2.4000000e+03  -4.7058026e+07
  -1.8000000e+03  -4.7058026e+07
  -1.2000000e+03  -4.7058026e+07
  -6.0000000e+02  -4.7058026e+07
   0.0000000e+00  -4.7058026e+07
   6.0000000e+02  -4.7058026e+07
   1.2000000e+03  -4.7058026e+07
   1.8000000e+03  -4.7058026e+07
   2.4000000e+03  -4.7058026e+07
   3.0000000e+03  -4.7058026e+07
   3.6000000e+03  -4.7058026e+07
   4.2000000e+03  -4.7058026e+07
   4.8000000e+03  -4.7058026e+07
   5.4000000e+03  -4.7058026e+07
   6.0000000e+03  -4.7058026e+07
   6.6000000e+03  -4.7058026e+07
   7.2000000e+03  -4.7058026e+07
   7.8000000e+03  -4.7058026e+07
   8.4000000e+03  -4.7058026e+07
   9.0000000e+03  -4.7058026e+07
   9.6000000e+03  -4.7058026e+07
   1.0200000e+04  -4.7058026e+07
   1.0800000e+04  -4.7058026e+07
   1.1400000e+04  -4.7058026e+07
   1.2000000e+04  -4.7058026e+07
   1.2600000e+04  -4.7058026e+07
   1.3200000e+04  -4.7058026e+07
   1.3800000e+04  -4.7058026e+07
   1.4400000e+04  -4.7058026e+07
   1.5000000e+04  -4.7058026e+07
   1.5600000e+04  -4.7058026e+07
   1.6200000e+04  -4.7058026e+07
   1.6800000e+04  -4.7058026e+07
   1.7400000e+04  -4.7058026e+07
   1.8000000e+04  -4.7058026e+07
   1.8600000e+04  -4.7058026e+07
   1.9200000e+04  -4.7058026e+07
   1.9800000e+04  -4.7058026e+07
   2.0400000e+04  -4.7058026e+07
   2.1000000e+04  -4.7058026e+07
   2.1600000e+04  -4.7058026e+07
   2.2200000e+04  -4.7058026e+07
   2.2800000e+04  -4.7058026e+07
   2.3400000e+04  -4.7058026e+07
   2.4000000e+04  -4.7058026e+07
   2.4600000e+04  -4.7058026e+07
   2.5200000e+04  -4.7058026e+07
   2.5800000e+04  -4.7058026e+07
   2.6400000e+04  -4.7058026e+07
   2.7000000e+04  -4.7058026e+07
   2.7600000e+04  -4.7058026e+07
   2.8200000e+04  -4.7058026e+07
   2.8800000e+04  -4.7058026e+07
   2.9400000e+04  -4.7058026e+07
   3.0000000e+04  -4.7058026e+07
   3.0600000e+04  -4.7058026e+07
   3.1200000e+04  -4.7058026e+07
   3.1800000e+04  -4.7058026e+07
   3.2400000e+04  -4.7058026e+07
   3.3000000e+04  -4.7058026e+07
   3.3600000e+04  -4.7058026e+07
   3.4200000e+04  -4.7058026e+07
   3.4800000e+04  -4.7058026e+07
   3.5400000e+04  -4.7058026e+07
   3.6000000e+04  -4.7058026e+07
   3.6600000e+04  -4.7058026e+07
   3.7200000e+04  -4.7058026e+07
   3.7800000e+04  -4.7058026e+07
   3.8400000e+04  -4.7058026e+07
   3.9000000e+04  -4.7058026e+07
   3.9600000e+04  -4.7058026e+07
   4.0200000e+04  -4.7058026e+07
   4.0800000e+04  -4.7058026e+07
   4.1400000e+04  -4.7058026e+07
   4.2000000e+04  -4.7058026e+07
   4.2600000e+04  -4.7058026e+07
   4.3200000e+04  -4.7058026e+07
   4.3800000e+04  -4.7058026e+07
   4.4400000e+04  -4.7058026e+07
   4.5000000e+04  -4.7058026e+07
   4.5600000e+04  -4.7058026e+07
   4.6200000e+04  -4.7058026e+07
   4.6800000e+04  -4.7058026e+07
   4.7400000e+04  -4.7058026e+07
   4.8000000e+04  -4.7058026e+07
   4.8600000e+04  -4.7058026e+07
   4.9200000e+04  -4.7058026e+07
   4.9800000e+04  -4.7058026e+07
   5.0400000e+04  -4.7058026e+07
   5.1000000e+04  -4.7058026e+07
   5.1600000e+04  -4.7058026e+07
   5.2200000e+04  -4.7058026e+07
   5.2800000e+04  -4.7058026e+07
   5.3400000e+04  -4.7058026e+07
   5.4000000e+04  -4.7058026e+07
   5.4600000e+04  -4.7058026e+07
   5.5200000e+04  -4.7058026e+07
   5.5800000e+04  -4.7058026e+07
   5.6400000e+04  -4.7058026e+07
   5.7000000e+04  -4.7058026e+07
   5.7600000e+04  -4.7058026e+07
   5.8200000e+04  -4.7058026e+07
   5.8800000e+04  -4.7058026e+07
   5.9400000e+04  -4.7058026e+07
   6.0000000e+04  -4.7058026e+07
   6.0600000e+04  -4.7058026e+07
   6.1200000e+04  -4.7058026e+07
   6.1800000e+04  -4.7058026e+07
   6.2400000e+04  -4.7058026e+07
   6.3000000e+04  -4.7058026e+07
   6.3600000e+04  -4.7058026e+07
   6.4200000e+04  -4.7058026e+07
   6.4800000e+04  -4.7058026e+07
   6.5400000e+04  -4.7058026e+07
   6.6000000e+04  -4.7058026e+07
   6.6600000e+04  -4.7058026e+07
   6.7200000e+04  -4.7058026e+07
   6.7800000e+04  -4.7058026e+07
   6.8400000e+04  -4.7058026e+07
   6.9000000e+04  -4.7058026e+07
   6.9600000e+04  -4.7058026e+07
   7.0200000e+04  -4.7058026e+07
   7.0800000e+04  -4.7058026e+07
   7.1400000e+04  -4.7058026e+07
   7.2000000e+04  -4.7058026e+07
   7.2600000e+04  -4.7058026e+07
   7.3200000e+04  -4.7058026e+07
   7.3800000e+04  -4.7058026e+07
   7.4400000e+04  -4.7058026e+07
   7.5000000e+04  -4.7058026e+07
   7.5600000e+04  -4.7058026e+07
   7.6200000e+04  -4.7058026e+07
   7.6800000e+04  -4.7058026e+07
   7.7400000e+04  -4.7058026e+07
   7.8000000e+04  -4.7058026e+07
   7.8600000e+04  -4.7058026e+07
   7.9200000e+04  -4.7058026e+07
   7.9800000e+04  -4.7058026e+07
   8.0400000e+04  -4.7058026e+07
   8.1000000e+04  -4.7058026e+07
   8.1600000e+04  -4.7058026e+07
   8.2200000e+04  -4.7058026e+07
   8.2800000e+04  -4.7058026e+07
   8.3400000e+04  -4.7058026e+07
   8.4000000e+04  -4.7058026e+07
   8.4600000e+04  -4.7058026e+07
   8.5200000e+04  -4.7058026e+07
   8.5800000e+04  -4.7058026e+07
   8.6400000e+04  -4.7058026e+07
   8.7000000e+04  -4.7058026e+07
   8.7600000e+04  -4.7058026e+07
   8.8200000e+04  -4.7058026e+07
   8.8800000e+04  -4.7058026e+07
   8.9400000e+04  -4.7058026e+07
   9.0000000e+04  -4.7058026e+07
   9.0600000e+04  -4.7058026e+07
   9.1200000e+04  -4.7058026e+07
   9.1800000e+04  -4.7058026e+07
   9.2400000e+04  -4.7058026e+07
   9.3000000e+04  -4.7058026e+07
   9.3600000e+04  -4.7058026e+07
   9.4200000e+04  -4.7058026e+07
   9.4800000e+04  -4.7058026e+07
   9.5400000e+04  -4.7058026e+07
   9.6000000e+04  -4.7058026e+07
   9.6600000e+04  -4.7058026e+07
   9.7200000e+04  -4.7058026e+07
   9.7800000e+04  -4.7058026e+07
   9.8400000e+04  -4.7058026e+07
   9.9000000e+04  -4.7058026e+07
   9.9600000e+04  -4.7058026e+07
   1.0020000e+05  -4.7058026e+07
   1.0080000e+05  -4.7058026e+07
   1.0140000e+05  -4.7058026e+07
   1.0200000e+05  -4.7058026e+07
   1.0260000e+05  -4.7058026e+07
   1.0320000e+05  -4.7058026e+07
   1.0380000e+05  -4.7058026e+07
   1.0440000e+05  -4.7058026e+07
   1.0500000e+05  -4.7058026e+07
   1.0560000e+05  -4.7058026e+07
   1.0620000e+05  -4.7058026e+07
   1.0680000e+05  -4.7058026e+07
   1.0740000e+05  -4.7058026e+07
   1.0800000e+05  -4.7058026e+07
   1.0860000e+05  -4.7058026e+07
   1.0920000e+05  -4.7058026e+07
   1.0980000e+05  -4.7058026e+07
   1.1040000e+05  -4.7058026e+07
   1.1100000e+05  -4.7058026e+07
   1.1160000e+05  -4.7058026e+07
   1.1220000e+05  -4.7058026e+07
   1.1280000e+05  -4.7058026e+07
   1.1340000e+05  -4.7058026e+07
   1.1400000e+05  -4.7058026e+07
   1.1460000e+05  -4.7058026e+07
   1.1520000e+05  -4.7058026e+07
   1.1580000e+05  -4.7058026e+07
   1.1640000e+05  -4.7058026e+07
   1.1700000e+05  -4.7058026e+07
   1.1760000e+05  -4.7058026e+07
   1.1820000e+05  -4.7058026e+07
   1.1880000e+05  -4.7058026e+07
   1.1940000e+05  -4.7058026e+07
   1.2000000e+05  -4.7058026e+07
   1.2060000e+05  -4.7058026e+07
   1.2120000e+05  -4.7058026e+07
   1.2180000e+05  -4.7058026e+07
   1.2240000e+05  -4.7058026e+07
   1.2300000e+05  -4.7058026e+07
   1.2360000e+05  -4.7058026e+07
   1.2420000e+05  -4.7058026e+07
   1.2480000e+05  -4.7058026e+07
   1.2540000e+05  -4.7058026e+07
   1.2600000e+05  -4.7058026e+07
   1.2660000e+05  -4.7058026e+07
   1.2720000e+05  -4.7058026e+07
   1.2780000e+05  -4.7058026e+07
   1.2840000e+05  -4.7058026e+07
   1.2900000e+05  -4.7058026e+07
   1.2960000e+05  -4.7058026e+07
   1.3020000e+05  -4.7058026e+07
   1.3080000e+05  -4.7058026e+07
   1.3140000e+05  -4.7058026e+07
   1.3200000e+05  -4.7058026e+07
   1.3260000e+05  -4.7058026e+07
   1.3320000e+05  -4.7058026e+07
   1.3380000e+05  -4.7058026e+07
   1.3440000e+05  -4.7058026e+07
   1.3500000e+05  -4.7058026e+07
   1.3560000e+05  -4.7058026e+07
   1.3620000e+05  -4.7058026e+07
   1.3680000e+05  -4.7058026e+07
   1.3740000e+05  -4.7058026e+07
   1.3800000e+05  -4.7058026e+07
   1.3860000e+05  -4.7058026e+07
   1.3920000e+05  -4.7058026e+07
   1.3980000e+05  -4.7058026e+07
   1.4040000e+05  -4.7058026e+07
   1.4100000e+05  -4.7058026e+07
   1.4160000e+05  -4.7058026e+07
   1.4220000e+05  -4.7058026e+07
   1.4280000e+05  -4.7058026e+07
   1.4340000e+05  -4.7058026e+07
   1.4400000e+05  -4.7058026e+07
   1.4460000e+05  -4.7058026e+07
   1.4520000e+05  -4.7058026e+07
   1.4580000e+05  -4.7058026e+07
   1.4640000e+05  -4.7058026e+07
   1.4700000e+05  -4.7058026e+07
   1.4760000e+05  -4.7058026e+07
   1.4820000e+05  -4.7058026e+07
   1.4880000e+05  -4.7058026e+07
   1.4940000e+05  -4.7058026e+07
   1.5000000e+05  -4.7058026e+07
   1.5060000e+05  -4.7058026e+07
   1.5120000e+05  -4.7058026e+07
   1.5180000e+05  -4.7058026e+07
   1.5240000e+05  -4.7058026e+07
   1.5300000e+05  -4.7058026e+07
   1.5360000e+05  -4.7058026e+07
   1.5420000e+05  -4.7058026e+07
   1.5480000e+05  -4.7058026e+07
   1.5540000e+05  -4.7058026e+07
   1.5600000e+05  -4.7058026e+07
   1.5660000e+05  -4.7058026e+07
   1.5720000e+05  -4.7058026e+07
   1.5780000e+05  -4.7058026e+07
   1.5840000e+05  -4.7058026e+07
   1.5900000e+05  -4.7058026e+07
   1.5960000e+05  -4.7058026e+07
   1.6020000e+05  -4.7058026e+07
   1.6080000e+05  -4.7058026e+07
   1.6140000e+05  -4.7058026e+07
   1.6200000e+05  -4.7058026e+07
   1.6260000e+05  -4.7058026e+07
   1.6320000e+05  -4.7058026e+07
   1.6380000e+05  -4.7058026e+07
   1.6440000e+05  -4.7058026e+07
   1.6500000e+05  -4.7058026e+07
   1.6560000e+05  -4.7058026e+07
   1.6620000e+05  -4.7058026e+07
   1.6680000e+05  -4.7058026e+07
   1.6740000e+05  -4.7058026e+07
   1.6800000e+05  -4.7058026e+07
   1.6860000e+05  -4.7058026e+07
   1.6920000e+05  -4.7058026e+07
   1.6980000e+05  -4.7058026e+07
   1.7040000e+05  -4.7058026e+07
   1.7100000e+05  -4.7058026e+07
   1.7160000e+05  -4.7058026e+07
   1.7220000e+05  -4.7058026e+07
   1.7280000e+05  -4.7058026e+07
   1.7340000e+05  -4.7058026e+07
   1.7400000e+05  -4.7058026e+07
   1.7460000e+05  -4.7058026e+07
   1.7520000e+05  -4.7058026e+07
   1.7580000e+05  -4.7058026e+07
   1.7640000e+05  -4.7058026e+07
   1.7700000e+05  -4.7058026e+07
   1.7760000e+05  -4.7058026e+07
   1.7820000e+05  -4.7058026e+07
   1.7880000e+05  -4.7058026e+07
   1.7940000e+05  -4.7058026e+07
   1.8000000e+05  -4.7058026e+07
   1.8060000e+05  -4.7058026e+07
   1.8120000e+05  -4.7058026e+07
   1.8180000e+05  -4.7058026e+07
   1.8240000e+05  -4.7058026e+07
   1.8300000e+05  -4.7058026e+07
   1.8360000e+05  -4.7058026e+07
   1.8420000e+05  -4.7058026e+07
   1.8480000e+05  -4.7058026e+07
   1.8540000e+05  -4.7058026e+07
   1.8600000e+05  -4.7058026e+07
   1.8660000e+05  -4.7058026e+07
   1.8720000e+05  -4.7058026e+07
   1.8780000e+05  -4.7058026e+07
   1.8840000e+05  -4.7058026e+07
   1.8900000e+05  -4.7058026e+07
   1.8960000e+05  -4.7058026e+07
   1.9020000e+05  -4.7058026e+07
   1.9080000e+05  -4.7058026e+07
   1.9140000e+05  -4.7058026e+07
   1.9200000e+05  -4.7058026e+07
   1.9260000e+05  -4.7058026e+07
   1.9320000e+05  -4.7058026e+07
   1.9380000e+05  -4.7058026e+07
   1.9440000e+05  -4.7058026e+07
   1.9500000e+05  -4.7058026e+07
   1.9560000e+05  -4.7058026e+07
   1.9620000e+05  -4.7058026e+07
   1.9680000e+05  -4.7058026e+07
   1.9740000e+05  -4.7058026e+07
   1.9800000e+05  -4.7058026e+07
   1.9860000e+05  -4.7058026e+07
   1.9920000e+05  -4.7058026e+07
   1.9980000e+05  -4.7058026e+07
   2.0040000e+05  -4.7058026e+07
   2.0100000e+05  -4.7058026e+07
   2.0160000e+05  -4.7058026e+07
   2.0220000e+05  -4.7058026e+07
   2.0280000e+05  -4.7058026e+07
   2.0340000e+05  -4.7058026e+07
   2.0400000e+05  -4.7058026e+07
   2.0460000e+05  -4.7058026e+07
   2.0520000e+05  -4.7058026e+07
   2.0580000e+05  -4.7058026e+07
   2.0640000e+05  -4.7058026e+07
   2.0700000e+05  -4.7058026e+07
   2.0760000e+05  -4.7058026e+07
   2.0820000e+05  -4.7058026e+07
   2.0880000e+05  -4.7058026e+07
   2.0940000e+05  -4.7058026e+07
   2.1000000e+05  -4.7058026e+07
   2.1060000e+05  -4.7058026e+07
   2.1120000e+05  -4.7058026e+07
   2.1180000e+05  -4.7058026e+07
   2.1240000e+05  -4.7058026e+07
   2.1300000e+05  -4.7058026e+07
   2.1360000e+05  -4.7058026e+07
   2.1420000e+05  -4.7058026e+07
   2.1480000e+05  -4.7058026e+07
   2.1540000e+05  -4.7058026e+07
   2.1600000e+05  -4.7058026e+07
   2.1660000e+05  -4.7058026e+07
   2.1720000e+05  -4.7058026e+07
   2.1780000e+05  -4.7058026e+07
   2.1840000e+05  -4.7058026e+07
   2.1900000e+05  -4.7058026e+07
   2.1960000e+05  -4.7058026e+07
   2.2020000e+05  -4.7058026e+07
   2.2080000e+05  -4.7058026e+07
   2.2140000e+05  -4.7058026e+07
   2.2200000e+05  -4.7058026e+07
   2.2260000e+05  -4.7058026e+07
   2.2320000e+05  -4.7058026e+07
   2.2380000e+05  -4.7058026e+07
   2.2440000e+05  -4.7058026e+07
   2.2500000e+05  -4.7058026e+07
   2.2560000e+05  -4.7058026e+07
   2.2620000e+05  -4.7058026e+07
   2.2680000e+05  -4.7058026e+07
   2.2740000e+05  -4.7058026e+07
   2.2800000e+05  -4.7058026e+07
   2.2860000e+05  -4.7058026e+07
   2.2920000e+05  -4.7058026e+07
   2.2980000e+05  -4.7058026e+07
   2.3040000e+05  -4.7058026e+07
   2.3100000e+05  -4.7058026e+07
   2.3160000e+05  -4.7058026e+07
   2.3220000e+05  -4.7058026e+07
   2.3280000e+05  -4.7058026e+07
   2.3340000e+05  -4.7058026e+07
   2.3400000e+05  -4.7058026e+07
   2.3460000e+05  -4.7058026e+07
   2.3520000e+05  -4.7058026e+07
   2.3580000e+05  -4.7058026e+07
   2.3640000e+05  -4.7058026e+07
   2.3700000e+05  -4.7058026e+07
   2.3760000e+05  -4.7058026e+07
   2.3820000e+05  -4.7058026e+07
   2.3880000e+05  -4.7058026e+07
   2.3940000e+05  -4.7058026e+07
   2.4000000e+05  -4.7058026e+07
   2.4060000e+05  -4.7058026e+07
   2.4120000e+05  -4.7058026e+07
   2.4180000e+05  -4.7058026e+07
   2.4240000e+05  -4.7058026e+07
   2.4300000e+05  -4.7058026e+07
   2.4360000e+05  -4.7058026e+07
   2.4420000e+05  -4.7058026e+07
   2.4480000e+05  -4.7058026e+07
   2.4540000e+05  -4.7058026e+07
   2.4600000e+05  -4.7058026e+07
   2.4660000e+05  -4.7058026e+07
   2.4720000e+05  -4.7058026e+07
   2.4780000e+05  -4.7058026e+07
   2.4840000e+05  -4.7058026e+07
   2.4900000e+05  -4.7058026e+07
   2.4960000e+05  -4.7058026e+07
   2.5020000e+05  -4.7058026e+07
   2.5080000e+05  -4.7058026e+07
   2.5140000e+05  -4.7058026e+07
   2.5200000e+05  -4.7058026e+07
   2.5260000e+05  -4.7058026e+07
   2.5320000e+05  -4.7058026e+07
   2.5380000e+05  -4.7058026e+07
   2.5440000e+05  -4.7058026e+07
   2.5500000e+05  -4.7058026e+07
   2.5560000e+05  -4.7058026e+07
   2.5620000e+05  -4.7058026e+07
   2.5680000e+05  -4.7058026e+07
   2.5740000e+05  -4.7058026e+07
   2.5800000e+05  -4.7058026e+07
   2.5860000e+05  -4.7058026e+07
   2.5920000e+05  -4.7058026e+07
   2.5980000e+05  -4.7058026e+07
   2.6040000e+05  -4.7058026e+07
   2.6100000e+05  -4.7058026e+07
   2.6160000e+05  -4.7058026e+07
   2.6220000e+05  -4.7058026e+07
   2.6280000e+05  -4.7058026e+07
   2.6340000e+05  -4.7058026e+07
   2.6400000e+05  -4.7058026e+07
   2.6460000e+05  -4.7058026e+07
   2.6520000e+05  -4.7058026e+07
   2.6580000e+05  -4.7058026e+07
   2.6640000e+05  -4.7058026e+07
   2.6700000e+05  -4.7058026e+07
   2.6760000e+05  -4.7058026e+07
   2.6820000e+05  -4.7058026e+07
   2.6880000e+05  -4.7058026e+07
   2.6940000e+05  -4.7058026e+07
   2.7000000e+05  -4.7058026e+07
   2.7060000e+05  -4.7058026e+07
   2.7120000e+05  -4.7058026e+07
   2.7180000e+05  -4.7058026e+07
   2.7240000e+05  -4.7058026e+07
   2.7300000e+05  -4.7058026e+07
   2.7360000e+05  -4.7058026e+07
   2.7420000e+05  -4.7058026e+07
   2.7480000e+05  -4.7058026e+07
   2.7540000e+05  -4.7058026e+07
   2.7600000e+05  -4.7058026e+07
   2.7660000e+05  -4.7058026e+07
   2.7722197e+05  -4.7058026e+07
   2.7785686e+05  -4.7058026e+07
   2.7851203e+05  -4.7058026e+07
   2.7919876e+05  -4.7058026e+07
   2.7993385e+05  -4.7058026e+07
   2.8074135e+05  -4.7058026e+07
   2.8165356e+05  -4.7058026e+07
   2.8270987e+05  -4.7058026e+07
   2.8395152e+05  -4.7058026e+07
   2.8541181e+05  -4.7058026e+07
   2.8710529e+05  -4.7058026e+07
   2.8902212e+05  -4.7058026e+07
   2.9113195e+05  -4.7058026e+07
   2.9339424e+05  -4.7058026e+07
   2.9576865e+05  -4.7058026e+07
   2.9822126e+05  -4.7058026e+07
   3.0072640e+05  -4.7058026e+07
