73 370 1.000000
74 370 1.000000
75 370 1.000000
75 369 1.000000
74 369 1.000000
73 369 1.000000
179 166 0.000000
179 165 0.000000
178 165 0.000000
178 164 0.000000
177 165 0.000000
83 142 1.000000
82 143 1.000000
81 145 1.000000
77 147 1.000000
78 147 1.000000
79 147 1.000000
75 147 0.000000
76 148 1.000000
75 143 0.000000
79 138 0.000000
80 137 0.000000
82 136 0.000000
84 140 1.000000
81 144 1.000000
81 144 0.000000
81 136 0.000000
130 141 1.000000
131 141 1.000000
129 140 1.000000
130 140 1.000000
131 140 1.000000
169 106 1.000000
167 103 1.000000
166 100 0.000000
179 95 1.000000
177 104 1.000000
178 103 1.000000
176 106 1.000000
169 116 1.000000
166 112 0.000000
167 111 0.000000
168 110 0.000000
169 95 0.000000
138 77 1.000000
139 77 1.000000
140 76 1.000000
141 73 0.000000
138 73 1.000000
137 69 1.000000
137 65 1.000000
137 69 0.000000
137 69 1.000000
144 46 0.000000
145 45 0.000000
144 54 1.000000
144 53 1.000000
143 58 0.000000
139 47 0.000000
139 47 1.000000
140 46 0.000000
139 46 0.000000
139 47 0.000000
139 48 0.000000
144 53 0.000000
204 159 1.000000
204 159 0.000000
204 158 0.000000
203 151 1.000000
203 150 1.000000
203 149 1.000000
202 144 0.000000
202 145 1.000000
198 140 1.000000
197 140 1.000000
204 126 0.000000
205 126 0.000000
206 126 1.000000
207 126 1.000000
209 126 0.000000
210 126 0.000000
210 127 0.000000
209 127 0.000000
208 127 0.000000
211 124 0.000000
216 124 0.000000
217 123 0.000000
218 121 0.000000
219 119 0.000000
221 113 0.000000
221 112 0.000000
231 88 0.000000
227 97 0.000000
226 98 0.000000
225 100 0.000000
224 103 0.000000
223 105 0.000000
221 111 0.000000
220 116 0.000000
210 105 0.000000
203 109 0.000000
203 109 1.000000
210 105 1.000000
236 73 0.000000
244 42 1.000000
244 43 1.000000
243 51 1.000000
242 55 0.000000
241 58 0.000000
239 61 0.000000
245 30 1.000000
245 29 1.000000
245 28 1.000000
245 27 0.000000
245 26 0.000000
240 4 1.000000
166 118 1.000000
165 119 1.000000
165 119 0.000000
164 117 0.000000
165 119 1.000000
165 119 0.000000
164 117 1.000000
166 118 0.000000
164 117 0.000000
138 74 0.000000
138 73 0.000000
141 70 0.000000
141 69 0.000000
77 147 0.000000
75 147 1.000000
6 21 1.000000
12 14 0.000000
13 13 0.000000
12 12 0.000000
27 6 1.000000
28 10 0.000000
12 20 0.000000
14 20 0.000000
12 21 0.000000
12 21 1.000000
12 20 1.000000
12 21 0.000000
12 20 0.000000
13 21 0.000000
13 25 0.000000
28 9 0.000000
32 0 0.000000
14 12 0.000000
11 14 0.000000
11 15 0.000000
11 21 0.000000
14 21 0.000000
13 21 1.000000
14 21 1.000000
11 14 1.000000
11 14 0.000000
12 12 1.000000
30 5 1.000000
29 5 0.000000
30 5 0.000000
30 3 0.000000
30 4 0.000000
30 2 0.000000
30 3 1.000000
30 2 1.000000
15 20 0.000000
13 21 0.000000
13 20 0.000000
13 14 0.000000
14 13 0.000000
15 12 0.000000
28 6 1.000000
29 10 0.000000
29 9 0.000000
33 0 0.000000
31 4 0.000000
14 25 0.000000
7 21 1.000000
7 21 1.000000
13 21 0.000000
13 20 0.000000
13 14 0.000000
14 13 0.000000
28 6 1.000000
29 10 0.000000
29 9 0.000000
33 0 0.000000
14 25 0.000000
7 14 0.000000
8 13 0.000000
22 6 1.000000
23 10 0.000000
23 9 0.000000
27 0 0.000000
8 25 0.000000
15 22 0.000000
16 21 0.000000
20 17 0.000000
21 15 0.000000
23 8 0.000000
25 4 0.000000
26 2 0.000000
26 1 0.000000
26 0 0.000000
26 0 1.000000
26 1 1.000000
26 2 1.000000
23 8 1.000000
7 21 0.000000
7 20 0.000000
1 21 1.000000
