195 169 0.000000
192 166 0.000000
202 162 0.000000
202 172 0.000000
243 220 0.000000
240 217 0.000000
237 214 0.000000
234 211 0.000000
234 195 0.000000
241 195 0.000000
244 198 0.000000
247 201 0.000000
253 204 0.000000
256 207 0.000000
259 216 0.000000
268 222 0.000000
370 321 0.000000
367 315 0.000000
357 321 0.000000
346 321 0.000000
340 315 0.000000
337 312 0.000000
334 306 0.000000
331 303 0.000000
328 301 1.000000
328 301 0.000000
328 300 0.000000
328 289 0.000000
328 282 0.000000
325 279 0.000000
322 276 0.000000
319 273 0.000000
316 270 0.000000
310 267 0.000000
307 264 0.000000
304 255 0.000000
295 252 0.000000
292 249 0.000000
289 246 0.000000
286 243 0.000000
280 240 0.000000
277 237 0.000000
274 231 0.000000
271 226 1.000000
271 225 0.000000
271 226 0.000000
246 238 0.000000
249 241 0.000000
252 244 0.000000
252 249 0.000000
247 249 0.000000
244 246 0.000000
237 255 0.000000
234 258 0.000000
234 268 0.000000
234 273 0.000000
231 279 0.000000
228 294 0.000000
225 297 0.000000
222 303 0.000000
219 306 0.000000
226 313 0.000000
232 310 0.000000
240 310 0.000000
252 349 0.000000
249 346 0.000000
243 343 0.000000
231 336 0.000000
237 330 0.000000
240 324 0.000000
391 351 0.000000
388 348 0.000000
382 342 0.000000
376 336 0.000000
373 333 0.000000
397 357 0.000000
394 354 0.000000
270 367 0.000000
267 364 0.000000
258 361 0.000000
255 355 0.000000
300 408 0.000000
300 407 0.000000
300 406 0.000000
299 408 0.000000
299 407 0.000000
299 406 0.000000
298 408 0.000000
298 406 0.000000
298 407 0.000000
297 400 0.000000
294 397 0.000000
291 394 0.000000
288 391 0.000000
297 408 0.000000
296 408 0.000000
295 408 0.000000
285 385 0.000000
282 376 0.000000
279 373 0.000000
408 408 0.000000
407 408 0.000000
406 408 0.000000
403 402 0.000000
406 407 0.000000
403 397 0.000000
403 390 0.000000
403 385 0.000000
403 378 0.000000
400 375 0.000000
192 167 0.000000
192 166 0.000000
191 166 0.000000
195 170 0.000000
195 169 0.000000
194 169 0.000000
202 173 0.000000
203 172 0.000000
202 172 0.000000
203 162 0.000000
202 162 0.000000
202 161 0.000000
245 246 0.000000
244 245 0.000000
244 246 0.000000
248 249 0.000000
247 248 0.000000
247 249 0.000000
251 249 0.000000
252 249 0.000000
252 248 0.000000
252 245 0.000000
252 244 0.000000
251 244 0.000000
249 242 0.000000
249 241 0.000000
248 241 0.000000
246 239 0.000000
246 238 0.000000
245 238 0.000000
243 221 0.000000
243 220 0.000000
242 220 0.000000
240 218 0.000000
240 217 0.000000
239 217 0.000000
237 215 0.000000
237 214 0.000000
236 214 0.000000
234 212 0.000000
234 211 0.000000
233 211 0.000000
233 195 0.000000
234 195 0.000000
234 194 0.000000
241 194 0.000000
241 195 0.000000
242 195 0.000000
244 197 0.000000
244 198 0.000000
245 198 0.000000
247 200 0.000000
247 201 0.000000
248 201 0.000000
253 203 0.000000
253 204 0.000000
254 204 0.000000
256 206 0.000000
256 207 0.000000
257 207 0.000000
259 215 0.000000
259 216 0.000000
260 216 0.000000
268 221 0.000000
268 222 0.000000
269 222 0.000000
271 224 0.000000
271 225 0.000000
272 225 0.000000
274 230 0.000000
274 231 0.000000
275 231 0.000000
277 236 0.000000
277 237 0.000000
278 237 0.000000
280 239 0.000000
280 240 0.000000
281 240 0.000000
286 242 0.000000
286 243 0.000000
287 243 0.000000
289 245 0.000000
289 246 0.000000
290 246 0.000000
292 248 0.000000
292 249 0.000000
293 249 0.000000
239 324 0.000000
240 324 0.000000
240 323 0.000000
240 311 0.000000
240 310 0.000000
239 310 0.000000
233 310 0.000000
232 310 0.000000
232 311 0.000000
227 313 0.000000
226 313 0.000000
226 314 0.000000
218 306 0.000000
219 306 0.000000
219 305 0.000000
221 303 0.000000
222 303 0.000000
222 302 0.000000
224 297 0.000000
225 297 0.000000
225 296 0.000000
227 294 0.000000
228 294 0.000000
228 293 0.000000
230 279 0.000000
231 279 0.000000
231 278 0.000000
233 273 0.000000
234 273 0.000000
234 272 0.000000
234 269 0.000000
234 268 0.000000
233 268 0.000000
233 258 0.000000
234 258 0.000000
234 257 0.000000
236 255 0.000000
237 255 0.000000
237 254 0.000000
203 307 0.000000
273 371 0.000000
273 370 0.000000
272 370 0.000000
270 368 0.000000
270 367 0.000000
269 367 0.000000
267 365 0.000000
267 364 0.000000
266 364 0.000000
258 362 0.000000
258 361 0.000000
257 361 0.000000
255 356 0.000000
255 355 0.000000
254 355 0.000000
252 350 0.000000
252 349 0.000000
251 349 0.000000
249 347 0.000000
249 346 0.000000
248 346 0.000000
243 344 0.000000
243 343 0.000000
242 343 0.000000
230 336 0.000000
231 336 0.000000
231 335 0.000000
236 330 0.000000
237 330 0.000000
237 329 0.000000
299 408 0.000000
300 408 0.000000
300 407 0.000000
300 406 0.000000
299 406 0.000000
298 406 0.000000
298 408 0.000000
298 407 0.000000
299 407 0.000000
295 408 0.000000
296 408 0.000000
297 408 0.000000
297 401 0.000000
297 400 0.000000
296 400 0.000000
294 398 0.000000
294 397 0.000000
293 397 0.000000
291 395 0.000000
291 394 0.000000
290 394 0.000000
288 392 0.000000
288 391 0.000000
287 391 0.000000
285 386 0.000000
285 385 0.000000
284 385 0.000000
282 377 0.000000
282 376 0.000000
281 376 0.000000
279 374 0.000000
279 373 0.000000
278 373 0.000000
296 407 0.000000
297 407 0.000000
297 406 0.000000
332 303 0.000000
331 303 0.000000
331 302 0.000000
329 300 0.000000
328 300 0.000000
328 299 0.000000
328 290 0.000000
328 289 0.000000
329 289 0.000000
329 282 0.000000
328 282 0.000000
328 281 0.000000
326 279 0.000000
325 279 0.000000
325 278 0.000000
323 276 0.000000
322 276 0.000000
322 275 0.000000
320 273 0.000000
319 273 0.000000
319 272 0.000000
317 270 0.000000
316 270 0.000000
316 269 0.000000
311 267 0.000000
310 267 0.000000
310 266 0.000000
308 264 0.000000
307 264 0.000000
307 263 0.000000
305 255 0.000000
304 255 0.000000
304 254 0.000000
296 252 0.000000
295 252 0.000000
295 251 0.000000
398 357 0.000000
397 357 0.000000
397 356 0.000000
395 354 0.000000
394 354 0.000000
394 353 0.000000
392 351 0.000000
391 351 0.000000
391 350 0.000000
389 348 0.000000
388 348 0.000000
388 347 0.000000
383 342 0.000000
382 342 0.000000
382 341 0.000000
377 336 0.000000
376 336 0.000000
376 335 0.000000
374 333 0.000000
373 333 0.000000
373 332 0.000000
371 321 0.000000
370 321 0.000000
370 320 0.000000
368 315 0.000000
367 315 0.000000
367 314 0.000000
334 305 0.000000
334 306 0.000000
335 306 0.000000
337 311 0.000000
337 312 0.000000
338 312 0.000000
340 314 0.000000
340 315 0.000000
341 315 0.000000
346 320 0.000000
346 321 0.000000
347 321 0.000000
356 321 0.000000
357 321 0.000000
357 320 0.000000
401 375 0.000000
400 375 0.000000
400 374 0.000000
404 378 0.000000
403 378 0.000000
403 377 0.000000
404 385 0.000000
403 385 0.000000
403 386 0.000000
404 390 0.000000
403 390 0.000000
403 389 0.000000
404 402 0.000000
403 402 0.000000
403 401 0.000000
403 398 0.000000
403 397 0.000000
404 397 0.000000
408 408 0.000000
407 408 0.000000
406 408 0.000000
406 407 0.000000
203 307 1.000000
