  1   1 134.524000   7.273633
  1   1 134.222167   6.976867
  1   1 134.127250   6.912567
  1   1 134.240700   7.290883
  1   1 134.467650   7.542667
  1   1 134.683783   8.059533
  1   1 134.646333   7.496617
  1   1 134.541917   7.261117
  1   1 134.239017   6.986733
  1   1 134.216933   7.181150
  1   1 134.344467   7.405600
  1   1 134.646333   7.496617
  1   1 134.604172   7.368243
  1   1 134.671300   7.871894
  1   1 134.658817   7.684256
  1   1 134.729144   8.059533
  1   1 134.774504   8.059533
  1   1 134.819864   8.059533
  1   1 134.865225   8.059533
  1   1 134.910585   8.059533
  1   1 134.955945   8.059533
  1   1 135.001306   8.059533
  1   1 135.046666   8.059533
  1   1 135.092026   8.059533
  1   1 135.137386   8.059533
  1   1 135.182747   8.059533
  1   1 135.228107   8.059533
  1   1 135.273467   8.059533
  1   1 135.318828   8.059533
  1   1 135.364188   8.059533
  1   1 135.409548   8.059533
  1   1 135.454909   8.059533
  1   1 135.500269   8.059533
  1   1 135.545629   8.059533
  1   1 135.590990   8.059533
  1   1 135.636350   8.059533
  1   1 135.681710   8.059533
  1   1 135.727071   8.059533
  1   1 135.772431   8.059533
  1   1 135.817791   8.059533
  1   1 135.863152   8.059533
  1   1 135.908512   8.059533
  1   1 135.953872   8.059533
  1   1 135.999232   8.059533
  1   1 136.044593   8.059533
  1   1 134.691633   7.496617
  1   1 134.736933   7.496617
  1   1 134.782233   7.496617
  1   1 134.827533   7.496617
  1   1 134.872833   7.496617
  1   1 134.918133   7.496617
  1   1 134.963433   7.496617
  1   1 135.008732   7.496617
  1   1 135.054032   7.496617
  1   1 135.099332   7.496617
  1   1 135.144632   7.496617
  1   1 135.189932   7.496617
  1   1 135.235232   7.496617
  1   1 135.280532   7.496617
  1   1 135.325832   7.496617
  1   1 135.371132   7.496617
  1   1 135.416431   7.496617
  1   1 135.461731   7.496617
  1   1 135.507031   7.496617
  1   1 135.552331   7.496617
  1   1 135.597631   7.496617
  1   1 135.642931   7.496617
  1   1 135.688231   7.496617
  1   1 135.733531   7.496617
  1   1 135.778830   7.496617
  1   1 135.824130   7.496617
  1   1 135.869430   7.496617
  1   1 135.914730   7.496617
  1   1 135.960030   7.496617
  1   1 136.005330   7.496617
  1   1 134.649458   7.368243
  1   1 134.694745   7.368243
  1   1 134.740032   7.368243
  1   1 134.785319   7.368243
  1   1 134.830605   7.368243
  1   1 134.875892   7.368243
  1   1 134.921179   7.368243
  1   1 134.966466   7.368243
  1   1 135.011752   7.368243
  1   1 135.057039   7.368243
  1   1 135.102326   7.368243
  1   1 135.147613   7.368243
  1   1 135.192899   7.368243
  1   1 135.238186   7.368243
  1   1 135.283473   7.368243
  1   1 135.328760   7.368243
  1   1 135.374046   7.368243
  1   1 135.419333   7.368243
  1   1 135.464620   7.368243
  1   1 135.509906   7.368243
  1   1 135.555193   7.368243
  1   1 135.600480   7.368243
  1   1 135.645767   7.368243
  1   1 135.691053   7.368243
  1   1 135.736340   7.368243
  1   1 135.781627   7.368243
  1   1 135.826914   7.368243
  1   1 135.872200   7.368243
  1   1 135.917487   7.368243
  1   1 135.962774   7.368243
  1   1 134.716640   7.871894
  1   1 134.761979   7.871894
  1   1 134.807319   7.871894
  1   1 134.852659   7.871894
  1   1 134.897998   7.871894
  1   1 134.943338   7.871894
  1   1 134.988678   7.871894
  1   1 135.034017   7.871894
  1   1 135.079357   7.871894
  1   1 135.124697   7.871894
  1   1 135.170036   7.871894
  1   1 135.215376   7.871894
  1   1 135.260716   7.871894
  1   1 135.306055   7.871894
  1   1 135.351395   7.871894
  1   1 135.396735   7.871894
  1   1 135.442074   7.871894
  1   1 135.487414   7.871894
  1   1 135.532754   7.871894
  1   1 135.578093   7.871894
  1   1 135.623433   7.871894
  1   1 135.668773   7.871894
  1   1 135.714112   7.871894
  1   1 135.759452   7.871894
  1   1 135.804792   7.871894
  1   1 135.850131   7.871894
  1   1 135.895471   7.871894
  1   1 135.940811   7.871894
  1   1 135.986150   7.871894
  1   1 136.031490   7.871894
  1   1 134.704136   7.684256
  1   1 134.749456   7.684256
  1   1 134.794775   7.684256
  1   1 134.840095   7.684256
  1   1 134.885414   7.684256
  1   1 134.930734   7.684256
  1   1 134.976053   7.684256
  1   1 135.021373   7.684256
  1   1 135.066692   7.684256
  1   1 135.112012   7.684256
  1   1 135.157331   7.684256
  1   1 135.202651   7.684256
  1   1 135.247971   7.684256
  1   1 135.293290   7.684256
  1   1 135.338610   7.684256
  1   1 135.383929   7.684256
  1   1 135.429249   7.684256
  1   1 135.474568   7.684256
  1   1 135.519888   7.684256
  1   1 135.565207   7.684256
  1   1 135.610527   7.684256
  1   1 135.655846   7.684256
  1   1 135.701166   7.684256
  1   1 135.746485   7.684256
  1   1 135.791805   7.684256
  1   1 135.837124   7.684256
  1   1 135.882444   7.684256
  1   1 135.927763   7.684256
  1   1 135.973083   7.684256
  1   1 136.018403   7.684256
  1   1 134.373083   7.125250
  1   1 134.561089   7.247700
  1   1 134.598178   7.221766
  1   1 134.635267   7.195832
  1   1 134.672356   7.169899
  1   1 134.709445   7.143965
  1   1 134.746533   7.118031
  1   1 134.783622   7.092098
  1   1 134.820711   7.066164
  1   1 134.857800   7.040230
  1   1 134.894889   7.014297
  1   1 134.931978   6.988363
  1   1 134.969067   6.962429
  1   1 135.006156   6.936495
  1   1 135.043245   6.910562
  1   1 135.080334   6.884628
  1   1 135.117422   6.858694
  1   1 135.154511   6.832761
  1   1 135.191600   6.806827
  1   1 135.228689   6.780893
  1   1 135.265778   6.754960
  1   1 135.302867   6.729026
  1   1 135.339956   6.703092
  1   1 135.377045   6.677159
  1   1 135.414134   6.651225
  1   1 135.451223   6.625291
  1   1 135.488312   6.599358
  1   1 135.525400   6.573424
  1   1 135.562489   6.547490
  1   1 135.599578   6.521557
  1   1 135.636667   6.495623
  1   1 134.259232   6.950933
  1   1 134.296297   6.924999
  1   1 134.333362   6.899065
  1   1 134.370427   6.873131
  1   1 134.407492   6.847197
  1   1 134.444557   6.821263
  1   1 134.481622   6.795329
  1   1 134.518687   6.769395
  1   1 134.555752   6.743461
  1   1 134.592817   6.717526
  1   1 134.629882   6.691592
  1   1 134.666947   6.665658
  1   1 134.704012   6.639724
  1   1 134.741078   6.613790
  1   1 134.778143   6.587856
  1   1 134.815208   6.561922
  1   1 134.852273   6.535988
  1   1 134.889338   6.510054
  1   1 134.926403   6.484120
  1   1 134.963468   6.458186
  1   1 135.000533   6.432252
  1   1 135.037598   6.406318
  1   1 135.074663   6.380384
  1   1 135.111728   6.354450
  1   1 135.148793   6.328516
  1   1 135.185858   6.302582
  1   1 135.222923   6.276648
  1   1 135.259988   6.250714
  1   1 135.297053   6.224780
  1   1 135.334118   6.198846
  1   1 134.164310   6.886633
  1   1 134.201370   6.860698
  1   1 134.238430   6.834764
  1   1 134.275490   6.808830
  1   1 134.312550   6.782896
  1   1 134.349610   6.756962
  1   1 134.386670   6.731028
  1   1 134.423730   6.705094
  1   1 134.460790   6.679160
  1   1 134.497850   6.653226
  1   1 134.534910   6.627292
  1   1 134.571970   6.601358
  1   1 134.609030   6.575424
  1   1 134.646090   6.549489
  1   1 134.683150   6.523555
  1   1 134.720210   6.497621
  1   1 134.757270   6.471687
  1   1 134.794330   6.445753
  1   1 134.831391   6.419819
  1   1 134.868451   6.393885
  1   1 134.905511   6.367951
  1   1 134.942571   6.342017
  1   1 134.979631   6.316083
  1   1 135.016691   6.290149
  1   1 135.053751   6.264214
  1   1 135.090811   6.238280
  1   1 135.127871   6.212346
  1   1 135.164931   6.186412
  1   1 135.201991   6.160478
  1   1 135.239051   6.134544
  1   1 134.641268   7.342309
  1   1 134.678365   7.316376
  1   1 134.715462   7.290442
  1   1 134.752559   7.264508
  1   1 134.789655   7.238575
  1   1 134.826752   7.212641
  1   1 134.863849   7.186708
  1   1 134.900946   7.160774
  1   1 134.938042   7.134841
  1   1 134.975139   7.108907
  1   1 135.012236   7.082973
  1   1 135.049332   7.057040
  1   1 135.086429   7.031106
  1   1 135.123526   7.005173
  1   1 135.160623   6.979239
  1   1 135.197719   6.953306
  1   1 135.234816   6.927372
  1   1 135.271913   6.901438
  1   1 135.309009   6.875505
  1   1 135.346106   6.849571
  1   1 135.383203   6.823638
  1   1 135.420300   6.797704
  1   1 135.457396   6.771771
  1   1 135.494493   6.745837
  1   1 135.531590   6.719903
  1   1 135.568687   6.693970
  1   1 135.605783   6.668036
  1   1 135.642880   6.642103
  1   1 135.679977   6.616169
  1   1 135.717073   6.590236
  1   1 134.410160   7.099316
  1   1 134.447237   7.073382
  1   1 134.484314   7.047448
  1   1 134.521391   7.021515
  1   1 134.558468   6.995581
  1   1 134.595544   6.969647
  1   1 134.632621   6.943713
  1   1 134.669698   6.917779
  1   1 134.706775   6.891845
  1   1 134.743852   6.865911
  1   1 134.780929   6.839978
  1   1 134.818006   6.814044
  1   1 134.855082   6.788110
  1   1 134.892159   6.762176
  1   1 134.929236   6.736242
  1   1 134.966313   6.710308
  1   1 135.003390   6.684375
  1   1 135.040467   6.658441
  1   1 135.077544   6.632507
  1   1 135.114620   6.606573
  1   1 135.151697   6.580639
  1   1 135.188774   6.554705
  1   1 135.225851   6.528771
  1   1 135.262928   6.502838
  1   1 135.300005   6.476904
  1   1 135.337082   6.450970
  1   1 135.374158   6.425036
  1   1 135.411235   6.399102
  1   1 135.448312   6.373168
  1   1 135.485389   6.347234
  1   1 134.647242   7.354271
  1   1 134.690312   7.340299
  1   1 134.733382   7.326327
  1   1 134.776453   7.312355
  1   1 134.819523   7.298384
  1   1 134.862593   7.284412
  1   1 134.905663   7.270440
  1   1 134.948734   7.256468
  1   1 134.991804   7.242496
  1   1 135.034874   7.228524
  1   1 135.077944   7.214553
  1   1 135.121015   7.200581
  1   1 135.164085   7.186609
  1   1 135.207155   7.172637
  1   1 135.250225   7.158665
  1   1 135.293296   7.144693
  1   1 135.336366   7.130722
  1   1 135.379436   7.116750
  1   1 135.422506   7.102778
  1   1 135.465577   7.088806
  1   1 135.508647   7.074834
  1   1 135.551717   7.060862
  1   1 135.594787   7.046891
  1   1 135.637858   7.032919
  1   1 135.680928   7.018947
  1   1 135.723998   7.004975
  1   1 135.767068   6.991003
  1   1 135.810139   6.977031
  1   1 135.853209   6.963060
  1   1 135.896279   6.949088
  1   1 134.231433   7.133875
  1   1 134.539694   7.714956
  1   1 134.611739   7.887244
  1   1 134.179647   6.992331
  1   1 134.137128   7.007795
  1   1 134.094609   7.023260
  1   1 134.052090   7.038724
  1   1 134.009570   7.054188
  1   1 133.967051   7.069652
  1   1 133.924532   7.085117
  1   1 133.882012   7.100581
  1   1 133.839493   7.116045
  1   1 133.796974   7.131510
  1   1 133.754454   7.146974
  1   1 133.711935   7.162438
  1   1 133.669416   7.177903
  1   1 133.626897   7.193367
  1   1 133.584377   7.208831
  1   1 133.541858   7.224295
  1   1 133.499339   7.239760
  1   1 133.456819   7.255224
  1   1 133.414300   7.270688
  1   1 133.371781   7.286153
  1   1 133.329262   7.301617
  1   1 133.286742   7.317081
  1   1 133.244223   7.332545
  1   1 133.201704   7.348010
  1   1 133.159184   7.363474
  1   1 133.116665   7.378938
  1   1 133.074146   7.394403
  1   1 133.031627   7.409867
  1   1 132.989107   7.425331
  1   1 132.946588   7.440796
  1   1 134.084736   6.928031
  1   1 134.042223   6.943495
  1   1 133.999709   6.958960
  1   1 133.957196   6.974424
  1   1 133.914682   6.989888
  1   1 133.872169   7.005353
  1   1 133.829655   7.020817
  1   1 133.787142   7.036281
  1   1 133.744628   7.051746
  1   1 133.702115   7.067210
  1   1 133.659601   7.082674
  1   1 133.617088   7.098139
  1   1 133.574574   7.113603
  1   1 133.532061   7.129067
  1   1 133.489547   7.144532
  1   1 133.447034   7.159996
  1   1 133.404520   7.175460
  1   1 133.362007   7.190925
  1   1 133.319493   7.206389
  1   1 133.276980   7.221853
  1   1 133.234466   7.237318
  1   1 133.191953   7.252782
  1   1 133.149439   7.268246
  1   1 133.106926   7.283711
  1   1 133.064412   7.299175
  1   1 133.021899   7.314639
  1   1 132.979385   7.330104
  1   1 132.936872   7.345568
  1   1 132.894358   7.361032
  1   1 132.851845   7.376497
  1   1 134.198152   7.306347
  1   1 134.155603   7.321812
  1   1 134.113055   7.337276
  1   1 134.070507   7.352740
  1   1 134.027959   7.368204
  1   1 133.985410   7.383668
  1   1 133.942862   7.399132
  1   1 133.900314   7.414596
  1   1 133.857766   7.430060
  1   1 133.815217   7.445524
  1   1 133.772669   7.460988
  1   1 133.730121   7.476452
  1   1 133.687572   7.491916
  1   1 133.645024   7.507381
  1   1 133.602476   7.522845
  1   1 133.559928   7.538309
  1   1 133.517379   7.553773
  1   1 133.474831   7.569237
  1   1 133.432283   7.584701
  1   1 133.389735   7.600165
  1   1 133.347186   7.615629
  1   1 133.304638   7.631093
  1   1 133.262090   7.646557
  1   1 133.219542   7.662021
  1   1 133.176993   7.677485
  1   1 133.134445   7.692950
  1   1 133.091897   7.708414
  1   1 133.049348   7.723878
  1   1 133.006800   7.739342
  1   1 132.964252   7.754806
  1   1 134.425078   7.558131
  1   1 134.382505   7.573594
  1   1 134.339933   7.589058
  1   1 134.297360   7.604522
  1   1 134.254788   7.619986
  1   1 134.212215   7.635450
  1   1 134.169643   7.650914
  1   1 134.127070   7.666378
  1   1 134.084498   7.681842
  1   1 134.041925   7.697306
  1   1 133.999353   7.712770
  1   1 133.956781   7.728234
  1   1 133.914208   7.743697
  1   1 133.871636   7.759161
  1   1 133.829063   7.774625
  1   1 133.786491   7.790089
  1   1 133.743918   7.805553
  1   1 133.701346   7.821017
  1   1 133.658773   7.836481
  1   1 133.616201   7.851945
  1   1 133.573628   7.867409
  1   1 133.531056   7.882873
  1   1 133.488484   7.898337
  1   1 133.445911   7.913800
  1   1 133.403339   7.929264
  1   1 133.360766   7.944728
  1   1 133.318194   7.960192
  1   1 133.275621   7.975656
  1   1 133.233049   7.991120
  1   1 133.190476   8.006584
  1   1 134.641159   8.074997
  1   1 134.598534   8.090460
  1   1 134.555909   8.105924
  1   1 134.513284   8.121387
  1   1 134.470660   8.136851
  1   1 134.428035   8.152314
  1   1 134.385410   8.167778
  1   1 134.342785   8.183242
  1   1 134.300161   8.198705
  1   1 134.257536   8.214169
  1   1 134.214911   8.229632
  1   1 134.172286   8.245096
  1   1 134.129662   8.260559
  1   1 134.087037   8.276023
  1   1 134.044412   8.291486
  1   1 134.001787   8.306950
  1   1 133.959163   8.322413
  1   1 133.916538   8.337877
  1   1 133.873913   8.353340
  1   1 133.831288   8.368804
  1   1 133.788664   8.384267
  1   1 133.746039   8.399731
  1   1 133.703414   8.415194
  1   1 133.660789   8.430658
  1   1 133.618164   8.446122
  1   1 133.575540   8.461585
  1   1 133.532915   8.477049
  1   1 133.490290   8.492512
  1   1 133.447665   8.507976
  1   1 133.405041   8.523439
  1   1 134.301907   7.421064
  1   1 134.259348   7.436528
  1   1 134.216789   7.451992
  1   1 134.174230   7.467456
  1   1 134.131671   7.482920
  1   1 134.089112   7.498384
  1   1 134.046552   7.513848
  1   1 134.003993   7.529312
  1   1 133.961434   7.544776
  1   1 133.918875   7.560240
  1   1 133.876316   7.575704
  1   1 133.833756   7.591168
  1   1 133.791197   7.606632
  1   1 133.748638   7.622096
  1   1 133.706079   7.637560
  1   1 133.663520   7.653024
  1   1 133.620961   7.668488
  1   1 133.578401   7.683952
  1   1 133.535842   7.699416
  1   1 133.493283   7.714880
  1   1 133.450724   7.730344
  1   1 133.408165   7.745808
  1   1 133.365605   7.761272
  1   1 133.323046   7.776736
  1   1 133.280487   7.792200
  1   1 133.237928   7.807664
  1   1 133.195369   7.823128
  1   1 133.152809   7.838592
  1   1 133.110250   7.854056
  1   1 133.067691   7.869520
  1   1 134.188900   7.149339
  1   1 134.146366   7.164803
  1   1 134.103832   7.180268
  1   1 134.061299   7.195732
  1   1 134.018765   7.211196
  1   1 133.976232   7.226660
  1   1 133.933698   7.242124
  1   1 133.891164   7.257589
  1   1 133.848631   7.273053
  1   1 133.806097   7.288517
  1   1 133.763564   7.303981
  1   1 133.721030   7.319445
  1   1 133.678496   7.334909
  1   1 133.635963   7.350374
  1   1 133.593429   7.365838
  1   1 133.550895   7.381302
  1   1 133.508362   7.396766
  1   1 133.465828   7.412230
  1   1 133.423295   7.427695
  1   1 133.380761   7.443159
  1   1 133.338227   7.458623
  1   1 133.295694   7.474087
  1   1 133.253160   7.489551
  1   1 133.210627   7.505016
  1   1 133.168093   7.520480
  1   1 133.125559   7.535944
  1   1 133.083026   7.551408
  1   1 133.040492   7.566872
  1   1 132.997958   7.582337
  1   1 132.955425   7.597801
  1   1 134.497105   7.730419
  1   1 134.454515   7.745883
  1   1 134.411926   7.761347
  1   1 134.369336   7.776811
  1   1 134.326747   7.792274
  1   1 134.284157   7.807738
  1   1 134.241568   7.823202
  1   1 134.198979   7.838666
  1   1 134.156389   7.854130
  1   1 134.113800   7.869593
  1   1 134.071210   7.885057
  1   1 134.028621   7.900521
  1   1 133.986031   7.915985
  1   1 133.943442   7.931449
  1   1 133.900852   7.946912
  1   1 133.858263   7.962376
  1   1 133.815673   7.977840
  1   1 133.773084   7.993304
  1   1 133.730494   8.008767
  1   1 133.687905   8.024231
  1   1 133.645315   8.039695
  1   1 133.602726   8.055159
  1   1 133.560136   8.070623
  1   1 133.517547   8.086086
  1   1 133.474957   8.101550
  1   1 133.432368   8.117014
  1   1 133.389778   8.132478
  1   1 133.347189   8.147941
  1   1 133.304599   8.163405
  1   1 133.262010   8.178869
  1   1 134.569132   7.902708
  1   1 134.526525   7.918172
  1   1 134.483918   7.933635
  1   1 134.441311   7.949099
  1   1 134.398704   7.964563
  1   1 134.356097   7.980026
  1   1 134.313490   7.995490
  1   1 134.270883   8.010954
  1   1 134.228277   8.026417
  1   1 134.185670   8.041881
  1   1 134.143063   8.057345
  1   1 134.100456   8.072808
  1   1 134.057849   8.088272
  1   1 134.015242   8.103736
  1   1 133.972635   8.119199
  1   1 133.930028   8.134663
  1   1 133.887421   8.150127
  1   1 133.844814   8.165590
  1   1 133.802207   8.181054
  1   1 133.759600   8.196518
  1   1 133.716993   8.211981
  1   1 133.674387   8.227445
  1   1 133.631780   8.242909
  1   1 133.589173   8.258372
  1   1 133.546566   8.273836
  1   1 133.503959   8.289300
  1   1 133.461352   8.304763
  1   1 133.418745   8.320227
  1   1 133.376138   8.335690
  1   1 133.333531   8.351154
  1   1 134.142724   6.870079
  1   1 134.158197   6.827591
  1   1 134.173671   6.785103
  1   1 134.189145   6.742615
  1   1 134.204618   6.700127
  1   1 134.220092   6.657639
  1   1 134.235566   6.615151
  1   1 134.251039   6.572663
  1   1 134.266513   6.530175
  1   1 134.281987   6.487687
  1   1 134.297460   6.445200
  1   1 134.312934   6.402712
  1   1 134.328408   6.360224
  1   1 134.343881   6.317736
  1   1 134.359355   6.275248
  1   1 134.374828   6.232760
  1   1 134.390302   6.190272
  1   1 134.405776   6.147784
  1   1 134.421249   6.105296
  1   1 134.436723   6.062808
  1   1 134.452197   6.020320
  1   1 134.467670   5.977832
  1   1 134.483144   5.935344
  1   1 134.498618   5.892857
  1   1 134.514091   5.850369
  1   1 134.529565   5.807881
  1   1 134.545039   5.765393
  1   1 134.560512   5.722905
  1   1 134.575986   5.680417
  1   1 134.591460   5.637929
  1   1 134.119394   6.868039
  1   1 134.111538   6.823511
  1   1 134.103681   6.778983
  1   1 134.095825   6.734456
  1   1 134.087969   6.689928
  1   1 134.080113   6.645400
  1   1 134.072257   6.600872
  1   1 134.064401   6.556344
  1   1 134.056544   6.511817
  1   1 134.048688   6.467289
  1   1 134.040832   6.422761
  1   1 134.032976   6.378233
  1   1 134.025120   6.333705
  1   1 134.017263   6.289178
  1   1 134.009407   6.244650
  1   1 134.001551   6.200122
  1   1 133.993695   6.155594
  1   1 133.985839   6.111066
  1   1 133.977983   6.066539
  1   1 133.970126   6.022011
  1   1 133.962270   5.977483
  1   1 133.954414   5.932955
  1   1 133.946558   5.888428
  1   1 133.938702   5.843900
  1   1 133.930845   5.799372
  1   1 133.922989   5.754844
  1   1 133.915133   5.710316
  1   1 133.907277   5.665789
  1   1 133.899421   5.621261
  1   1 133.891565   5.576733
  1   1 134.098169   6.877930
  1   1 134.069088   6.843294
  1   1 134.040007   6.808657
  1   1 134.010926   6.774021
  1   1 133.981845   6.739384
  1   1 133.952764   6.704748
  1   1 133.923683   6.670111
  1   1 133.894602   6.635475
  1   1 133.865521   6.600838
  1   1 133.836440   6.566202
  1   1 133.807359   6.531565
  1   1 133.778279   6.496929
  1   1 133.749198   6.462293
  1   1 133.720117   6.427656
  1   1 133.691036   6.393020
  1   1 133.661955   6.358383
  1   1 133.632874   6.323747
  1   1 133.603793   6.289110
  1   1 133.574712   6.254474
  1   1 133.545631   6.219837
  1   1 133.516550   6.185201
  1   1 133.487469   6.150564
  1   1 133.458388   6.115928
  1   1 133.429307   6.081291
  1   1 133.400226   6.046655
  1   1 133.371145   6.012018
  1   1 133.342064   5.977382
  1   1 133.312983   5.942745
  1   1 133.283902   5.908109
  1   1 133.254821   5.873473
  1   1 134.084736   6.897102
  1   1 134.042223   6.881638
  1   1 133.999709   6.866174
  1   1 133.957196   6.850709
  1   1 133.914682   6.835245
  1   1 133.872169   6.819781
  1   1 133.829655   6.804316
  1   1 133.787142   6.788852
  1   1 133.744628   6.773388
  1   1 133.702115   6.757923
  1   1 133.659601   6.742459
  1   1 133.617088   6.726995
  1   1 133.574574   6.711530
  1   1 133.532061   6.696066
  1   1 133.489547   6.680602
  1   1 133.447034   6.665137
  1   1 133.404520   6.649673
  1   1 133.362007   6.634209
  1   1 133.319493   6.618744
  1   1 133.276980   6.603280
  1   1 133.234466   6.587816
  1   1 133.191953   6.572351
  1   1 133.149439   6.556887
  1   1 133.106926   6.541423
  1   1 133.064412   6.525958
  1   1 133.021899   6.510494
  1   1 132.979385   6.495030
  1   1 132.936872   6.479565
  1   1 132.894358   6.464101
  1   1 132.851845   6.448637
  1   1 134.723067   8.082139
  1   1 134.762350   8.104746
  1   1 134.801633   8.127352
  1   1 134.840916   8.149958
  1   1 134.880199   8.172564
  1   1 134.919482   8.195170
  1   1 134.958766   8.217776
  1   1 134.998049   8.240383
  1   1 135.037332   8.262989
  1   1 135.076615   8.285595
  1   1 135.115898   8.308201
  1   1 135.155182   8.330807
  1   1 135.194465   8.353413
  1   1 135.233748   8.376020
  1   1 135.273031   8.398626
  1   1 135.312314   8.421232
  1   1 135.351597   8.443838
  1   1 135.390881   8.466444
  1   1 135.430164   8.489050
  1   1 135.469447   8.511657
  1   1 135.508730   8.534263
  1   1 135.548013   8.556869
  1   1 135.587297   8.579475
  1   1 135.626580   8.602081
  1   1 135.665863   8.624687
  1   1 135.705146   8.647294
  1   1 135.744429   8.669900
  1   1 135.783713   8.692506
  1   1 135.822996   8.715112
  1   1 135.862279   8.737718
  1   1 134.706463   8.098688
  1   1 134.729144   8.137843
  1   1 134.751824   8.176998
  1   1 134.774504   8.216153
  1   1 134.797184   8.255308
  1   1 134.819864   8.294463
  1   1 134.842544   8.333619
  1   1 134.865225   8.372774
  1   1 134.887905   8.411929
  1   1 134.910585   8.451084
  1   1 134.933265   8.490239
  1   1 134.955945   8.529394
  1   1 134.978625   8.568549
  1   1 135.001306   8.607704
  1   1 135.023986   8.646859
  1   1 135.046666   8.686014
  1   1 135.069346   8.725169
  1   1 135.092026   8.764324
  1   1 135.114706   8.803479
  1   1 135.137386   8.842634
  1   1 135.160067   8.881789
  1   1 135.182747   8.920944
  1   1 135.205427   8.960099
  1   1 135.228107   8.999254
  1   1 135.250787   9.038409
  1   1 135.273467   9.077564
  1   1 135.296148   9.116719
  1   1 135.318828   9.155874
  1   1 135.341508   9.195029
  1   1 135.364188   9.234184
  1   1 134.683783   8.104746
  1   1 134.683783   8.149958
  1   1 134.683783   8.195170
  1   1 134.683783   8.240383
  1   1 134.683783   8.285595
  1   1 134.683783   8.330807
  1   1 134.683783   8.376020
  1   1 134.683783   8.421232
  1   1 134.683783   8.466444
  1   1 134.683783   8.511657
  1   1 134.683783   8.556869
  1   1 134.683783   8.602081
  1   1 134.683783   8.647294
  1   1 134.683783   8.692506
  1   1 134.683783   8.737718
  1   1 134.683783   8.782931
  1   1 134.683783   8.828143
  1   1 134.683783   8.873355
  1   1 134.683783   8.918568
  1   1 134.683783   8.963780
  1   1 134.683783   9.008992
  1   1 134.683783   9.054205
  1   1 134.683783   9.099417
  1   1 134.683783   9.144629
  1   1 134.683783   9.189842
  1   1 134.683783   9.235054
  1   1 134.683783   9.280266
  1   1 134.683783   9.325479
  1   1 134.683783   9.370691
  1   1 134.683783   9.415903
  1   1 134.661103   8.098688
  1   1 134.638423   8.137843
  1   1 134.615743   8.176998
  1   1 134.593063   8.216153
  1   1 134.570383   8.255308
  1   1 134.547702   8.294463
  1   1 134.525022   8.333619
  1   1 134.502342   8.372774
  1   1 134.479662   8.411929
  1   1 134.456982   8.451084
  1   1 134.434302   8.490239
  1   1 134.411621   8.529394
  1   1 134.388941   8.568549
  1   1 134.366261   8.607704
  1   1 134.343581   8.646859
  1   1 134.320901   8.686014
  1   1 134.298221   8.725169
  1   1 134.275540   8.764324
  1   1 134.252860   8.803479
  1   1 134.230180   8.842634
  1   1 134.207500   8.881789
  1   1 134.184820   8.920944
  1   1 134.162140   8.960099
  1   1 134.139460   8.999254
  1   1 134.116779   9.038409
  1   1 134.094099   9.077564
  1   1 134.071419   9.116719
  1   1 134.048739   9.155874
  1   1 134.026059   9.195029
  1   1 134.003379   9.234184
