         249
  -260421.422         195382.438    
  -260507.375         187653.422    
  -260587.016         180217.297    
  -260666.922         173074.000    
  -260740.578         166223.750    
  -260812.812         159666.344    
  -260882.078         153401.531    
  -260945.062         147429.672    
  -261008.312         141750.484    
  -261066.922         136364.109    
  -261122.516         131270.438    
  -261175.125         126469.469    
  -261224.703         121961.055    
  -261269.641         117745.391    
  -261313.188         113822.398    
  -261353.781         110192.016    
  -261389.688         106854.258    
  -261422.609         103809.109    
  -261452.516         101056.664    
  -261479.422         98596.7188    
  -261503.344         96429.3672    
  -261522.594         94554.6016    
  -261540.469         92972.5312    
  -261555.359         91683.0469    
  -261565.594         90686.0156    
  -261575.969         89677.0000    
  -261587.969         88668.2266    
  -261599.984         87659.2344    
  -261610.328         86650.3359    
  -261620.703         85641.3359    
  -261632.703         84632.4609    
  -261643.062         83623.5703    
  -261655.062         82614.5938    
  -261665.438         81605.3906    
  -261675.797         80596.0781    
  -261687.797         79586.7891    
  -261698.203         78577.5938    
  -261710.203         77568.4141    
  -261720.547         76559.1094    
  -261730.906         75549.9297    
  -261742.906         74540.6406    
  -261753.281         73531.1328    
  -261765.281         72521.5391    
  -261775.688         71511.9297    
  -261786.047         70502.4297    
  -261798.047         69492.8438    
  -261808.422         68483.1328    
  -261820.422         67473.6562    
  -261830.812         66464.0547    
  -261841.188         65454.2383    
  -261853.219         64444.3438    
  -261865.219         63434.4492    
  -261875.594         62424.6367    
  -261885.953         61414.6172    
  -261896.328         60404.7148    
  -261908.359         59394.9297    
  -261920.359         58385.0391    
  -261930.734         57374.8164    
  -261941.125         56364.5938    
  -261953.141         55354.3906    
  -261963.531         54344.1719    
  -261975.531         53333.9727    
  -261985.906         52323.8633    
  -261996.281         51313.5469    
  -262008.312         50303.3477    
  -262018.688         49292.9219    
  -262029.078         48282.2891    
  -262041.078         47271.8828    
  -262051.453         46261.2539    
  -262063.484         45250.7422    
  -262073.891         44240.2188    
  -262084.250         43229.6992    
  -262096.266         42219.1953    
  -262106.656         41208.3555    
  -262118.688         40197.5312    
  -262129.094         39186.5898    
  -262139.438         38175.8594    
  -262151.469         37164.9375    
  -262163.531         36154.1172    
  -262173.875         35143.2852    
  -262184.281         34132.4531    
  -262194.625         33121.2031    
  -262206.688         32110.1738    
  -262218.719         31098.9355    
  -262229.094         30087.7910    
  -262239.500         29076.5371    
  -262251.500         28065.5176    
  -262261.906         27054.2656    
  -262273.938         26043.1387    
  -262284.312         25031.5703    
  -262294.750         24020.1074    
  -262306.750         23008.6660    
  -262317.156         21997.0996    
  -262329.188         20985.6602    
  -262339.594         19974.3066    
  -262349.969         18962.7422    
  -262362.000         17951.3008    
  -262372.406         16939.4199    
  -262384.469         15927.6631    
  -262394.844         14915.7812    
  -262405.219         13904.0078    
  -262417.281         12892.1445    
  -262429.312         11880.3887    
  -262439.688         10868.6162    
  -262450.094         9856.73730    
  -262462.125         8844.66309    
  -262472.531         7832.57275    
  -262484.594         6820.49951    
  -262494.969         5808.30273    
  -262505.375         4796.10693    
  -262517.438         3784.03418    
  -262527.812         2771.94482    
  -262538.219         1759.85498    
  -262550.250         747.358276    
  -262560.688        -265.049347    
  -262572.688        -1277.43994    
  -262583.094        -2289.95361    
  -262593.531        -3302.46753    
  -262605.562        -4314.85840    
  -262615.969        -5327.37256    
  -262628.000        -6339.76416    
  -262638.406        -7352.59570    
  -262648.812        -8365.32227    
  -262660.844        -9378.13770    
  -262672.875        -10390.8477    
  -262683.312        -11403.5762    
  -262693.688        -12416.4092    
  -262705.750        -13429.0137    
  -262716.156        -14441.8477    
  -262728.219        -15454.8770    
  -262738.625        -16468.0293    
  -262749.031        -17481.1836    
  -262761.094        -18494.2168    
  -262771.500        -19507.2637    
  -262783.562        -20520.4004    
  -262793.938        -21533.4512    
  -262804.375        -22546.6055    
  -262816.438        -23560.0645    
  -262828.500        -24573.3105    
  -262838.906        -25586.7852    
  -262849.344        -26600.1582    
  -262859.719        -27613.6328    
  -262871.781        -28626.9883    
  -262883.844        -29640.3418    
  -262894.250        -30653.8242    
  -262904.656        -31667.6230    
  -262916.719        -32681.2988    
  -262927.125        -33694.8828    
  -262939.219        -34708.6719    
  -262949.625        -35722.3633    
  -262960.031        -36736.1641    
  -262972.094        -37749.8438    
  -262982.531        -38763.6484    
  -262994.594        -39777.6484    
  -263005.031        -40791.6719    
  -263015.438        -41805.7930    
  -263027.500        -42819.7969    
  -263037.906        -43833.8203    
  -263048.312        -44847.9492    
  -263060.406        -45861.9570    
  -263072.438        -46875.9648    
  -263082.875        -47890.3047    
  -263093.281        -48904.6523    
  -263103.719        -49919.1094    
  -263115.812        -50933.5430    
  -263127.875        -51947.8750    
  -263138.312        -52962.2305    
  -263148.719        -53976.5781    
  -263160.781        -54990.9180    
  -263171.188        -56005.6953    
  -263183.281        -57020.3477    
  -263193.719        -58035.0234    
  -263204.125        -59049.7070    
  -263216.219        -60064.3711    
  -263228.281        -61079.0312    
  -263238.719        -62093.8203    
  -263249.125        -63108.5000    
  -263259.562        -64123.5000    
  -263271.625        -65138.4883    
  -263283.719        -66153.4844    
  -263294.156        -67168.5938    
  -263304.594        -68183.5000    
  -263316.688        -69198.4922    
  -263327.094        -70213.6172    
  -263339.188        -71228.5078    
  -263349.625        -72243.9375    
  -263360.031        -73259.1719    
  -263372.156        -74274.5000    
  -263384.219        -75289.9219    
  -263394.656        -76305.1641    
  -263405.094        -77320.6094    
  -263415.500        -78335.8594    
  -263427.594        -79351.2891    
  -263439.719        -80366.9453    
  -263450.125        -81382.5078    
  -263460.562        -82398.1719    
  -263472.656        -83413.8359    
  -263483.062        -84429.3984    
  -263495.156        -85445.0703    
  -263505.594        -86460.8516    
  -263516.031        -87476.4297    
  -263528.156        -88492.4219    
  -263538.562        -89508.4297    
  -263549.031        -90524.3281    
  -263561.094        -91540.3203    
  -263571.562        -92556.3281    
  -263583.625        -93572.2266    
  -263594.094        -94588.2500    
  -263604.531        -95604.2656    
  -263616.625        -96620.5859    
  -263628.750        -97636.8047    
  -263639.156        -98653.1562    
  -263649.625        -99669.3906    
  -263661.688        -100685.727    
  -263672.156        -101702.078    
  -263684.219        -102718.312    
  -263694.688        -103734.672    
  -263705.156        -104751.242    
  -263717.250        -105767.805    
  -263729.344        -106784.469    
  -263739.781        -107801.055    
  -263750.250        -108817.633    
  -263760.688        -109834.328    
  -263772.781        -110851.000    
  -263784.906        -111867.586    
  -263795.250        -112876.547    
  -263808.656        -114181.711    
  -263826.750        -115782.836    
  -263847.938        -117680.188    
  -263872.125        -119873.641    
  -263899.375        -122363.211    
  -263929.656        -125149.000    
  -263962.969        -128231.039    
  -264001.031        -131608.953    
  -264040.438        -135283.188    
  -264084.562        -139253.656    
  -264131.719        -143520.281    
  -264181.938        -148083.125    
  -264235.188        -152942.141    
  -264291.531        -158097.422    
  -264350.875        -163549.016    
  -264413.281        -169296.781    
  -264480.406        -175341.062    
  -264548.906        -181681.547    
  -264623.781        -188318.484    
  -264698.375        -195251.734    
  -264779.375        -202481.469    
  -264860.094        -210007.703    
  -264947.188        -217830.516    
         233
  -264947.188        -217830.516    
  -256994.547        -217911.094    
  -249344.062        -217986.375    
  -241994.047        -218056.562    
  -234947.844        -218121.812    
  -228198.828        -218182.594    
  -221753.625        -218238.859    
  -215608.922        -218291.156    
  -209764.703        -218339.406    
  -204222.625        -218383.906    
  -198979.438        -218425.062    
  -194038.391        -218462.766    
  -189399.500        -218497.406    
  -185061.141        -218528.922    
  -181023.266        -218557.625    
  -177287.578        -218583.750    
  -173852.406        -218607.125    
  -170717.750        -218628.094    
  -167885.250        -218646.719    
  -165353.266        -218663.203    
  -163123.469        -218677.406    
  -161194.172        -218689.562    
  -159565.406        -218699.703    
  -158238.828        -218707.906    
  -157212.734        -218714.172    
  -156176.703        -218720.562    
  -155140.656        -218726.828    
  -154104.609        -218733.047    
  -153068.594        -218739.234    
  -152032.547        -218745.359    
  -150996.516        -218751.469    
  -149960.453        -218757.516    
  -148924.438        -218763.531    
  -147888.391        -218769.484    
  -146852.359        -218775.453    
  -145816.297        -218781.328    
  -144781.922        -218787.250    
  -143745.891        -218793.062    
  -142709.828        -218798.828    
  -141673.781        -218804.531    
  -140637.734        -218810.203    
  -139601.703        -218815.859    
  -138565.672        -218821.469    
  -137529.625        -218827.016    
  -136493.578        -218832.516    
  -135457.531        -218837.984    
  -134423.156        -218843.500    
  -133387.109        -218848.906    
  -132351.047        -218854.234    
  -131315.016        -218859.547    
  -130277.312        -218864.812    
  -129241.273        -218870.031    
  -128205.219        -218875.234    
  -127170.828        -218880.344    
  -126134.789        -218885.422    
  -125098.742        -218890.469    
  -124062.703        -218895.594    
  -123026.648        -218900.578    
  -121990.594        -218905.500    
  -120954.555        -218910.375    
  -119918.516        -218915.234    
  -118882.453        -218920.031    
  -117846.414        -218924.781    
  -116812.016        -218929.500    
  -115775.977        -218934.188    
  -114739.922        -218938.812    
  -113703.883        -218943.500    
  -112667.828        -218948.078    
  -111631.789        -218952.578    
  -110595.734        -218957.047    
  -109559.680        -218961.484    
  -108523.633        -218965.891    
  -107487.578        -218970.219    
  -106451.539        -218974.500    
  -105415.484        -218978.781    
  -104379.430        -218982.984    
  -103343.375        -218987.266    
  -102307.328        -218991.406    
  -101271.281        -218995.531    
  -100235.234        -218999.547    
  -99200.8359        -219003.547    
  -98164.7812        -219007.531    
  -97128.7344        -219011.453    
  -96092.6875        -219015.359    
  -95056.6328        -219019.203    
  -94020.5781        -219023.203    
  -92984.5234        -219026.969    
  -91948.4766        -219030.672    
  -90912.4219        -219034.359    
  -89876.3672        -219037.984    
  -88840.3125        -219041.594    
  -87804.2656        -219045.125    
  -86768.2109        -219048.656    
  -85732.1484        -219052.141    
  -84696.0938        -219055.641    
  -83660.0391        -219059.047    
  -82623.9922        -219062.406    
  -81589.5938        -219065.703    
  -80553.5391        -219068.953    
  -79517.4922        -219072.172    
  -78481.4297        -219075.344    
  -77445.3750        -219078.484    
  -76409.3203        -219081.594    
  -75373.2734        -219084.750    
  -74337.2188        -219087.781    
  -73301.1562        -219090.734    
  -72265.1016        -219093.672    
  -71230.7031        -219096.531    
  -70194.6484        -219099.375    
  -69158.5938        -219102.188    
  -68120.8750        -219104.938    
  -67084.8203        -219107.656    
  -66048.7656        -219110.438    
  -65012.7070        -219113.078    
  -63978.3125        -219115.672    
  -62942.2500        -219118.234    
  -61906.1992        -219120.734    
  -60870.1445        -219123.188    
  -59834.0859        -219125.625    
  -58798.0352        -219128.016    
  -57761.9688        -219130.453    
  -56725.9180        -219132.781    
  -55689.8555        -219135.047    
  -54653.8008        -219137.250    
  -53619.4023        -219139.422    
  -52583.3398        -219141.578    
  -51547.2852        -219143.656    
  -50511.2227        -219145.719    
  -49475.1641        -219147.719    
  -48437.4531        -219149.781    
  -47401.3906        -219151.734    
  -46366.9922        -219153.609    
  -45330.9336        -219155.453    
  -44294.8789        -219157.250    
  -43258.8164        -219159.016    
  -42222.7617        -219160.734    
  -41186.6992        -219162.422    
  -40150.6406        -219164.156    
  -39114.5820        -219165.750    
  -38078.5234        -219167.328    
  -37042.4648        -219168.812    
  -36008.0664        -219170.281    
  -34972.0078        -219171.703    
  -33935.9492        -219173.109    
  -32899.8906        -219174.438    
  -31863.8301        -219175.859    
  -30827.7695        -219177.109    
  -29791.7109        -219178.312    
  -28755.6465        -219179.516    
  -27719.5918        -219180.656    
  -26683.5293        -219181.750    
  -25647.4688        -219182.781    
  -24611.4082        -219183.922    
  -23575.3516        -219184.859    
  -22539.2910        -219185.797    
  -21503.2285        -219186.672    
  -20467.1719        -219187.547    
  -19431.1113        -219188.328    
  -18396.7109        -219189.094    
  -17360.6504        -219189.812    
  -16324.5908        -219190.594    
  -15288.5312        -219191.250    
  -14252.4717        -219191.828    
  -13216.4102        -219192.359    
  -12180.3506        -219192.891    
  -11144.2900        -219193.344    
  -10108.2295        -219193.781    
  -9072.16992        -219194.281    
  -8036.10938        -219194.641    
  -7000.04834        -219194.922    
  -5963.98877        -219195.172    
  -4927.92822        -219195.406    
  -3891.86768        -219195.578    
  -2855.80737        -219195.719    
  -1819.74719        -219195.812    
  -785.347046        -219195.953    
   250.713333        -219195.984    
   1286.77368        -219195.953    
   2322.83423        -219195.906    
   3358.89453        -219195.766    
   4394.95459        -219195.594    
   5431.01514        -219195.406    
   6467.07617        -219195.281    
   7503.13574        -219194.984    
   8539.19531        -219194.688    
   9575.25684        -219194.312    
   10611.3164        -219193.906    
   11647.3770        -219193.453    
   12683.4375        -219192.969    
   13719.4980        -219192.547    
   14755.5586        -219191.969    
   15791.6182        -219191.344    
   16826.0176        -219190.688    
   17868.7188        -219190.016    
   18911.4199        -219189.250    
   19952.4609        -219188.594    
   20995.1621        -219187.766    
   22036.2031        -219186.859    
   23077.2461        -219185.969    
   24119.9453        -219185.000    
   25160.9863        -219184.016    
   26213.6504        -219182.969    
   27267.9766        -219181.984    
   28320.6367        -219180.859    
   29373.2988        -219179.656    
   30427.6250        -219178.453    
   31481.9492        -219177.156    
   32534.6133        -219175.859    
   33588.9375        -219174.500    
   34712.9922        -219173.109    
   36165.7969        -219171.109    
   37949.0156        -219168.562    
   40064.3086        -219165.344    
   42508.3398        -219161.531    
   45281.1289        -219156.828    
   48384.3164        -219151.281    
   51817.9180        -219144.609    
   55580.2734        -219136.875    
   59674.6992        -219127.719    
   64097.8594        -219117.297    
   68849.7734        -219105.141    
   73932.0938        -219091.047    
   79344.8125        -219075.047    
   85087.9531        -219056.812    
   91159.8203        -219036.141    
   97562.0938        -219012.797    
   104293.109        -218986.516    
   111356.172        -218957.062    
   118747.984        -218924.281    
   126470.195        -218887.609    
   134521.125        -218846.922    
   142902.469        -218802.000    
   151614.172        -218752.312    
         249
   151614.172        -218752.312    
   151576.422        -210929.359    
   151540.422        -203402.938    
   151506.156        -196173.016    
   151471.969        -189239.531    
   151441.203        -182602.531    
   151410.500        -176261.828    
   151381.562        -170217.547    
   151354.344        -164469.578    
   151327.219        -159017.906    
   151301.844        -153862.375    
   151278.203        -149003.297    
   151256.312        -144440.344    
   151236.156        -140173.688    
   151217.734        -136203.109    
   151199.422        -132528.828    
   151184.484        -129150.703    
   151169.656        -126068.727    
   151156.562        -123282.891    
   151143.547        -120793.312    
   151132.297        -118599.641    
   151122.781        -116702.391    
   151116.656        -115101.062    
   151108.969        -113795.961    
   151104.656        -112786.961    
   151100.344        -111770.320    
   151094.375        -110753.688    
   151090.031        -109737.047    
   151085.688        -108720.312    
   151079.703        -107703.688    
   151075.391        -106687.062    
   151071.047        -105670.445    
   151065.047        -104653.820    
   151060.734        -103637.531    
   151056.391        -102621.117    
   151050.406        -101604.836    
   151046.078        -100588.539    
   151041.750        -99572.1562    
   151035.766        -98555.8750    
   151031.422        -97539.4844    
   151027.094        -96523.2031    
   151021.109        -95507.1484    
   151016.781        -94491.1797    
   151012.453        -93475.2266    
   151006.469        -92459.1797    
   151002.125        -91443.2266    
   150996.156        -90427.1719    
   150991.844        -89411.1172    
   150987.500        -88395.2812    
   150981.516        -87379.5547    
   150977.172        -86363.8359    
   150972.859        -85348.1094    
   150966.875        -84332.5000    
   150962.547        -83316.7734    
   150958.203        -82301.0547    
   150952.219        -81285.4531    
   150947.906        -80269.7422    
   150943.578        -79254.3359    
   150937.594        -78239.0625    
   150933.266        -77223.6641    
   150928.953        -76208.2891    
   150922.953        -75192.8984    
   150918.641        -74177.6250    
   150914.297        -73162.2344    
   150908.312        -72146.9766    
   150903.984        -71131.8047    
   150899.672        -70116.8516    
   150893.703        -69101.7031    
   150889.359        -68086.7500    
   150885.031        -67071.5781    
   150879.062        -66056.6406    
   150874.734        -65041.5938    
   150870.391        -64026.5430    
   150864.422        -63011.8203    
   150860.094        -61997.2070    
   150854.125        -60982.3789    
   150849.797        -59967.6523    
   150845.484        -58953.0273    
   150841.141        -57938.2070    
   150836.812        -56923.4844    
   150830.844        -55908.8789    
   150826.531        -54894.4805    
   150822.188        -53880.0781    
   150816.219        -52865.5898    
   150811.891        -51851.1875    
   150807.578        -50836.7969    
   150801.594        -49822.4102    
   150797.266        -48808.0195    
   150792.953        -47793.6289    
   150786.969        -46779.5664    
   150782.641        -45765.5000    
   150778.328        -44751.4258    
   150772.328        -43737.3672    
   150768.031        -42723.3008    
   150763.688        -41709.2344    
   150757.719        -40695.0742    
   150753.406        -39680.9062    
   150749.078        -38667.2695    
   150743.094        -37653.5312    
   150738.797        -36639.7891    
   150734.469        -35625.9414    
   150728.484        -34612.2070    
   150724.156        -33598.4688    
   150718.203        -32584.6309    
   150713.859        -31570.8965    
   150709.547        -30557.5801    
   150703.578        -29544.0664    
   150699.266        -28530.6465    
   150694.938        -27517.1230    
   150688.969        -26503.8223    
   150684.641        -25490.3027    
   150680.328        -24476.8867    
   150674.344        -23463.3770    
   150670.047        -22450.3867    
   150665.719        -21437.1855    
   150659.750        -20424.0996    
   150655.422        -19411.0059    
   150651.094        -18397.8047    
   150645.141        -17384.8281    
   150640.812        -16371.6289    
   150636.484        -15358.5342    
   150630.531        -14345.6660    
   150626.203        -13332.9980    
   150621.875        -12320.1172    
   150615.922        -11307.3555    
   150611.594        -10294.4756    
   150607.297        -9281.80957    
   150601.312        -8268.94141    
   150597.000        -7256.16992    
   150592.672        -6243.71533    
   150586.719        -5231.16553    
   150582.375        -4218.71191    
   150576.422        -3206.26831    
   150572.094        -2193.70923    
   150567.781        -1181.25598    
   150561.828        -168.918518    
   150557.500         843.640747    
   150553.188         1855.77576    
   150547.219         2867.90112    
   150542.906         3880.03638    
   150538.578         4892.38379    
   150532.625         5904.50977    
   150528.297         6916.64551    
   150523.984         7928.78076    
   150518.031         8940.90723    
   150513.703         9952.72559    
   150509.375         10964.5430    
   150503.422         11976.3535    
   150499.109         12988.1709    
   150494.797         14000.0967    
   150488.844         15012.0137    
   150484.516         16023.8320    
   150480.203         17035.6504    
   150474.234         18047.1465    
   150469.922         19058.5410    
   150465.609         20070.1523    
   150459.641         21081.6465    
   150455.328         22093.1523    
   150451.016         23104.6543    
   150445.047         24116.2578    
   150440.750         25127.7637    
   150434.781         26138.9434    
   150430.453         27150.0273    
   150426.141         28161.3242    
   150420.188         29172.5039    
   150415.875         30183.6973    
   150411.562         31194.9941    
   150405.594         32206.0762    
   150401.281         33217.2695    
   150396.984         34228.2500    
   150391.016         35239.0117    
   150386.703         36249.8906    
   150382.375         37260.8789    
   150376.422         38271.6406    
   150372.109         39282.6250    
   150367.781         40293.4023    
   150361.844         41304.2773    
   150357.531         42314.9492    
   150353.219         43325.4102    
   150347.250         44336.0742    
   150342.938         45346.5391    
   150338.641         46357.1133    
   150332.672         47367.6758    
   150328.375         48378.1406    
   150324.062         49388.8164    
   150318.109         50398.9609    
   150313.781         51409.3242    
   150309.469         52419.4805    
   150303.516         53429.7266    
   150299.203         54439.9883    
   150293.250         55450.2500    
   150288.953         56460.4141    
   150284.625         57470.7773    
   150278.688         58480.6172    
   150274.359         59490.5625    
   150270.047         60500.4141    
   150264.094         61510.3594    
   150259.781         62520.3086    
   150255.484         63530.2734    
   150249.516         64540.1133    
   150245.219         65550.0703    
   150240.906         66559.6172    
   150234.938         67569.2500    
   150230.656         68578.7891    
   150226.328         69588.4375    
   150220.375         70597.9844    
   150216.078         71607.6250    
   150211.766         72617.1797    
   150205.812         73626.9297    
   150201.516         74636.0625    
   150197.188         75645.3984    
   150191.234         76654.6328    
   150186.938         77663.9844    
   150182.609         78673.2109    
   150176.688         79682.5547    
   150172.359         80691.8047    
   150168.047         81701.1562    
   150162.109         82709.9766    
   150157.797         83719.0078    
   150153.484         84727.9531    
   150147.547         85736.9922    
   150143.234         86745.8203    
   150137.281         87754.8594    
   150132.969         88763.8047    
   150128.656         89772.8594    
   150122.781         90769.8125    
   150118.469         92059.4766    
   150109.141         93641.6250    
   150101.359         95516.3750    
   150090.203         97683.7031    
   150079.000         100143.781    
   150064.422         102896.328    
   150049.734         105941.617    
   150034.953         109279.531    
   150016.828         112910.086    
   149996.969         116833.164    
   149977.016         121049.016    
   149955.328         125557.516    
   149931.938         130358.719    
   149906.797         135452.625    
   149881.578         140839.234    
   149852.984         146518.469    
   149824.297         152490.688    
   149795.516         158755.594    
   149763.344         165313.297    
   149731.109         172163.922    
   149695.500         179307.344    
   149659.781         186743.688    
   149622.328         194473.062    
         233
   149622.328         194473.062    
   141047.016         194424.188    
   132796.812         194379.953    
   124870.062         194340.109    
   117270.055         194304.000    
   109993.500         194271.688    
   103042.062         194242.672    
   96414.0781         194216.922    
   90112.8359         194193.953    
   84135.0703         194173.625    
   78482.3984         194155.719    
   73153.2109         194139.969    
   68150.7656         194126.359    
   63473.4219         194114.312    
   59117.9180         194104.000    
   55089.1680         194095.016    
   51385.5156         194087.453    
   48005.3477         194080.938    
   44951.9219         194075.422    
   42220.3359         194070.828    
   39815.4961         194067.062    
   37735.7695         194063.875    
   35979.5078         194061.422    
   34548.3711         194059.438    
   33440.7070         194058.062    
   32403.2891         194056.703    
   31365.8770         194055.422    
   30330.0957         194054.250    
   29292.6836         194053.031    
   28256.8984         194051.984    
   27219.4844         194050.828    
   26182.0723         194049.734    
   25146.2891         194048.781    
   24120.3105         194047.812    
   23094.3320         194046.828    
   22068.3516         194046.016    
   21042.3730         194045.172    
   20018.0293         194044.328    
   18992.0508         194043.641    
   17967.7051         194042.906    
   16941.7246         194042.203    
   15922.2803         194041.641    
   14901.2021         194041.031    
   13881.7578         194040.438    
   12862.3164         194040.000    
   11842.8701         194039.516    
   10821.7939         194039.047    
   9802.34863         194038.844    
   8784.53809         194038.484    
   7763.46045         194038.141    
   6744.01611         194037.969    
   5724.57129         194037.703    
   4705.12744         194037.500    
   3684.04980         194037.438    
   2664.60498         194037.297    
   1645.16077         194037.219    
   625.716553         194037.297    
  -393.727692         194037.266    
  -1414.80566         194037.297    
  -2434.25000         194037.500    
  -3453.69434         194037.609    
  -4473.13818         194037.781    
  -5494.21631         194038.078    
  -6513.66016         194038.328    
  -7533.10498         194038.609    
  -8552.54980         194039.031    
  -9571.99316         194039.391    
  -10591.4375         194039.828    
  -11610.8818         194040.359    
  -12631.9590         194040.844    
  -13651.4033         194041.375    
  -14670.8467         194042.047    
  -15690.2910         194042.656    
  -16709.7344         194043.312    
  -17730.8125         194044.109    
  -18750.2578         194044.828    
  -19769.7012         194045.609    
  -20789.1465         194046.531    
  -21810.2227         194047.406    
  -22829.6680         194048.297    
  -23849.1094         194049.328    
  -24868.5547         194050.312    
  -25888.0000         194051.328    
  -26909.0762         194052.516    
  -27926.8867         194053.594    
  -28947.9648         194054.766    
  -29967.4043         194056.047    
  -30986.8496         194057.281    
  -32006.2949         194058.547    
  -33027.3711         194059.859    
  -34046.8164         194061.328    
  -35066.2578         194062.703    
  -36085.7031         194064.125    
  -37105.1445         194065.703    
  -38126.2188         194067.219    
  -39145.6641         194068.781    
  -40165.1094         194070.484    
  -41184.5469         194072.109    
  -42203.9922         194073.781    
  -43225.0703         194075.625    
  -44242.8789         194077.359    
  -45263.9570         194079.172    
  -46283.3984         194081.109    
  -47302.8398         194083.016    
  -48322.2812         194084.922    
  -49343.3594         194086.906    
  -50362.7969         194089.000    
  -51382.2422         194091.047    
  -52401.6914         194093.141    
  -53421.1328         194095.375    
  -54442.2031         194097.547    
  -55461.6484         194099.766    
  -56481.0859         194102.219    
  -57500.5273         194104.516    
  -58519.9727         194106.859    
  -59541.0508         194109.234    
  -60558.8477         194111.734    
  -61579.9258         194114.203    
  -62599.3711         194116.719    
  -63618.8125         194119.344    
  -64638.2539         194121.922    
  -65657.7031         194124.547    
  -66678.7734         194127.312    
  -67698.2109         194130.016    
  -68717.6484         194132.750    
  -69737.0938         194135.562    
  -70758.1641         194138.500    
  -71777.6172         194141.359    
  -72797.0469         194144.266    
  -73816.4844         194147.312    
  -74835.9297         194150.297    
  -75857.0000         194153.328    
  -76876.4453         194156.422    
  -77895.8828         194159.625    
  -78915.3203         194162.781    
  -79936.3906         194165.984    
  -80954.2031         194169.328    
  -81973.6406         194172.578    
  -82994.7109         194175.922    
  -84014.1484         194179.281    
  -85033.5938         194182.797    
  -86053.0312         194186.203    
  -87074.1016         194189.719    
  -88093.5391         194193.344    
  -89112.9844         194196.891    
  -90132.4297         194200.500    
  -91151.8594         194204.141    
  -92172.9297         194207.938    
  -93192.3594         194211.672    
  -94211.8125         194215.438    
  -95231.2422         194219.250    
  -96250.6797         194223.188    
  -97270.1250         194227.109    
  -98289.5547         194231.031    
  -99310.6328         194235.125    
  -100330.055         194239.141    
  -101349.492         194243.188    
  -102368.938         194247.297    
  -103388.367         194251.516    
  -104409.453         194255.734    
  -105428.883         194259.938    
  -106448.320         194264.281    
  -107467.750         194268.594    
  -108487.195         194272.953    
  -109508.250         194277.344    
  -110526.062         194281.859    
  -111547.133         194286.344    
  -112566.555         194290.844    
  -113586.008         194295.391    
  -114605.430         194300.078    
  -115624.867         194304.734    
  -116645.945         194309.406    
  -117665.367         194314.078    
  -118684.812         194318.953    
  -119704.250         194323.766    
  -120725.305         194328.609    
  -121744.727         194333.594    
  -122764.172         194338.516    
  -123783.609         194343.453    
  -124803.031         194348.453    
  -125824.102         194353.609    
  -126841.914         194358.688    
  -127862.977         194363.812    
  -128882.406         194368.969    
  -129901.828         194374.391    
  -130921.266         194379.641    
  -131940.719         194384.922    
  -132961.766         194390.266    
  -133981.203         194395.719    
  -135000.641         194401.141    
  -136020.062         194406.578    
  -137039.484         194412.094    
  -138060.562         194417.734    
  -139079.984         194423.297    
  -140099.406         194428.922    
  -141118.844         194434.562    
  -142138.281         194440.391    
  -143159.344         194446.125    
  -144177.141         194451.891    
  -145198.203         194457.719    
  -146217.625         194463.688    
  -147237.062         194469.594    
  -148256.484         194475.516    
  -149275.906         194481.516    
  -150296.984         194487.656    
  -151316.406         194493.703    
  -152335.844         194499.828    
  -153355.266         194505.969    
  -154374.672         194512.250    
  -155385.953         194518.438    
  -156691.281         194526.484    
  -158293.922         194536.531    
  -160193.922         194548.484    
  -162389.609         194562.562    
  -164880.984         194578.625    
  -167669.703         194597.031    
  -170754.109         194617.750    
  -174135.859         194640.734    
  -177813.297         194666.391    
  -181788.031         194694.688    
  -186056.891         194725.766    
  -190624.656         194759.797    
  -195488.109         194796.938    
  -200647.297         194837.344    
  -206103.781         194881.359    
  -211855.922         194928.891    
  -217905.438         194980.266    
  -224250.609         195035.922    
  -230891.453         195095.656    
  -237829.641         195159.906    
  -245065.094         195229.016    
  -252596.234         195303.047    
  -260421.422         195382.438    
