   1.5744893e+01   1.4306765e+02
   1.5675408e+01   1.4306760e+02
   1.5608555e+01   1.4306756e+02
   1.5544332e+01   1.4306751e+02
   1.5482741e+01   1.4306747e+02
   1.5423782e+01   1.4306743e+02
   1.5367453e+01   1.4306739e+02
   1.5313756e+01   1.4306736e+02
   1.5262690e+01   1.4306732e+02
   1.5214255e+01   1.4306729e+02
   1.5168452e+01   1.4306726e+02
   1.5125280e+01   1.4306723e+02
   1.5084739e+01   1.4306720e+02
   1.5046829e+01   1.4306718e+02
   1.5011551e+01   1.4306715e+02
   1.4978904e+01   1.4306713e+02
   1.4948888e+01   1.4306711e+02
   1.4921503e+01   1.4306709e+02
   1.4896750e+01   1.4306708e+02
   1.4874628e+01   1.4306706e+02
   1.4855137e+01   1.4306705e+02
   1.4838277e+01   1.4306704e+02
   1.4824049e+01   1.4306703e+02
   1.4812452e+01   1.4306702e+02
   1.4803486e+01   1.4306701e+02
   1.4794412e+01   1.4306701e+02
   1.4785339e+01   1.4306700e+02
   1.4776265e+01   1.4306699e+02
   1.4767192e+01   1.4306699e+02
   1.4758118e+01   1.4306698e+02
   1.4749044e+01   1.4306697e+02
   1.4739971e+01   1.4306697e+02
   1.4730897e+01   1.4306696e+02
   1.4721821e+01   1.4306696e+02
   1.4712744e+01   1.4306695e+02
   1.4703667e+01   1.4306694e+02
   1.4694591e+01   1.4306694e+02
   1.4685514e+01   1.4306693e+02
   1.4676437e+01   1.4306693e+02
   1.4667361e+01   1.4306692e+02
   1.4658284e+01   1.4306691e+02
   1.4649205e+01   1.4306691e+02
   1.4640125e+01   1.4306690e+02
   1.4631045e+01   1.4306689e+02
   1.4621966e+01   1.4306689e+02
   1.4612886e+01   1.4306688e+02
   1.4603806e+01   1.4306688e+02
   1.4594727e+01   1.4306687e+02
   1.4585647e+01   1.4306686e+02
   1.4576565e+01   1.4306686e+02
   1.4567482e+01   1.4306685e+02
   1.4558399e+01   1.4306684e+02
   1.4549317e+01   1.4306684e+02
   1.4540234e+01   1.4306683e+02
   1.4531151e+01   1.4306683e+02
   1.4522069e+01   1.4306682e+02
   1.4512986e+01   1.4306681e+02
   1.4503901e+01   1.4306681e+02
   1.4494815e+01   1.4306680e+02
   1.4485729e+01   1.4306679e+02
   1.4476644e+01   1.4306679e+02
   1.4467558e+01   1.4306678e+02
   1.4458473e+01   1.4306678e+02
   1.4449387e+01   1.4306677e+02
   1.4440301e+01   1.4306676e+02
   1.4431213e+01   1.4306676e+02
   1.4422124e+01   1.4306675e+02
   1.4413036e+01   1.4306674e+02
   1.4403947e+01   1.4306674e+02
   1.4394858e+01   1.4306673e+02
   1.4385770e+01   1.4306673e+02
   1.4376681e+01   1.4306672e+02
   1.4367593e+01   1.4306671e+02
   1.4358501e+01   1.4306671e+02
   1.4349410e+01   1.4306670e+02
   1.4340318e+01   1.4306669e+02
   1.4331227e+01   1.4306669e+02
   1.4322135e+01   1.4306668e+02
   1.4313044e+01   1.4306667e+02
   1.4303952e+01   1.4306667e+02
   1.4294861e+01   1.4306666e+02
   1.4285766e+01   1.4306666e+02
   1.4276672e+01   1.4306665e+02
   1.4267577e+01   1.4306664e+02
   1.4258483e+01   1.4306664e+02
   1.4249388e+01   1.4306663e+02
   1.4240294e+01   1.4306662e+02
   1.4231199e+01   1.4306662e+02
   1.4222105e+01   1.4306661e+02
   1.4213007e+01   1.4306661e+02
   1.4203910e+01   1.4306660e+02
   1.4194813e+01   1.4306659e+02
   1.4185715e+01   1.4306659e+02
   1.4176618e+01   1.4306658e+02
   1.4167521e+01   1.4306657e+02
   1.4158423e+01   1.4306657e+02
   1.4149326e+01   1.4306656e+02
   1.4140225e+01   1.4306656e+02
   1.4131125e+01   1.4306655e+02
   1.4122025e+01   1.4306654e+02
   1.4112925e+01   1.4306654e+02
   1.4103824e+01   1.4306653e+02
   1.4094724e+01   1.4306652e+02
   1.4085624e+01   1.4306652e+02
   1.4076523e+01   1.4306651e+02
   1.4067420e+01   1.4306650e+02
   1.4058317e+01   1.4306650e+02
   1.4049214e+01   1.4306649e+02
   1.4040111e+01   1.4306649e+02
   1.4031007e+01   1.4306648e+02
   1.4021904e+01   1.4306647e+02
   1.4012801e+01   1.4306647e+02
   1.4003698e+01   1.4306646e+02
   1.3994592e+01   1.4306645e+02
   1.3985486e+01   1.4306645e+02
   1.3976380e+01   1.4306644e+02
   1.3967274e+01   1.4306643e+02
   1.3958167e+01   1.4306643e+02
   1.3949061e+01   1.4306642e+02
   1.3939955e+01   1.4306642e+02
   1.3930849e+01   1.4306641e+02
   1.3921740e+01   1.4306640e+02
   1.3912631e+01   1.4306640e+02
   1.3903522e+01   1.4306639e+02
   1.3894413e+01   1.4306638e+02
   1.3885304e+01   1.4306638e+02
   1.3876195e+01   1.4306637e+02
   1.3867087e+01   1.4306636e+02
   1.3857978e+01   1.4306636e+02
   1.3848866e+01   1.4306635e+02
   1.3839754e+01   1.4306635e+02
   1.3830642e+01   1.4306634e+02
   1.3821530e+01   1.4306633e+02
   1.3812419e+01   1.4306633e+02
   1.3803307e+01   1.4306632e+02
   1.3794195e+01   1.4306631e+02
   1.3785083e+01   1.4306631e+02
   1.3775968e+01   1.4306630e+02
   1.3766854e+01   1.4306629e+02
   1.3757739e+01   1.4306629e+02
   1.3748625e+01   1.4306628e+02
   1.3739510e+01   1.4306628e+02
   1.3730395e+01   1.4306627e+02
   1.3721281e+01   1.4306626e+02
   1.3712166e+01   1.4306626e+02
   1.3703048e+01   1.4306625e+02
   1.3693931e+01   1.4306624e+02
   1.3684814e+01   1.4306624e+02
   1.3675696e+01   1.4306623e+02
   1.3666579e+01   1.4306622e+02
   1.3657461e+01   1.4306622e+02
   1.3648344e+01   1.4306621e+02
   1.3639226e+01   1.4306621e+02
   1.3630106e+01   1.4306620e+02
   1.3620986e+01   1.4306619e+02
   1.3611865e+01   1.4306619e+02
   1.3602745e+01   1.4306618e+02
   1.3593625e+01   1.4306617e+02
   1.3584504e+01   1.4306617e+02
   1.3575384e+01   1.4306616e+02
   1.3566264e+01   1.4306615e+02
   1.3557141e+01   1.4306615e+02
   1.3548018e+01   1.4306614e+02
   1.3538895e+01   1.4306614e+02
   1.3529771e+01   1.4306613e+02
   1.3520648e+01   1.4306612e+02
   1.3511525e+01   1.4306612e+02
   1.3502402e+01   1.4306611e+02
   1.3493279e+01   1.4306610e+02
   1.3484153e+01   1.4306610e+02
   1.3475027e+01   1.4306609e+02
   1.3465901e+01   1.4306608e+02
   1.3456776e+01   1.4306608e+02
   1.3447650e+01   1.4306607e+02
   1.3438524e+01   1.4306606e+02
   1.3429398e+01   1.4306606e+02
   1.3420272e+01   1.4306605e+02
   1.3411143e+01   1.4306605e+02
   1.3402015e+01   1.4306604e+02
   1.3392886e+01   1.4306603e+02
   1.3383757e+01   1.4306603e+02
   1.3374629e+01   1.4306602e+02
   1.3365500e+01   1.4306601e+02
   1.3356371e+01   1.4306601e+02
   1.3347243e+01   1.4306600e+02
   1.3338111e+01   1.4306599e+02
   1.3328980e+01   1.4306599e+02
   1.3319849e+01   1.4306598e+02
   1.3310717e+01   1.4306597e+02
   1.3301586e+01   1.4306597e+02
   1.3292454e+01   1.4306596e+02
   1.3283323e+01   1.4306596e+02
   1.3274191e+01   1.4306595e+02
   1.3265057e+01   1.4306594e+02
   1.3255923e+01   1.4306594e+02
   1.3246789e+01   1.4306593e+02
   1.3237655e+01   1.4306592e+02
   1.3228521e+01   1.4306592e+02
   1.3219387e+01   1.4306591e+02
   1.3210252e+01   1.4306590e+02
   1.3201118e+01   1.4306590e+02
   1.3191981e+01   1.4306589e+02
   1.3182844e+01   1.4306588e+02
   1.3173708e+01   1.4306588e+02
   1.3164571e+01   1.4306587e+02
   1.3155434e+01   1.4306587e+02
   1.3146297e+01   1.4306586e+02
   1.3137160e+01   1.4306585e+02
   1.3128023e+01   1.4306585e+02
   1.3118883e+01   1.4306584e+02
   1.3109744e+01   1.4306583e+02
   1.3100604e+01   1.4306583e+02
   1.3091465e+01   1.4306582e+02
   1.3082325e+01   1.4306581e+02
   1.3073185e+01   1.4306581e+02
   1.3064046e+01   1.4306580e+02
   1.3054906e+01   1.4306579e+02
   1.3045764e+01   1.4306579e+02
   1.3036622e+01   1.4306578e+02
   1.3027479e+01   1.4306577e+02
   1.3018337e+01   1.4306577e+02
   1.3009195e+01   1.4306576e+02
   1.3000052e+01   1.4306576e+02
   1.2990910e+01   1.4306575e+02
   1.2981768e+01   1.4306574e+02
   1.2972694e+01   1.4306574e+02
   1.2960958e+01   1.4306573e+02
   1.2946559e+01   1.4306572e+02
   1.2929497e+01   1.4306571e+02
   1.2909772e+01   1.4306569e+02
   1.2887384e+01   1.4306568e+02
   1.2862333e+01   1.4306566e+02
   1.2834619e+01   1.4306564e+02
   1.2804243e+01   1.4306562e+02
   1.2771204e+01   1.4306559e+02
   1.2735501e+01   1.4306557e+02
   1.2697136e+01   1.4306554e+02
   1.2656108e+01   1.4306551e+02
   1.2612417e+01   1.4306548e+02
   1.2566064e+01   1.4306545e+02
   1.2517047e+01   1.4306541e+02
   1.2465368e+01   1.4306538e+02
   1.2411025e+01   1.4306534e+02
   1.2354020e+01   1.4306530e+02
   1.2294352e+01   1.4306525e+02
   1.2232021e+01   1.4306521e+02
   1.2167027e+01   1.4306516e+02
   1.2099371e+01   1.4306512e+02
   1.2029051e+01   1.4306507e+02
