   3.3791667e+01  -1.2004167e+02
   3.3781250e+01  -1.2004167e+02
   3.3770833e+01  -1.2004167e+02
   3.3760417e+01  -1.2004167e+02
   3.3750000e+01  -1.2004167e+02
   3.3739583e+01  -1.2004167e+02
   3.3729167e+01  -1.2004167e+02
   3.3718750e+01  -1.2004167e+02
   3.3708333e+01  -1.2004167e+02
   3.3697917e+01  -1.2004167e+02
   3.3687500e+01  -1.2004167e+02
   3.3677083e+01  -1.2004167e+02
   3.3666667e+01  -1.2004167e+02
   3.3656250e+01  -1.2004167e+02
   3.3645833e+01  -1.2004167e+02
   3.3635417e+01  -1.2004167e+02
   3.3625000e+01  -1.2004167e+02
   3.3614583e+01  -1.2004167e+02
   3.3604167e+01  -1.2004167e+02
   3.3593750e+01  -1.2004167e+02
   3.3583333e+01  -1.2004167e+02
   3.3572917e+01  -1.2004167e+02
   3.3562500e+01  -1.2004167e+02
   3.3552083e+01  -1.2004167e+02
   3.3541667e+01  -1.2004167e+02
   3.3531250e+01  -1.2004167e+02
   3.3520833e+01  -1.2004167e+02
   3.3510417e+01  -1.2004167e+02
   3.3500000e+01  -1.2004167e+02
   3.3489583e+01  -1.2004167e+02
   3.3479167e+01  -1.2004167e+02
   3.3468750e+01  -1.2004167e+02
   3.3458333e+01  -1.2004167e+02
   3.3447917e+01  -1.2004167e+02
   3.3437500e+01  -1.2004167e+02
   3.3427083e+01  -1.2004167e+02
   3.3416667e+01  -1.2004167e+02
   3.3406250e+01  -1.2004167e+02
   3.3395833e+01  -1.2004167e+02
   3.3385417e+01  -1.2004167e+02
   3.3375000e+01  -1.2004167e+02
   3.3364583e+01  -1.2004167e+02
   3.3354167e+01  -1.2004167e+02
   3.3343750e+01  -1.2004167e+02
   3.3333333e+01  -1.2004167e+02
   3.3322917e+01  -1.2004167e+02
   3.3312500e+01  -1.2004167e+02
   3.3302083e+01  -1.2004167e+02
   3.3291667e+01  -1.2004167e+02
   3.3281250e+01  -1.2004167e+02
   3.3270833e+01  -1.2004167e+02
   3.3260417e+01  -1.2004167e+02
   3.3250000e+01  -1.2004167e+02
   3.3239583e+01  -1.2004167e+02
   3.3229167e+01  -1.2004167e+02
   3.3218750e+01  -1.2004167e+02
   3.3208333e+01  -1.2004167e+02
   3.3197917e+01  -1.2004167e+02
   3.3187500e+01  -1.2004167e+02
   3.3177083e+01  -1.2004167e+02
   3.3166667e+01  -1.2004167e+02
   3.3156250e+01  -1.2004167e+02
   3.3145833e+01  -1.2004167e+02
   3.3135417e+01  -1.2004167e+02
   3.3125000e+01  -1.2004167e+02
   3.3114583e+01  -1.2004167e+02
   3.3104167e+01  -1.2004167e+02
   3.3093750e+01  -1.2004167e+02
   3.3083333e+01  -1.2004167e+02
   3.3072917e+01  -1.2004167e+02
   3.3062500e+01  -1.2004167e+02
   3.3052083e+01  -1.2004167e+02
   3.3041667e+01  -1.2004167e+02
   3.3031250e+01  -1.2004167e+02
   3.3020833e+01  -1.2004167e+02
   3.3010417e+01  -1.2004167e+02
   3.3000000e+01  -1.2004167e+02
   3.2989583e+01  -1.2004167e+02
   3.2979167e+01  -1.2004167e+02
   3.2968750e+01  -1.2004167e+02
   3.2958333e+01  -1.2004167e+02
   3.2947917e+01  -1.2004167e+02
   3.2937500e+01  -1.2004167e+02
   3.2927083e+01  -1.2004167e+02
   3.2916667e+01  -1.2004167e+02
   3.2906250e+01  -1.2004167e+02
   3.2895833e+01  -1.2004167e+02
   3.2885417e+01  -1.2004167e+02
   3.2875000e+01  -1.2004167e+02
   3.2864583e+01  -1.2004167e+02
   3.2854167e+01  -1.2004167e+02
   3.2843750e+01  -1.2004167e+02
   3.2833333e+01  -1.2004167e+02
   3.2822917e+01  -1.2004167e+02
   3.2812500e+01  -1.2004167e+02
   3.2802083e+01  -1.2004167e+02
   3.2791667e+01  -1.2004167e+02
   3.2781250e+01  -1.2004167e+02
   3.2770833e+01  -1.2004167e+02
   3.2760417e+01  -1.2004167e+02
   3.2750000e+01  -1.2004167e+02
   3.2739583e+01  -1.2004167e+02
   3.2729167e+01  -1.2004167e+02
   3.2718750e+01  -1.2004167e+02
   3.2708333e+01  -1.2004167e+02
   3.2697917e+01  -1.2004167e+02
   3.2687500e+01  -1.2004167e+02
   3.2677083e+01  -1.2004167e+02
   3.2666667e+01  -1.2004167e+02
   3.2656250e+01  -1.2004167e+02
   3.2645833e+01  -1.2004167e+02
   3.2635417e+01  -1.2004167e+02
   3.2625000e+01  -1.2004167e+02
   3.2614583e+01  -1.2004167e+02
   3.2604167e+01  -1.2004167e+02
   3.2593750e+01  -1.2004167e+02
   3.2583333e+01  -1.2004167e+02
   3.2572917e+01  -1.2004167e+02
   3.2562500e+01  -1.2004167e+02
   3.2552083e+01  -1.2004167e+02
   3.2541667e+01  -1.2004167e+02
   3.2531250e+01  -1.2004167e+02
   3.2520833e+01  -1.2004167e+02
   3.2510417e+01  -1.2004167e+02
   3.2500000e+01  -1.2004167e+02
   3.2489583e+01  -1.2004167e+02
   3.2479167e+01  -1.2004167e+02
   3.2468750e+01  -1.2004167e+02
   3.2458333e+01  -1.2004167e+02
   3.2447917e+01  -1.2004167e+02
   3.2437500e+01  -1.2004167e+02
   3.2427083e+01  -1.2004167e+02
   3.2416667e+01  -1.2004167e+02
   3.2406250e+01  -1.2004167e+02
   3.2395833e+01  -1.2004167e+02
   3.2385417e+01  -1.2004167e+02
   3.2375000e+01  -1.2004167e+02
   3.2364583e+01  -1.2004167e+02
   3.2354167e+01  -1.2004167e+02
   3.2343750e+01  -1.2004167e+02
   3.2333333e+01  -1.2004167e+02
   3.2322917e+01  -1.2004167e+02
   3.2312500e+01  -1.2004167e+02
   3.2302083e+01  -1.2004167e+02
   3.2291667e+01  -1.2004167e+02
   3.2281250e+01  -1.2004167e+02
   3.2270833e+01  -1.2004167e+02
   3.2260417e+01  -1.2004167e+02
   3.2250000e+01  -1.2004167e+02
   3.2239583e+01  -1.2004167e+02
   3.2229167e+01  -1.2004167e+02
   3.2218750e+01  -1.2004167e+02
   3.2208333e+01  -1.2004167e+02
   3.2197917e+01  -1.2004167e+02
   3.2187500e+01  -1.2004167e+02
   3.2177083e+01  -1.2004167e+02
   3.2166667e+01  -1.2004167e+02
   3.2156250e+01  -1.2004167e+02
   3.2145833e+01  -1.2004167e+02
   3.2135417e+01  -1.2004167e+02
   3.2125000e+01  -1.2004167e+02
   3.2114583e+01  -1.2004167e+02
   3.2104167e+01  -1.2004167e+02
   3.2093750e+01  -1.2004167e+02
   3.2083333e+01  -1.2004167e+02
   3.2072917e+01  -1.2004167e+02
   3.2062500e+01  -1.2004167e+02
   3.2052083e+01  -1.2004167e+02
   3.2041667e+01  -1.2004167e+02
   3.2031250e+01  -1.2004167e+02
   3.2020833e+01  -1.2004167e+02
   3.2010417e+01  -1.2004167e+02
   3.2000000e+01  -1.2004167e+02
   3.1989583e+01  -1.2004167e+02
   3.1979167e+01  -1.2004167e+02
   3.1968750e+01  -1.2004167e+02
   3.1958333e+01  -1.2004167e+02
   3.1958333e+01  -1.2003125e+02
   3.1958333e+01  -1.2002083e+02
   3.1958333e+01  -1.2001042e+02
   3.1958333e+01  -1.2000000e+02
   3.1958333e+01  -1.1998958e+02
   3.1958333e+01  -1.1997917e+02
   3.1958333e+01  -1.1996875e+02
   3.1958333e+01  -1.1995833e+02
   3.1958333e+01  -1.1994792e+02
   3.1958333e+01  -1.1993750e+02
   3.1958333e+01  -1.1992708e+02
   3.1958333e+01  -1.1991667e+02
   3.1958333e+01  -1.1990625e+02
   3.1958333e+01  -1.1989583e+02
   3.1958333e+01  -1.1988542e+02
   3.1958333e+01  -1.1987500e+02
   3.1958333e+01  -1.1986458e+02
   3.1958333e+01  -1.1985417e+02
   3.1958333e+01  -1.1984375e+02
   3.1958333e+01  -1.1983333e+02
   3.1958333e+01  -1.1982292e+02
   3.1958333e+01  -1.1981250e+02
   3.1958333e+01  -1.1980208e+02
   3.1958333e+01  -1.1979167e+02
   3.1958333e+01  -1.1978125e+02
   3.1958333e+01  -1.1977083e+02
   3.1958333e+01  -1.1976042e+02
   3.1958333e+01  -1.1975000e+02
   3.1958333e+01  -1.1973958e+02
   3.1958333e+01  -1.1972917e+02
   3.1958333e+01  -1.1971875e+02
   3.1958333e+01  -1.1970833e+02
   3.1958333e+01  -1.1969792e+02
   3.1958333e+01  -1.1968750e+02
   3.1958333e+01  -1.1967708e+02
   3.1958333e+01  -1.1966667e+02
   3.1958333e+01  -1.1965625e+02
   3.1958333e+01  -1.1964583e+02
   3.1958333e+01  -1.1963542e+02
   3.1958333e+01  -1.1962500e+02
   3.1958333e+01  -1.1961458e+02
   3.1958333e+01  -1.1960417e+02
   3.1958333e+01  -1.1959375e+02
   3.1958333e+01  -1.1958333e+02
   3.1958333e+01  -1.1957292e+02
   3.1958333e+01  -1.1956250e+02
   3.1958333e+01  -1.1955208e+02
   3.1958333e+01  -1.1954167e+02
   3.1958333e+01  -1.1953125e+02
   3.1958333e+01  -1.1952083e+02
   3.1958333e+01  -1.1951042e+02
   3.1958333e+01  -1.1950000e+02
   3.1958333e+01  -1.1948958e+02
   3.1958333e+01  -1.1947917e+02
   3.1958333e+01  -1.1946875e+02
   3.1958333e+01  -1.1945833e+02
   3.1958333e+01  -1.1944792e+02
   3.1958333e+01  -1.1943750e+02
   3.1958333e+01  -1.1942708e+02
   3.1958333e+01  -1.1941667e+02
   3.1958333e+01  -1.1940625e+02
   3.1958333e+01  -1.1939583e+02
   3.1958333e+01  -1.1938542e+02
   3.1958333e+01  -1.1937500e+02
   3.1958333e+01  -1.1936458e+02
   3.1958333e+01  -1.1935417e+02
   3.1958333e+01  -1.1934375e+02
   3.1958333e+01  -1.1933333e+02
   3.1958333e+01  -1.1932292e+02
   3.1958333e+01  -1.1931250e+02
   3.1958333e+01  -1.1930208e+02
   3.1958333e+01  -1.1929167e+02
   3.1958333e+01  -1.1928125e+02
   3.1958333e+01  -1.1927083e+02
   3.1958333e+01  -1.1926042e+02
   3.1958333e+01  -1.1925000e+02
   3.1958333e+01  -1.1923958e+02
   3.1958333e+01  -1.1922917e+02
   3.1958333e+01  -1.1921875e+02
   3.1958333e+01  -1.1920833e+02
   3.1958333e+01  -1.1919792e+02
   3.1958333e+01  -1.1918750e+02
   3.1958333e+01  -1.1917708e+02
   3.1958333e+01  -1.1916667e+02
   3.1958333e+01  -1.1915625e+02
   3.1958333e+01  -1.1914583e+02
   3.1958333e+01  -1.1913542e+02
   3.1958333e+01  -1.1912500e+02
   3.1958333e+01  -1.1911458e+02
   3.1958333e+01  -1.1910417e+02
   3.1958333e+01  -1.1909375e+02
   3.1958333e+01  -1.1908333e+02
   3.1958333e+01  -1.1907292e+02
   3.1958333e+01  -1.1906250e+02
   3.1958333e+01  -1.1905208e+02
   3.1958333e+01  -1.1904167e+02
   3.1958333e+01  -1.1903125e+02
   3.1958333e+01  -1.1902083e+02
   3.1958333e+01  -1.1901042e+02
   3.1958333e+01  -1.1900000e+02
   3.1958333e+01  -1.1898958e+02
   3.1958333e+01  -1.1897917e+02
   3.1958333e+01  -1.1896875e+02
   3.1958333e+01  -1.1895833e+02
   3.1958333e+01  -1.1894792e+02
   3.1958333e+01  -1.1893750e+02
   3.1958333e+01  -1.1892708e+02
   3.1958333e+01  -1.1891667e+02
   3.1958333e+01  -1.1890625e+02
   3.1958333e+01  -1.1889583e+02
   3.1958333e+01  -1.1888542e+02
   3.1958333e+01  -1.1887500e+02
   3.1958333e+01  -1.1886458e+02
   3.1958333e+01  -1.1885417e+02
   3.1958333e+01  -1.1884375e+02
   3.1958333e+01  -1.1883333e+02
   3.1958333e+01  -1.1882292e+02
   3.1958333e+01  -1.1881250e+02
   3.1958333e+01  -1.1880208e+02
   3.1958333e+01  -1.1879167e+02
   3.1958333e+01  -1.1878125e+02
   3.1958333e+01  -1.1877083e+02
   3.1958333e+01  -1.1876042e+02
   3.1958333e+01  -1.1875000e+02
   3.1958333e+01  -1.1873958e+02
   3.1958333e+01  -1.1872917e+02
   3.1958333e+01  -1.1871875e+02
   3.1958333e+01  -1.1870833e+02
   3.1958333e+01  -1.1869792e+02
   3.1958333e+01  -1.1868750e+02
   3.1958333e+01  -1.1867708e+02
   3.1958333e+01  -1.1866667e+02
   3.1958333e+01  -1.1865625e+02
   3.1958333e+01  -1.1864583e+02
   3.1958333e+01  -1.1863542e+02
   3.1958333e+01  -1.1862500e+02
   3.1958333e+01  -1.1861458e+02
   3.1958333e+01  -1.1860417e+02
   3.1958333e+01  -1.1859375e+02
   3.1958333e+01  -1.1858333e+02
   3.1958333e+01  -1.1857292e+02
   3.1958333e+01  -1.1856250e+02
   3.1958333e+01  -1.1855208e+02
   3.1958333e+01  -1.1854167e+02
   3.1958333e+01  -1.1853125e+02
   3.1958333e+01  -1.1852083e+02
   3.1958333e+01  -1.1851042e+02
   3.1958333e+01  -1.1850000e+02
   3.1958333e+01  -1.1848958e+02
   3.1958333e+01  -1.1847917e+02
   3.1958333e+01  -1.1846875e+02
   3.1958333e+01  -1.1845833e+02
   3.1958333e+01  -1.1844792e+02
   3.1958333e+01  -1.1843750e+02
   3.1958333e+01  -1.1842708e+02
   3.1958333e+01  -1.1841667e+02
   3.1958333e+01  -1.1840625e+02
   3.1958333e+01  -1.1839583e+02
   3.1958333e+01  -1.1838542e+02
   3.1958333e+01  -1.1837500e+02
   3.1958333e+01  -1.1836458e+02
   3.1958333e+01  -1.1835417e+02
   3.1958333e+01  -1.1834375e+02
   3.1958333e+01  -1.1833333e+02
   3.1958333e+01  -1.1832292e+02
   3.1958333e+01  -1.1831250e+02
   3.1958333e+01  -1.1830208e+02
   3.1958333e+01  -1.1829167e+02
   3.1958333e+01  -1.1828125e+02
   3.1958333e+01  -1.1827083e+02
   3.1958333e+01  -1.1826042e+02
   3.1958333e+01  -1.1825000e+02
   3.1958333e+01  -1.1823958e+02
   3.1958333e+01  -1.1822917e+02
   3.1958333e+01  -1.1821875e+02
   3.1958333e+01  -1.1820833e+02
   3.1958333e+01  -1.1819792e+02
   3.1958333e+01  -1.1818750e+02
   3.1958333e+01  -1.1817708e+02
   3.1958333e+01  -1.1816667e+02
   3.1958333e+01  -1.1815625e+02
   3.1958333e+01  -1.1814583e+02
   3.1958333e+01  -1.1813542e+02
   3.1958333e+01  -1.1812500e+02
   3.1958333e+01  -1.1811458e+02
   3.1958333e+01  -1.1810417e+02
   3.1958333e+01  -1.1809375e+02
   3.1958333e+01  -1.1808333e+02
   3.1958333e+01  -1.1807292e+02
   3.1958333e+01  -1.1806250e+02
   3.1958333e+01  -1.1805208e+02
   3.1958333e+01  -1.1804167e+02
   3.1958333e+01  -1.1803125e+02
   3.1958333e+01  -1.1802083e+02
   3.1958333e+01  -1.1801042e+02
   3.1958333e+01  -1.1800000e+02
   3.1958333e+01  -1.1798958e+02
   3.1958333e+01  -1.1797917e+02
   3.1958333e+01  -1.1796875e+02
   3.1958333e+01  -1.1795833e+02
   3.1958333e+01  -1.1794792e+02
   3.1958333e+01  -1.1793750e+02
   3.1958333e+01  -1.1792708e+02
   3.1958333e+01  -1.1791667e+02
   3.1958333e+01  -1.1790625e+02
   3.1958333e+01  -1.1789583e+02
   3.1958333e+01  -1.1788542e+02
   3.1958333e+01  -1.1787500e+02
   3.1958333e+01  -1.1786458e+02
   3.1958333e+01  -1.1785417e+02
   3.1958333e+01  -1.1784375e+02
   3.1958333e+01  -1.1783333e+02
   3.1958333e+01  -1.1782292e+02
   3.1958333e+01  -1.1781250e+02
   3.1958333e+01  -1.1780208e+02
   3.1958333e+01  -1.1779167e+02
   3.1958333e+01  -1.1778125e+02
   3.1958333e+01  -1.1777083e+02
   3.1958333e+01  -1.1776042e+02
   3.1958333e+01  -1.1775000e+02
   3.1958333e+01  -1.1773958e+02
   3.1958333e+01  -1.1772917e+02
   3.1958333e+01  -1.1771875e+02
   3.1958333e+01  -1.1770833e+02
   3.1958333e+01  -1.1769792e+02
   3.1958333e+01  -1.1768750e+02
   3.1958333e+01  -1.1767708e+02
   3.1958333e+01  -1.1766667e+02
   3.1958333e+01  -1.1765625e+02
   3.1958333e+01  -1.1764583e+02
   3.1958333e+01  -1.1763542e+02
   3.1958333e+01  -1.1762500e+02
   3.1958333e+01  -1.1761458e+02
   3.1958333e+01  -1.1760417e+02
   3.1958333e+01  -1.1759375e+02
   3.1958333e+01  -1.1758333e+02
   3.1958333e+01  -1.1757292e+02
   3.1958333e+01  -1.1756250e+02
   3.1958333e+01  -1.1755208e+02
   3.1958333e+01  -1.1754167e+02
   3.1958333e+01  -1.1753125e+02
   3.1958333e+01  -1.1752083e+02
   3.1958333e+01  -1.1751042e+02
   3.1958333e+01  -1.1750000e+02
   3.1958333e+01  -1.1748958e+02
   3.1958333e+01  -1.1747917e+02
   3.1958333e+01  -1.1746875e+02
   3.1958333e+01  -1.1745833e+02
   3.1958333e+01  -1.1744792e+02
   3.1958333e+01  -1.1743750e+02
   3.1958333e+01  -1.1742708e+02
   3.1958333e+01  -1.1741667e+02
   3.1958333e+01  -1.1740625e+02
   3.1958333e+01  -1.1739583e+02
   3.1958333e+01  -1.1738542e+02
   3.1958333e+01  -1.1737500e+02
   3.1958333e+01  -1.1736458e+02
   3.1958333e+01  -1.1735417e+02
   3.1958333e+01  -1.1734375e+02
   3.1958333e+01  -1.1733333e+02
   3.1958333e+01  -1.1732292e+02
   3.1958333e+01  -1.1731250e+02
   3.1958333e+01  -1.1730208e+02
   3.1958333e+01  -1.1729167e+02
   3.1958333e+01  -1.1728125e+02
   3.1958333e+01  -1.1727083e+02
   3.1958333e+01  -1.1726042e+02
   3.1958333e+01  -1.1725000e+02
   3.1958333e+01  -1.1723958e+02
   3.1958333e+01  -1.1722917e+02
   3.1958333e+01  -1.1721875e+02
   3.1958333e+01  -1.1720833e+02
   3.1958333e+01  -1.1719792e+02
   3.1958333e+01  -1.1718750e+02
   3.1958333e+01  -1.1717708e+02
   3.1958333e+01  -1.1716667e+02
   3.1958333e+01  -1.1715625e+02
   3.1958333e+01  -1.1714583e+02
   3.1958333e+01  -1.1713542e+02
   3.1958333e+01  -1.1712500e+02
   3.1958333e+01  -1.1711458e+02
   3.1958333e+01  -1.1710417e+02
   3.1958333e+01  -1.1709375e+02
   3.1958333e+01  -1.1708333e+02
   3.1958333e+01  -1.1707292e+02
   3.1958333e+01  -1.1706250e+02
   3.1958333e+01  -1.1705208e+02
   3.1958333e+01  -1.1704167e+02
   3.1958333e+01  -1.1703125e+02
   3.1958333e+01  -1.1702083e+02
   3.1958333e+01  -1.1701042e+02
   3.1958333e+01  -1.1700000e+02
   3.1958333e+01  -1.1698958e+02
   3.1958333e+01  -1.1697917e+02
   3.1958333e+01  -1.1696875e+02
   3.1958333e+01  -1.1695833e+02
   3.1958333e+01  -1.1694792e+02
   3.1958333e+01  -1.1693750e+02
   3.1958333e+01  -1.1692708e+02
   3.1958333e+01  -1.1691667e+02
   3.1958333e+01  -1.1690625e+02
   3.1958333e+01  -1.1689583e+02
   3.1958333e+01  -1.1688542e+02
   3.1958333e+01  -1.1687500e+02
   3.1958333e+01  -1.1686458e+02
   3.1958333e+01  -1.1685417e+02
   3.1958333e+01  -1.1684375e+02
   3.1958333e+01  -1.1683333e+02
   3.1958333e+01  -1.1682292e+02
   3.1958333e+01  -1.1681250e+02
   3.1958333e+01  -1.1680208e+02
   3.1958333e+01  -1.1679167e+02
   3.1958333e+01  -1.1678125e+02
   3.1958333e+01  -1.1677083e+02
   3.1958333e+01  -1.1676042e+02
   3.1958333e+01  -1.1675000e+02
   3.1958333e+01  -1.1673958e+02
   3.1958333e+01  -1.1672917e+02
   3.1958333e+01  -1.1671875e+02
   3.1958333e+01  -1.1670833e+02
   3.1968750e+01  -1.1670833e+02
   3.1979167e+01  -1.1670833e+02
   3.1989583e+01  -1.1670833e+02
   3.2000000e+01  -1.1670833e+02
   3.2010417e+01  -1.1670833e+02
   3.2020833e+01  -1.1670833e+02
   3.2031250e+01  -1.1670833e+02
   3.2041667e+01  -1.1670833e+02
   3.2052083e+01  -1.1670833e+02
   3.2062500e+01  -1.1670833e+02
   3.2072917e+01  -1.1670833e+02
   3.2083333e+01  -1.1670833e+02
   3.2093750e+01  -1.1670833e+02
   3.2104167e+01  -1.1670833e+02
   3.2114583e+01  -1.1670833e+02
   3.2125000e+01  -1.1670833e+02
   3.2135417e+01  -1.1670833e+02
   3.2145833e+01  -1.1670833e+02
   3.2156250e+01  -1.1670833e+02
   3.2166667e+01  -1.1670833e+02
   3.2177083e+01  -1.1670833e+02
   3.2187500e+01  -1.1670833e+02
   3.2197917e+01  -1.1670833e+02
   3.2208333e+01  -1.1670833e+02
   3.2218750e+01  -1.1670833e+02
   3.2229167e+01  -1.1670833e+02
   3.2239583e+01  -1.1670833e+02
   3.2250000e+01  -1.1670833e+02
   3.2260417e+01  -1.1670833e+02
   3.2270833e+01  -1.1670833e+02
   3.2281250e+01  -1.1670833e+02
   3.2291667e+01  -1.1670833e+02
   3.2302083e+01  -1.1670833e+02
   3.2312500e+01  -1.1670833e+02
   3.2322917e+01  -1.1670833e+02
   3.2333333e+01  -1.1670833e+02
   3.2343750e+01  -1.1670833e+02
   3.2354167e+01  -1.1670833e+02
   3.2364583e+01  -1.1670833e+02
   3.2375000e+01  -1.1670833e+02
   3.2385417e+01  -1.1670833e+02
   3.2395833e+01  -1.1670833e+02
   3.2406250e+01  -1.1670833e+02
   3.2416667e+01  -1.1670833e+02
   3.2427083e+01  -1.1670833e+02
   3.2437500e+01  -1.1670833e+02
   3.2447917e+01  -1.1670833e+02
   3.2458333e+01  -1.1670833e+02
   3.2468750e+01  -1.1670833e+02
   3.2479167e+01  -1.1670833e+02
   3.2489583e+01  -1.1670833e+02
   3.2500000e+01  -1.1670833e+02
   3.2510417e+01  -1.1670833e+02
   3.2520833e+01  -1.1670833e+02
   3.2531250e+01  -1.1670833e+02
   3.2541667e+01  -1.1670833e+02
   3.2552083e+01  -1.1670833e+02
   3.2562500e+01  -1.1670833e+02
   3.2572917e+01  -1.1670833e+02
   3.2583333e+01  -1.1670833e+02
   3.2593750e+01  -1.1670833e+02
   3.2604167e+01  -1.1670833e+02
   3.2614583e+01  -1.1670833e+02
   3.2625000e+01  -1.1670833e+02
   3.2635417e+01  -1.1670833e+02
   3.2645833e+01  -1.1670833e+02
   3.2656250e+01  -1.1670833e+02
   3.2666667e+01  -1.1670833e+02
   3.2677083e+01  -1.1670833e+02
   3.2687500e+01  -1.1670833e+02
   3.2697917e+01  -1.1670833e+02
   3.2708333e+01  -1.1670833e+02
   3.2718750e+01  -1.1670833e+02
   3.2729167e+01  -1.1670833e+02
   3.2739583e+01  -1.1670833e+02
   3.2750000e+01  -1.1670833e+02
   3.2760417e+01  -1.1670833e+02
   3.2770833e+01  -1.1670833e+02
   3.2781250e+01  -1.1670833e+02
   3.2791667e+01  -1.1670833e+02
   3.2802083e+01  -1.1670833e+02
   3.2812500e+01  -1.1670833e+02
   3.2822917e+01  -1.1670833e+02
   3.2833333e+01  -1.1670833e+02
   3.2843750e+01  -1.1670833e+02
   3.2854167e+01  -1.1670833e+02
   3.2864583e+01  -1.1670833e+02
   3.2875000e+01  -1.1670833e+02
   3.2885417e+01  -1.1670833e+02
   3.2895833e+01  -1.1670833e+02
   3.2906250e+01  -1.1670833e+02
   3.2916667e+01  -1.1670833e+02
   3.2927083e+01  -1.1670833e+02
   3.2937500e+01  -1.1670833e+02
   3.2947917e+01  -1.1670833e+02
   3.2958333e+01  -1.1670833e+02
   3.2968750e+01  -1.1670833e+02
   3.2979167e+01  -1.1670833e+02
   3.2989583e+01  -1.1670833e+02
   3.3000000e+01  -1.1670833e+02
   3.3010417e+01  -1.1670833e+02
   3.3020833e+01  -1.1670833e+02
   3.3031250e+01  -1.1670833e+02
   3.3041667e+01  -1.1670833e+02
   3.3052083e+01  -1.1670833e+02
   3.3062500e+01  -1.1670833e+02
   3.3072917e+01  -1.1670833e+02
   3.3083333e+01  -1.1670833e+02
   3.3093750e+01  -1.1670833e+02
   3.3104167e+01  -1.1670833e+02
   3.3114583e+01  -1.1670833e+02
   3.3125000e+01  -1.1670833e+02
   3.3135417e+01  -1.1670833e+02
   3.3145833e+01  -1.1670833e+02
   3.3156250e+01  -1.1670833e+02
   3.3166667e+01  -1.1670833e+02
   3.3177083e+01  -1.1670833e+02
   3.3187500e+01  -1.1670833e+02
   3.3197917e+01  -1.1670833e+02
   3.3208333e+01  -1.1670833e+02
   3.3218750e+01  -1.1670833e+02
   3.3229167e+01  -1.1670833e+02
   3.3239583e+01  -1.1670833e+02
   3.3250000e+01  -1.1670833e+02
   3.3260417e+01  -1.1670833e+02
   3.3270833e+01  -1.1670833e+02
   3.3281250e+01  -1.1670833e+02
   3.3291667e+01  -1.1670833e+02
   3.3302083e+01  -1.1670833e+02
   3.3312500e+01  -1.1670833e+02
   3.3322917e+01  -1.1670833e+02
   3.3333333e+01  -1.1670833e+02
   3.3343750e+01  -1.1670833e+02
   3.3354167e+01  -1.1670833e+02
   3.3364583e+01  -1.1670833e+02
   3.3375000e+01  -1.1670833e+02
   3.3385417e+01  -1.1670833e+02
   3.3395833e+01  -1.1670833e+02
   3.3406250e+01  -1.1670833e+02
   3.3416667e+01  -1.1670833e+02
   3.3427083e+01  -1.1670833e+02
   3.3437500e+01  -1.1670833e+02
   3.3447917e+01  -1.1670833e+02
   3.3458333e+01  -1.1670833e+02
   3.3468750e+01  -1.1670833e+02
   3.3479167e+01  -1.1670833e+02
   3.3489583e+01  -1.1670833e+02
   3.3500000e+01  -1.1670833e+02
   3.3510417e+01  -1.1670833e+02
   3.3520833e+01  -1.1670833e+02
   3.3531250e+01  -1.1670833e+02
   3.3541667e+01  -1.1670833e+02
   3.3552083e+01  -1.1670833e+02
   3.3562500e+01  -1.1670833e+02
   3.3572917e+01  -1.1670833e+02
   3.3583333e+01  -1.1670833e+02
   3.3593750e+01  -1.1670833e+02
   3.3604167e+01  -1.1670833e+02
   3.3614583e+01  -1.1670833e+02
   3.3625000e+01  -1.1670833e+02
   3.3635417e+01  -1.1670833e+02
   3.3645833e+01  -1.1670833e+02
   3.3656250e+01  -1.1670833e+02
   3.3666667e+01  -1.1670833e+02
   3.3677083e+01  -1.1670833e+02
   3.3687500e+01  -1.1670833e+02
   3.3697917e+01  -1.1670833e+02
   3.3708333e+01  -1.1670833e+02
   3.3718750e+01  -1.1670833e+02
   3.3729167e+01  -1.1670833e+02
   3.3739583e+01  -1.1670833e+02
   3.3750000e+01  -1.1670833e+02
   3.3760417e+01  -1.1670833e+02
   3.3770833e+01  -1.1670833e+02
   3.3781250e+01  -1.1670833e+02
   3.3791667e+01  -1.1670833e+02
   3.3791667e+01  -1.1671875e+02
   3.3791667e+01  -1.1672917e+02
   3.3791667e+01  -1.1673958e+02
   3.3791667e+01  -1.1675000e+02
   3.3791667e+01  -1.1676042e+02
   3.3791667e+01  -1.1677083e+02
   3.3791667e+01  -1.1678125e+02
   3.3791667e+01  -1.1679167e+02
   3.3791667e+01  -1.1680208e+02
   3.3791667e+01  -1.1681250e+02
   3.3791667e+01  -1.1682292e+02
   3.3791667e+01  -1.1683333e+02
   3.3791667e+01  -1.1684375e+02
   3.3791667e+01  -1.1685417e+02
   3.3791667e+01  -1.1686458e+02
   3.3791667e+01  -1.1687500e+02
   3.3791667e+01  -1.1688542e+02
   3.3791667e+01  -1.1689583e+02
   3.3791667e+01  -1.1690625e+02
   3.3791667e+01  -1.1691667e+02
   3.3791667e+01  -1.1692708e+02
   3.3791667e+01  -1.1693750e+02
   3.3791667e+01  -1.1694792e+02
   3.3791667e+01  -1.1695833e+02
   3.3791667e+01  -1.1696875e+02
   3.3791667e+01  -1.1697917e+02
   3.3791667e+01  -1.1698958e+02
   3.3791667e+01  -1.1700000e+02
   3.3791667e+01  -1.1701042e+02
   3.3791667e+01  -1.1702083e+02
   3.3791667e+01  -1.1703125e+02
   3.3791667e+01  -1.1704167e+02
   3.3791667e+01  -1.1705208e+02
   3.3791667e+01  -1.1706250e+02
   3.3791667e+01  -1.1707292e+02
   3.3791667e+01  -1.1708333e+02
   3.3791667e+01  -1.1709375e+02
   3.3791667e+01  -1.1710417e+02
   3.3791667e+01  -1.1711458e+02
   3.3791667e+01  -1.1712500e+02
   3.3791667e+01  -1.1713542e+02
   3.3791667e+01  -1.1714583e+02
   3.3791667e+01  -1.1715625e+02
   3.3791667e+01  -1.1716667e+02
   3.3791667e+01  -1.1717708e+02
   3.3791667e+01  -1.1718750e+02
   3.3791667e+01  -1.1719792e+02
   3.3791667e+01  -1.1720833e+02
   3.3791667e+01  -1.1721875e+02
   3.3791667e+01  -1.1722917e+02
   3.3791667e+01  -1.1723958e+02
   3.3791667e+01  -1.1725000e+02
   3.3791667e+01  -1.1726042e+02
   3.3791667e+01  -1.1727083e+02
   3.3791667e+01  -1.1728125e+02
   3.3791667e+01  -1.1729167e+02
   3.3791667e+01  -1.1730208e+02
   3.3791667e+01  -1.1731250e+02
   3.3791667e+01  -1.1732292e+02
   3.3791667e+01  -1.1733333e+02
   3.3791667e+01  -1.1734375e+02
   3.3791667e+01  -1.1735417e+02
   3.3791667e+01  -1.1736458e+02
   3.3791667e+01  -1.1737500e+02
   3.3791667e+01  -1.1738542e+02
   3.3791667e+01  -1.1739583e+02
   3.3791667e+01  -1.1740625e+02
   3.3791667e+01  -1.1741667e+02
   3.3791667e+01  -1.1742708e+02
   3.3791667e+01  -1.1743750e+02
   3.3791667e+01  -1.1744792e+02
   3.3791667e+01  -1.1745833e+02
   3.3791667e+01  -1.1746875e+02
   3.3791667e+01  -1.1747917e+02
   3.3791667e+01  -1.1748958e+02
   3.3791667e+01  -1.1750000e+02
   3.3791667e+01  -1.1751042e+02
   3.3791667e+01  -1.1752083e+02
   3.3791667e+01  -1.1753125e+02
   3.3791667e+01  -1.1754167e+02
   3.3791667e+01  -1.1755208e+02
   3.3791667e+01  -1.1756250e+02
   3.3791667e+01  -1.1757292e+02
   3.3791667e+01  -1.1758333e+02
   3.3791667e+01  -1.1759375e+02
   3.3791667e+01  -1.1760417e+02
   3.3791667e+01  -1.1761458e+02
   3.3791667e+01  -1.1762500e+02
   3.3791667e+01  -1.1763542e+02
   3.3791667e+01  -1.1764583e+02
   3.3791667e+01  -1.1765625e+02
   3.3791667e+01  -1.1766667e+02
   3.3791667e+01  -1.1767708e+02
   3.3791667e+01  -1.1768750e+02
   3.3791667e+01  -1.1769792e+02
   3.3791667e+01  -1.1770833e+02
   3.3791667e+01  -1.1771875e+02
   3.3791667e+01  -1.1772917e+02
   3.3791667e+01  -1.1773958e+02
   3.3791667e+01  -1.1775000e+02
   3.3791667e+01  -1.1776042e+02
   3.3791667e+01  -1.1777083e+02
   3.3791667e+01  -1.1778125e+02
   3.3791667e+01  -1.1779167e+02
   3.3791667e+01  -1.1780208e+02
   3.3791667e+01  -1.1781250e+02
   3.3791667e+01  -1.1782292e+02
   3.3791667e+01  -1.1783333e+02
   3.3791667e+01  -1.1784375e+02
   3.3791667e+01  -1.1785417e+02
   3.3791667e+01  -1.1786458e+02
   3.3791667e+01  -1.1787500e+02
   3.3791667e+01  -1.1788542e+02
   3.3791667e+01  -1.1789583e+02
   3.3791667e+01  -1.1790625e+02
   3.3791667e+01  -1.1791667e+02
   3.3791667e+01  -1.1792708e+02
   3.3791667e+01  -1.1793750e+02
   3.3791667e+01  -1.1794792e+02
   3.3791667e+01  -1.1795833e+02
   3.3791667e+01  -1.1796875e+02
   3.3791667e+01  -1.1797917e+02
   3.3791667e+01  -1.1798958e+02
   3.3791667e+01  -1.1800000e+02
   3.3791667e+01  -1.1801042e+02
   3.3791667e+01  -1.1802083e+02
   3.3791667e+01  -1.1803125e+02
   3.3791667e+01  -1.1804167e+02
   3.3791667e+01  -1.1805208e+02
   3.3791667e+01  -1.1806250e+02
   3.3791667e+01  -1.1807292e+02
   3.3791667e+01  -1.1808333e+02
   3.3791667e+01  -1.1809375e+02
   3.3791667e+01  -1.1810417e+02
   3.3791667e+01  -1.1811458e+02
   3.3791667e+01  -1.1812500e+02
   3.3791667e+01  -1.1813542e+02
   3.3791667e+01  -1.1814583e+02
   3.3791667e+01  -1.1815625e+02
   3.3791667e+01  -1.1816667e+02
   3.3791667e+01  -1.1817708e+02
   3.3791667e+01  -1.1818750e+02
   3.3791667e+01  -1.1819792e+02
   3.3791667e+01  -1.1820833e+02
   3.3791667e+01  -1.1821875e+02
   3.3791667e+01  -1.1822917e+02
   3.3791667e+01  -1.1823958e+02
   3.3791667e+01  -1.1825000e+02
   3.3791667e+01  -1.1826042e+02
   3.3791667e+01  -1.1827083e+02
   3.3791667e+01  -1.1828125e+02
   3.3791667e+01  -1.1829167e+02
   3.3791667e+01  -1.1830208e+02
   3.3791667e+01  -1.1831250e+02
   3.3791667e+01  -1.1832292e+02
   3.3791667e+01  -1.1833333e+02
   3.3791667e+01  -1.1834375e+02
   3.3791667e+01  -1.1835417e+02
   3.3791667e+01  -1.1836458e+02
   3.3791667e+01  -1.1837500e+02
   3.3791667e+01  -1.1838542e+02
   3.3791667e+01  -1.1839583e+02
   3.3791667e+01  -1.1840625e+02
   3.3791667e+01  -1.1841667e+02
   3.3791667e+01  -1.1842708e+02
   3.3791667e+01  -1.1843750e+02
   3.3791667e+01  -1.1844792e+02
   3.3791667e+01  -1.1845833e+02
   3.3791667e+01  -1.1846875e+02
   3.3791667e+01  -1.1847917e+02
   3.3791667e+01  -1.1848958e+02
   3.3791667e+01  -1.1850000e+02
   3.3791667e+01  -1.1851042e+02
   3.3791667e+01  -1.1852083e+02
   3.3791667e+01  -1.1853125e+02
   3.3791667e+01  -1.1854167e+02
   3.3791667e+01  -1.1855208e+02
   3.3791667e+01  -1.1856250e+02
   3.3791667e+01  -1.1857292e+02
   3.3791667e+01  -1.1858333e+02
   3.3791667e+01  -1.1859375e+02
   3.3791667e+01  -1.1860417e+02
   3.3791667e+01  -1.1861458e+02
   3.3791667e+01  -1.1862500e+02
   3.3791667e+01  -1.1863542e+02
   3.3791667e+01  -1.1864583e+02
   3.3791667e+01  -1.1865625e+02
   3.3791667e+01  -1.1866667e+02
   3.3791667e+01  -1.1867708e+02
   3.3791667e+01  -1.1868750e+02
   3.3791667e+01  -1.1869792e+02
   3.3791667e+01  -1.1870833e+02
   3.3791667e+01  -1.1871875e+02
   3.3791667e+01  -1.1872917e+02
   3.3791667e+01  -1.1873958e+02
   3.3791667e+01  -1.1875000e+02
   3.3791667e+01  -1.1876042e+02
   3.3791667e+01  -1.1877083e+02
   3.3791667e+01  -1.1878125e+02
   3.3791667e+01  -1.1879167e+02
   3.3791667e+01  -1.1880208e+02
   3.3791667e+01  -1.1881250e+02
   3.3791667e+01  -1.1882292e+02
   3.3791667e+01  -1.1883333e+02
   3.3791667e+01  -1.1884375e+02
   3.3791667e+01  -1.1885417e+02
   3.3791667e+01  -1.1886458e+02
   3.3791667e+01  -1.1887500e+02
   3.3791667e+01  -1.1888542e+02
   3.3791667e+01  -1.1889583e+02
   3.3791667e+01  -1.1890625e+02
   3.3791667e+01  -1.1891667e+02
   3.3791667e+01  -1.1892708e+02
   3.3791667e+01  -1.1893750e+02
   3.3791667e+01  -1.1894792e+02
   3.3791667e+01  -1.1895833e+02
   3.3791667e+01  -1.1896875e+02
   3.3791667e+01  -1.1897917e+02
   3.3791667e+01  -1.1898958e+02
   3.3791667e+01  -1.1900000e+02
   3.3791667e+01  -1.1901042e+02
   3.3791667e+01  -1.1902083e+02
   3.3791667e+01  -1.1903125e+02
   3.3791667e+01  -1.1904167e+02
   3.3791667e+01  -1.1905208e+02
   3.3791667e+01  -1.1906250e+02
   3.3791667e+01  -1.1907292e+02
   3.3791667e+01  -1.1908333e+02
   3.3791667e+01  -1.1909375e+02
   3.3791667e+01  -1.1910417e+02
   3.3791667e+01  -1.1911458e+02
   3.3791667e+01  -1.1912500e+02
   3.3791667e+01  -1.1913542e+02
   3.3791667e+01  -1.1914583e+02
   3.3791667e+01  -1.1915625e+02
   3.3791667e+01  -1.1916667e+02
   3.3791667e+01  -1.1917708e+02
   3.3791667e+01  -1.1918750e+02
   3.3791667e+01  -1.1919792e+02
   3.3791667e+01  -1.1920833e+02
   3.3791667e+01  -1.1921875e+02
   3.3791667e+01  -1.1922917e+02
   3.3791667e+01  -1.1923958e+02
   3.3791667e+01  -1.1925000e+02
   3.3791667e+01  -1.1926042e+02
   3.3791667e+01  -1.1927083e+02
   3.3791667e+01  -1.1928125e+02
   3.3791667e+01  -1.1929167e+02
   3.3791667e+01  -1.1930208e+02
   3.3791667e+01  -1.1931250e+02
   3.3791667e+01  -1.1932292e+02
   3.3791667e+01  -1.1933333e+02
   3.3791667e+01  -1.1934375e+02
   3.3791667e+01  -1.1935417e+02
   3.3791667e+01  -1.1936458e+02
   3.3791667e+01  -1.1937500e+02
   3.3791667e+01  -1.1938542e+02
   3.3791667e+01  -1.1939583e+02
   3.3791667e+01  -1.1940625e+02
   3.3791667e+01  -1.1941667e+02
   3.3791667e+01  -1.1942708e+02
   3.3791667e+01  -1.1943750e+02
   3.3791667e+01  -1.1944792e+02
   3.3791667e+01  -1.1945833e+02
   3.3791667e+01  -1.1946875e+02
   3.3791667e+01  -1.1947917e+02
   3.3791667e+01  -1.1948958e+02
   3.3791667e+01  -1.1950000e+02
   3.3791667e+01  -1.1951042e+02
   3.3791667e+01  -1.1952083e+02
   3.3791667e+01  -1.1953125e+02
   3.3791667e+01  -1.1954167e+02
   3.3791667e+01  -1.1955208e+02
   3.3791667e+01  -1.1956250e+02
   3.3791667e+01  -1.1957292e+02
   3.3791667e+01  -1.1958333e+02
   3.3791667e+01  -1.1959375e+02
   3.3791667e+01  -1.1960417e+02
   3.3791667e+01  -1.1961458e+02
   3.3791667e+01  -1.1962500e+02
   3.3791667e+01  -1.1963542e+02
   3.3791667e+01  -1.1964583e+02
   3.3791667e+01  -1.1965625e+02
   3.3791667e+01  -1.1966667e+02
   3.3791667e+01  -1.1967708e+02
   3.3791667e+01  -1.1968750e+02
   3.3791667e+01  -1.1969792e+02
   3.3791667e+01  -1.1970833e+02
   3.3791667e+01  -1.1971875e+02
   3.3791667e+01  -1.1972917e+02
   3.3791667e+01  -1.1973958e+02
   3.3791667e+01  -1.1975000e+02
   3.3791667e+01  -1.1976042e+02
   3.3791667e+01  -1.1977083e+02
   3.3791667e+01  -1.1978125e+02
   3.3791667e+01  -1.1979167e+02
   3.3791667e+01  -1.1980208e+02
   3.3791667e+01  -1.1981250e+02
   3.3791667e+01  -1.1982292e+02
   3.3791667e+01  -1.1983333e+02
   3.3791667e+01  -1.1984375e+02
   3.3791667e+01  -1.1985417e+02
   3.3791667e+01  -1.1986458e+02
   3.3791667e+01  -1.1987500e+02
   3.3791667e+01  -1.1988542e+02
   3.3791667e+01  -1.1989583e+02
   3.3791667e+01  -1.1990625e+02
   3.3791667e+01  -1.1991667e+02
   3.3791667e+01  -1.1992708e+02
   3.3791667e+01  -1.1993750e+02
   3.3791667e+01  -1.1994792e+02
   3.3791667e+01  -1.1995833e+02
   3.3791667e+01  -1.1996875e+02
   3.3791667e+01  -1.1997917e+02
   3.3791667e+01  -1.1998958e+02
   3.3791667e+01  -1.2000000e+02
   3.3791667e+01  -1.2001042e+02
   3.3791667e+01  -1.2002083e+02
   3.3791667e+01  -1.2003125e+02
   3.3791667e+01  -1.2004167e+02
