177
-171418.516 3996209.00
-171418.516 3994815.50
-171418.516 3993421.75
-171418.516 3992029.25
-171418.516 3990635.75
-171418.516 3989242.75
-171418.516 3987850.25
-171418.516 3986457.25
-171418.516 3985064.75
-171418.516 3983673.00
-171418.516 3982280.50
-171418.516 3980888.50
-171418.516 3979497.75
-171418.516 3978105.50
-171418.516 3976714.00
-171418.516 3975322.75
-171418.516 3973932.50
-171418.516 3972540.75
-171418.516 3971151.00
-171418.516 3969759.75
-171418.516 3968369.50
-171418.516 3966979.25
-171418.516 3965589.25
-171418.516 3964199.00
-171418.516 3962809.50
-171418.516 3961420.25
-171418.516 3960030.25
-171418.516 3958641.75
-171418.516 3957252.50
-171418.516 3955863.50
-171418.516 3954475.00
-171418.516 3953086.50
-171418.516 3951697.50
-171418.516 3950310.00
-171418.516 3948921.75
-171418.516 3947533.75
-171418.516 3946146.25
-171418.516 3944758.50
-171418.516 3943371.25
-171418.516 3941984.25
-171418.516 3940597.00
-171418.516 3939209.75
-171418.516 3937823.50
-171418.516 3936437.25
-171418.516 3935050.25
-171418.516 3933664.75
-171418.516 3932278.00
-171418.516 3930892.25
-171418.516 3929506.75
-171418.516 3928121.00
-171418.516 3926735.25
-171418.516 3925350.75
-171418.516 3923965.25
-171418.516 3922580.50
-171418.516 3921196.00
-171418.516 3919811.50
-171418.516 3918426.50
-171418.516 3917043.00
-171418.516 3915658.50
-171418.516 3914275.00
-171418.516 3912890.75
-171418.516 3911507.25
-171418.516 3910124.00
-171418.516 3908741.00
-171418.516 3907357.75
-171418.516 3905974.75
-171418.516 3904592.00
-171418.516 3903209.75
-171418.516 3901827.00
-171418.516 3900444.75
-171418.516 3899062.50
-171418.516 3897680.75
-171418.516 3896299.50
-171418.516 3894917.75
-171418.516 3893535.75
-171418.516 3892155.00
-171418.516 3890773.50
-171418.516 3889392.75
-171418.516 3888011.75
-171418.516 3886631.00
-171418.516 3885250.50
-171418.516 3883871.00
-171418.516 3882490.50
-171418.516 3881110.50
-171418.516 3879731.00
-171418.516 3878351.00
-171418.516 3876971.25
-171418.516 3875592.25
-171418.516 3874213.00
-171418.516 3872834.00
-171418.516 3871455.25
-171418.516 3870076.25
-171418.516 3868698.00
-171418.516 3867320.25
-171418.516 3865941.50
-171418.516 3864563.00
-171418.516 3863185.50
-171418.516 3861807.75
-171418.516 3860430.50
-171418.516 3859052.75
-171418.516 3857675.75
-171418.516 3856298.50
-171418.516 3854921.75
-171418.516 3853545.25
-171418.516 3852168.50
-171418.516 3850792.50
-171418.516 3849415.50
-171418.516 3848039.00
-171418.516 3846663.50
-171418.516 3845288.00
-171418.516 3843912.50
-171418.516 3842537.00
-171418.516 3841161.50
-171418.516 3839786.00
-171418.516 3838411.75
-171418.516 3837036.75
-171418.516 3835662.00
-171418.516 3834287.75
-171418.516 3832913.25
-171418.516 3831539.00
-171418.516 3830164.75
-171418.516 3828791.00
-171418.516 3827417.25
-171418.516 3826044.00
-171418.516 3824670.25
-171418.516 3823297.00
-171418.516 3821924.25
-171418.516 3820551.25
-171418.516 3819178.50
-171418.516 3817806.25
-171418.516 3816433.25
-171418.516 3815061.00
-171418.516 3813689.50
-171418.516 3812317.50
-171418.516 3810945.50
-171418.516 3809574.00
-171418.516 3808202.50
-171418.516 3806831.00
-171418.516 3805460.00
-171418.516 3804089.00
-171418.516 3802717.75
-171418.516 3801347.25
-171418.516 3799976.50
-171418.516 3798606.50
-171418.516 3797236.75
-171418.516 3795866.25
-171418.516 3794496.00
-171418.516 3793126.75
-171418.516 3791757.00
-171418.516 3790387.25
-171418.516 3789018.50
-171418.516 3787649.25
-171418.516 3786280.00
-171418.516 3784911.50
-171418.516 3783542.25
-171418.516 3782174.00
-171418.516 3780806.50
-171418.516 3779437.75
-171418.516 3778069.25
-171418.516 3776702.25
-171418.516 3775334.00
-171418.516 3773966.00
-171418.516 3772599.50
-171418.516 3771231.50
-171418.516 3769865.00
-171418.516 3768498.25
-171418.516 3767131.25
-171418.516 3765764.75
-171418.516 3764398.75
-171418.516 3763032.00
-171418.516 3761665.50
-171418.516 3760299.75
-171418.516 3758933.75
-171418.516 3757568.00
-171418.516 3756202.75
-171418.516 3754837.00
-171418.516 3753471.75
321
-171418.516 3753471.75
-170259.719 3753471.75
-169100.938 3753471.75
-167943.828 3753471.75
-166785.047 3753471.75
-165626.250 3753471.75
-164469.141 3753471.75
-163310.359 3753471.75
-162151.547 3753471.75
-160994.453 3753471.75
-159835.656 3753471.75
-158676.859 3753471.75
-157519.766 3753471.75
-156360.969 3753471.75
-155202.188 3753471.75
-154045.078 3753471.75
-152886.281 3753471.75
-151727.484 3753471.75
-150570.391 3753471.75
-149411.594 3753471.75
-148252.812 3753471.75
-147095.703 3753471.75
-145936.922 3753471.75
-144778.109 3753471.75
-143621.016 3753471.75
-142462.219 3753471.75
-141303.422 3753471.75
-140146.328 3753471.75
-138987.531 3753471.75
-137828.750 3753471.75
-136671.641 3753471.75
-135512.844 3753471.75
-134354.047 3753471.75
-133196.953 3753471.75
-132038.156 3753471.75
-130879.359 3753471.75
-129722.266 3753471.75
-128563.469 3753471.75
-127404.672 3753471.75
-126247.562 3753471.75
-125088.781 3753471.75
-123929.984 3753471.75
-122772.891 3753471.75
-121614.094 3753471.75
-120455.305 3753471.75
-119298.203 3753471.75
-118139.391 3753471.75
-116980.609 3753471.75
-115823.500 3753471.75
-114664.719 3753471.75
-113505.922 3753471.75
-112348.820 3753471.75
-111190.031 3753471.75
-110031.234 3753471.75
-108874.125 3753471.75
-107715.336 3753471.75
-106556.539 3753471.75
-105399.445 3753471.75
-104240.648 3753471.75
-103081.859 3753471.75
-101924.758 3753471.75
-100765.953 3753471.75
-99607.1719 3753471.75
-98450.0625 3753471.75
-97291.2734 3753471.75
-96132.4766 3753471.75
-94975.3828 3753471.75
-93816.5938 3753471.75
-92657.7891 3753471.75
-91500.6875 3753471.75
-90341.8984 3753471.75
-89183.1016 3753471.75
-88026.0000 3753471.75
-86867.2031 3753471.75
-85708.4141 3753471.75
-84551.3203 3753471.75
-83392.5234 3753471.75
-82233.7344 3753471.75
-81076.6250 3753471.75
-79917.8281 3753471.75
-78759.0391 3753471.75
-77601.9297 3753471.75
-76443.1406 3753471.75
-75284.3516 3753471.75
-74127.2500 3753471.75
-72968.4609 3753471.75
-71809.6641 3753471.75
-70652.5547 3753471.75
-69493.7656 3753471.75
-68334.9688 3753471.75
-67177.8750 3753471.75
-66019.0781 3753471.75
-64860.2773 3753471.75
-63703.1875 3753471.75
-62544.3906 3753471.75
-61385.5977 3753471.75
-60228.4922 3753471.75
-59069.6953 3753471.75
-57910.9023 3753471.75
-56753.8086 3753471.75
-55595.0156 3753471.75
-54436.2188 3753471.75
-53279.1172 3753471.75
-52120.3242 3753471.75
-50961.5273 3753471.75
-49804.4336 3753471.75
-48645.6367 3753471.75
-47486.8398 3753471.75
-46329.7422 3753471.75
-45170.9492 3753471.75
-44012.1523 3753471.75
-42855.0547 3753471.75
-41696.2617 3753471.75
-40537.4648 3753471.75
-39380.3633 3753471.75
-38221.5703 3753471.75
-37062.7773 3753471.75
-35905.6758 3753471.75
-34746.8828 3753471.75
-33588.0898 3753471.75
-32430.9902 3753471.75
-31272.1953 3753471.75
-30113.4004 3753471.75
-28956.3008 3753471.75
-27797.5078 3753471.75
-26638.7129 3753471.75
-25481.6152 3753471.75
-24322.8184 3753471.75
-23164.0234 3753471.75
-22006.9258 3753471.75
-20848.1309 3753471.75
-19689.3340 3753471.75
-18532.2363 3753471.75
-17373.4414 3753471.75
-16214.6465 3753471.75
-15057.5479 3753471.75
-13898.7539 3753471.75
-12739.9590 3753471.75
-11582.8594 3753471.75
-10424.0654 3753471.75
-9265.26953 3753471.75
-8108.17139 3753471.75
-6949.37695 3753471.75
-5790.58154 3753471.75
-4633.48340 3753471.75
-3474.68848 3753471.75
-2315.89331 3753471.75
-1158.79492 3753471.75
0.00000000 3753471.75
1158.79492 3753471.75
2315.89331 3753471.75
3474.68848 3753471.75
4633.48340 3753471.75
5790.58154 3753471.75
6949.37695 3753471.75
8108.17139 3753471.75
9265.26953 3753471.75
10424.0654 3753471.75
11582.8594 3753471.75
12739.9590 3753471.75
13898.7539 3753471.75
15057.5479 3753471.75
16214.6465 3753471.75
17373.4414 3753471.75
18532.2363 3753471.75
19689.3340 3753471.75
20848.1309 3753471.75
22006.9258 3753471.75
23164.0234 3753471.75
24322.8184 3753471.75
25481.6152 3753471.75
26638.7129 3753471.75
27797.5078 3753471.75
28956.3008 3753471.75
30113.4004 3753471.75
31272.1953 3753471.75
32430.9902 3753471.75
33588.0898 3753471.75
34746.8828 3753471.75
35905.6758 3753471.75
37062.7773 3753471.75
38221.5703 3753471.75
39380.3633 3753471.75
40537.4648 3753471.75
41696.2617 3753471.75
42855.0547 3753471.75
44012.1523 3753471.75
45170.9492 3753471.75
46329.7422 3753471.75
47486.8398 3753471.75
48645.6367 3753471.75
49804.4336 3753471.75
50961.5273 3753471.75
52120.3242 3753471.75
53279.1172 3753471.75
54436.2188 3753471.75
55595.0156 3753471.75
56753.8086 3753471.75
57910.9023 3753471.75
59069.6953 3753471.75
60228.4922 3753471.75
61385.5977 3753471.75
62544.3906 3753471.75
63703.1875 3753471.75
64860.2773 3753471.75
66019.0781 3753471.75
67177.8750 3753471.75
68334.9688 3753471.75
69493.7656 3753471.75
70652.5547 3753471.75
71809.6641 3753471.75
72968.4609 3753471.75
74127.2500 3753471.75
75284.3516 3753471.75
76443.1406 3753471.75
77601.9297 3753471.75
78759.0391 3753471.75
79917.8281 3753471.75
81076.6250 3753471.75
82233.7344 3753471.75
83392.5234 3753471.75
84551.3203 3753471.75
85708.4141 3753471.75
86867.2031 3753471.75
88026.0000 3753471.75
89183.1016 3753471.75
90341.8984 3753471.75
91500.6875 3753471.75
92657.7891 3753471.75
93816.5938 3753471.75
94975.3828 3753471.75
96132.4766 3753471.75
97291.2734 3753471.75
98450.0625 3753471.75
99607.1719 3753471.75
100765.953 3753471.75
101924.758 3753471.75
103081.859 3753471.75
104240.648 3753471.75
105399.445 3753471.75
106556.539 3753471.75
107715.336 3753471.75
108874.125 3753471.75
110031.234 3753471.75
111190.031 3753471.75
112348.820 3753471.75
113505.922 3753471.75
114664.719 3753471.75
115823.500 3753471.75
116980.609 3753471.75
118139.391 3753471.75
119298.203 3753471.75
120455.305 3753471.75
121614.094 3753471.75
122772.891 3753471.75
123929.984 3753471.75
125088.781 3753471.75
126247.562 3753471.75
127404.672 3753471.75
128563.469 3753471.75
129722.266 3753471.75
130879.359 3753471.75
132038.156 3753471.75
133196.953 3753471.75
134354.047 3753471.75
135512.844 3753471.75
136671.641 3753471.75
137828.750 3753471.75
138987.531 3753471.75
140146.328 3753471.75
141303.422 3753471.75
142462.219 3753471.75
143621.016 3753471.75
144778.109 3753471.75
145936.922 3753471.75
147095.703 3753471.75
148252.812 3753471.75
149411.594 3753471.75
150570.391 3753471.75
151727.484 3753471.75
152886.281 3753471.75
154045.078 3753471.75
155202.188 3753471.75
156360.969 3753471.75
157519.766 3753471.75
158676.859 3753471.75
159835.656 3753471.75
160994.453 3753471.75
162151.547 3753471.75
163310.359 3753471.75
164469.141 3753471.75
165626.250 3753471.75
166785.047 3753471.75
167943.828 3753471.75
169100.938 3753471.75
170259.719 3753471.75
171418.516 3753471.75
172575.625 3753471.75
173734.406 3753471.75
174893.203 3753471.75
176050.297 3753471.75
177209.109 3753471.75
178367.906 3753471.75
179525.000 3753471.75
180683.797 3753471.75
181842.578 3753471.75
182999.688 3753471.75
184158.469 3753471.75
185317.266 3753471.75
186474.359 3753471.75
187633.188 3753471.75
188791.953 3753471.75
189949.078 3753471.75
191107.859 3753471.75
192266.656 3753471.75
193423.750 3753471.75
194582.547 3753471.75
195741.344 3753471.75
196898.438 3753471.75
198057.234 3753471.75
199216.016 3753471.75
177
199216.016 3753471.75
199216.016 3754837.00
199216.016 3756202.75
199216.016 3757568.00
199216.016 3758933.75
199216.016 3760299.75
199216.016 3761665.50
199216.016 3763032.00
199216.016 3764398.75
199216.016 3765764.75
199216.016 3767131.25
199216.016 3768498.25
199216.016 3769865.00
199216.016 3771231.50
199216.016 3772599.50
199216.016 3773966.00
199216.016 3775334.00
199216.016 3776702.25
199216.016 3778069.25
199216.016 3779437.75
199216.016 3780806.50
199216.016 3782174.00
199216.016 3783542.25
199216.016 3784911.50
199216.016 3786280.00
199216.016 3787649.25
199216.016 3789018.50
199216.016 3790387.25
199216.016 3791757.00
199216.016 3793126.75
199216.016 3794496.00
199216.016 3795866.25
199216.016 3797236.75
199216.016 3798606.50
199216.016 3799976.50
199216.016 3801347.25
199216.016 3802717.75
199216.016 3804089.00
199216.016 3805460.00
199216.016 3806831.00
199216.016 3808202.50
199216.016 3809574.00
199216.016 3810945.50
199216.016 3812317.50
199216.016 3813689.50
199216.016 3815061.00
199216.016 3816433.25
199216.016 3817806.25
199216.016 3819178.50
199216.016 3820551.25
199216.016 3821924.25
199216.016 3823297.00
199216.016 3824670.25
199216.016 3826044.00
199216.016 3827417.25
199216.016 3828791.00
199216.016 3830164.75
199216.016 3831539.00
199216.016 3832913.25
199216.016 3834287.75
199216.016 3835662.00
199216.016 3837036.75
199216.016 3838411.75
199216.016 3839786.00
199216.016 3841161.50
199216.016 3842537.00
199216.016 3843912.50
199216.016 3845288.00
199216.016 3846663.50
199216.016 3848039.00
199216.016 3849415.50
199216.016 3850792.50
199216.016 3852168.50
199216.016 3853545.25
199216.016 3854921.75
199216.016 3856298.50
199216.016 3857675.75
199216.016 3859052.75
199216.016 3860430.50
199216.016 3861807.75
199216.016 3863185.50
199216.016 3864563.00
199216.016 3865941.50
199216.016 3867320.25
199216.016 3868698.00
199216.016 3870076.25
199216.016 3871455.25
199216.016 3872834.00
199216.016 3874213.00
199216.016 3875592.25
199216.016 3876971.25
199216.016 3878351.00
199216.016 3879731.00
199216.016 3881110.50
199216.016 3882490.50
199216.016 3883871.00
199216.016 3885250.50
199216.016 3886631.00
199216.016 3888011.75
199216.016 3889392.75
199216.016 3890773.50
199216.016 3892155.00
199216.016 3893535.75
199216.016 3894917.75
199216.016 3896299.50
199216.016 3897680.75
199216.016 3899062.50
199216.016 3900444.75
199216.016 3901827.00
199216.016 3903209.75
199216.016 3904592.00
199216.016 3905974.75
199216.016 3907357.75
199216.016 3908741.00
199216.016 3910124.00
199216.016 3911507.25
199216.016 3912890.75
199216.016 3914275.00
199216.016 3915658.50
199216.016 3917043.00
199216.016 3918426.50
199216.016 3919811.50
199216.016 3921196.00
199216.016 3922580.50
199216.016 3923965.25
199216.016 3925350.75
199216.016 3926735.25
199216.016 3928121.00
199216.016 3929506.75
199216.016 3930892.25
199216.016 3932278.00
199216.016 3933664.75
199216.016 3935050.25
199216.016 3936437.25
199216.016 3937823.50
199216.016 3939209.75
199216.016 3940597.00
199216.016 3941984.25
199216.016 3943371.25
199216.016 3944758.50
199216.016 3946146.25
199216.016 3947533.75
199216.016 3948921.75
199216.016 3950310.00
199216.016 3951697.50
199216.016 3953086.50
199216.016 3954475.00
199216.016 3955863.50
199216.016 3957252.50
199216.016 3958641.75
199216.016 3960030.25
199216.016 3961420.25
199216.016 3962809.50
199216.016 3964199.00
199216.016 3965589.25
199216.016 3966979.25
199216.016 3968369.50
199216.016 3969759.75
199216.016 3971151.00
199216.016 3972540.75
199216.016 3973932.50
199216.016 3975322.75
199216.016 3976714.00
199216.016 3978105.50
199216.016 3979497.75
199216.016 3980888.50
199216.016 3982280.50
199216.016 3983673.00
199216.016 3985064.75
199216.016 3986457.25
199216.016 3987850.25
199216.016 3989242.75
199216.016 3990635.75
199216.016 3992029.25
199216.016 3993421.75
199216.016 3994815.50
199216.016 3996209.00
321
199216.016 3996209.00
198057.234 3996209.00
196898.438 3996209.00
195741.344 3996209.00
194582.547 3996209.00
193423.750 3996209.00
192266.656 3996209.00
191107.859 3996209.00
189949.078 3996209.00
188791.953 3996209.00
187633.188 3996209.00
186474.359 3996209.00
185317.266 3996209.00
184158.469 3996209.00
182999.688 3996209.00
181842.578 3996209.00
180683.797 3996209.00
179525.000 3996209.00
178367.906 3996209.00
177209.109 3996209.00
176050.297 3996209.00
174893.203 3996209.00
173734.406 3996209.00
172575.625 3996209.00
171418.516 3996209.00
170259.719 3996209.00
169100.938 3996209.00
167943.828 3996209.00
166785.047 3996209.00
165626.250 3996209.00
164469.141 3996209.00
163310.359 3996209.00
162151.547 3996209.00
160994.453 3996209.00
159835.656 3996209.00
158676.859 3996209.00
157519.766 3996209.00
156360.969 3996209.00
155202.188 3996209.00
154045.078 3996209.00
152886.281 3996209.00
151727.484 3996209.00
150570.391 3996209.00
149411.594 3996209.00
148252.812 3996209.00
147095.703 3996209.00
145936.922 3996209.00
144778.109 3996209.00
143621.016 3996209.00
142462.219 3996209.00
141303.422 3996209.00
140146.328 3996209.00
138987.531 3996209.00
137828.750 3996209.00
136671.641 3996209.00
135512.844 3996209.00
134354.047 3996209.00
133196.953 3996209.00
132038.156 3996209.00
130879.359 3996209.00
129722.266 3996209.00
128563.469 3996209.00
127404.672 3996209.00
126247.562 3996209.00
125088.781 3996209.00
123929.984 3996209.00
122772.891 3996209.00
121614.094 3996209.00
120455.305 3996209.00
119298.203 3996209.00
118139.391 3996209.00
116980.609 3996209.00
115823.500 3996209.00
114664.719 3996209.00
113505.922 3996209.00
112348.820 3996209.00
111190.031 3996209.00
110031.234 3996209.00
108874.125 3996209.00
107715.336 3996209.00
106556.539 3996209.00
105399.445 3996209.00
104240.648 3996209.00
103081.859 3996209.00
101924.758 3996209.00
100765.953 3996209.00
99607.1719 3996209.00
98450.0625 3996209.00
97291.2734 3996209.00
96132.4766 3996209.00
94975.3828 3996209.00
93816.5938 3996209.00
92657.7891 3996209.00
91500.6875 3996209.00
90341.8984 3996209.00
89183.1016 3996209.00
88026.0000 3996209.00
86867.2031 3996209.00
85708.4141 3996209.00
84551.3203 3996209.00
83392.5234 3996209.00
82233.7344 3996209.00
81076.6250 3996209.00
79917.8281 3996209.00
78759.0391 3996209.00
77601.9297 3996209.00
76443.1406 3996209.00
75284.3516 3996209.00
74127.2500 3996209.00
72968.4609 3996209.00
71809.6641 3996209.00
70652.5547 3996209.00
69493.7656 3996209.00
68334.9688 3996209.00
67177.8750 3996209.00
66019.0781 3996209.00
64860.2773 3996209.00
63703.1875 3996209.00
62544.3906 3996209.00
61385.5977 3996209.00
60228.4922 3996209.00
59069.6953 3996209.00
57910.9023 3996209.00
56753.8086 3996209.00
55595.0156 3996209.00
54436.2188 3996209.00
53279.1172 3996209.00
52120.3242 3996209.00
50961.5273 3996209.00
49804.4336 3996209.00
48645.6367 3996209.00
47486.8398 3996209.00
46329.7422 3996209.00
45170.9492 3996209.00
44012.1523 3996209.00
42855.0547 3996209.00
41696.2617 3996209.00
40537.4648 3996209.00
39380.3633 3996209.00
38221.5703 3996209.00
37062.7773 3996209.00
35905.6758 3996209.00
34746.8828 3996209.00
33588.0898 3996209.00
32430.9902 3996209.00
31272.1953 3996209.00
30113.4004 3996209.00
28956.3008 3996209.00
27797.5078 3996209.00
26638.7129 3996209.00
25481.6152 3996209.00
24322.8184 3996209.00
23164.0234 3996209.00
22006.9258 3996209.00
20848.1309 3996209.00
19689.3340 3996209.00
18532.2363 3996209.00
17373.4414 3996209.00
16214.6465 3996209.00
15057.5479 3996209.00
13898.7539 3996209.00
12739.9590 3996209.00
11582.8594 3996209.00
10424.0654 3996209.00
9265.26953 3996209.00
8108.17139 3996209.00
6949.37695 3996209.00
5790.58154 3996209.00
4633.48340 3996209.00
3474.68848 3996209.00
2315.89331 3996209.00
1158.79492 3996209.00
0.00000000 3996209.00
-1158.79492 3996209.00
-2315.89331 3996209.00
-3474.68848 3996209.00
-4633.48340 3996209.00
-5790.58154 3996209.00
-6949.37695 3996209.00
-8108.17139 3996209.00
-9265.26953 3996209.00
-10424.0654 3996209.00
-11582.8594 3996209.00
-12739.9590 3996209.00
-13898.7539 3996209.00
-15057.5479 3996209.00
-16214.6465 3996209.00
-17373.4414 3996209.00
-18532.2363 3996209.00
-19689.3340 3996209.00
-20848.1309 3996209.00
-22006.9258 3996209.00
-23164.0234 3996209.00
-24322.8184 3996209.00
-25481.6152 3996209.00
-26638.7129 3996209.00
-27797.5078 3996209.00
-28956.3008 3996209.00
-30113.4004 3996209.00
-31272.1953 3996209.00
-32430.9902 3996209.00
-33588.0898 3996209.00
-34746.8828 3996209.00
-35905.6758 3996209.00
-37062.7773 3996209.00
-38221.5703 3996209.00
-39380.3633 3996209.00
-40537.4648 3996209.00
-41696.2617 3996209.00
-42855.0547 3996209.00
-44012.1523 3996209.00
-45170.9492 3996209.00
-46329.7422 3996209.00
-47486.8398 3996209.00
-48645.6367 3996209.00
-49804.4336 3996209.00
-50961.5273 3996209.00
-52120.3242 3996209.00
-53279.1172 3996209.00
-54436.2188 3996209.00
-55595.0156 3996209.00
-56753.8086 3996209.00
-57910.9023 3996209.00
-59069.6953 3996209.00
-60228.4922 3996209.00
-61385.5977 3996209.00
-62544.3906 3996209.00
-63703.1875 3996209.00
-64860.2773 3996209.00
-66019.0781 3996209.00
-67177.8750 3996209.00
-68334.9688 3996209.00
-69493.7656 3996209.00
-70652.5547 3996209.00
-71809.6641 3996209.00
-72968.4609 3996209.00
-74127.2500 3996209.00
-75284.3516 3996209.00
-76443.1406 3996209.00
-77601.9297 3996209.00
-78759.0391 3996209.00
-79917.8281 3996209.00
-81076.6250 3996209.00
-82233.7344 3996209.00
-83392.5234 3996209.00
-84551.3203 3996209.00
-85708.4141 3996209.00
-86867.2031 3996209.00
-88026.0000 3996209.00
-89183.1016 3996209.00
-90341.8984 3996209.00
-91500.6875 3996209.00
-92657.7891 3996209.00
-93816.5938 3996209.00
-94975.3828 3996209.00
-96132.4766 3996209.00
-97291.2734 3996209.00
-98450.0625 3996209.00
-99607.1719 3996209.00
-100765.953 3996209.00
-101924.758 3996209.00
-103081.859 3996209.00
-104240.648 3996209.00
-105399.445 3996209.00
-106556.539 3996209.00
-107715.336 3996209.00
-108874.125 3996209.00
-110031.234 3996209.00
-111190.031 3996209.00
-112348.820 3996209.00
-113505.922 3996209.00
-114664.719 3996209.00
-115823.500 3996209.00
-116980.609 3996209.00
-118139.391 3996209.00
-119298.203 3996209.00
-120455.305 3996209.00
-121614.094 3996209.00
-122772.891 3996209.00
-123929.984 3996209.00
-125088.781 3996209.00
-126247.562 3996209.00
-127404.672 3996209.00
-128563.469 3996209.00
-129722.266 3996209.00
-130879.359 3996209.00
-132038.156 3996209.00
-133196.953 3996209.00
-134354.047 3996209.00
-135512.844 3996209.00
-136671.641 3996209.00
-137828.750 3996209.00
-138987.531 3996209.00
-140146.328 3996209.00
-141303.422 3996209.00
-142462.219 3996209.00
-143621.016 3996209.00
-144778.109 3996209.00
-145936.922 3996209.00
-147095.703 3996209.00
-148252.812 3996209.00
-149411.594 3996209.00
-150570.391 3996209.00
-151727.484 3996209.00
-152886.281 3996209.00
-154045.078 3996209.00
-155202.188 3996209.00
-156360.969 3996209.00
-157519.766 3996209.00
-158676.859 3996209.00
-159835.656 3996209.00
-160994.453 3996209.00
-162151.547 3996209.00
-163310.359 3996209.00
-164469.141 3996209.00
-165626.250 3996209.00
-166785.047 3996209.00
-167943.828 3996209.00
-169100.938 3996209.00
-170259.719 3996209.00
-171418.516 3996209.00
