270 97 0.000000
269 97 0.000000
269 96 0.000000
268 95 0.000000
267 95 0.000000
266 95 0.000000
265 95 0.000000
265 94 0.000000
264 94 0.000000
263 94 0.000000
263 96 1.000000
260 99 0.000000
261 99 0.000000
261 99 1.000000
255 101 0.000000
257 100 1.000000
257 99 1.000000
257 98 1.000000
259 99 0.000000
259 98 0.000000
260 98 0.000000
261 99 0.000000
261 98 0.000000
262 98 0.000000
263 97 0.000000
263 96 0.000000
251 101 0.000000
251 99 0.000000
251 98 0.000000
251 100 0.000000
250 98 0.000000
253 101 0.000000
251 101 1.000000
251 101 0.000000
252 101 0.000000
252 100 0.000000
253 100 0.000000
254 100 0.000000
255 100 0.000000
256 100 0.000000
257 100 0.000000
226 101 0.000000
227 101 0.000000
228 101 0.000000
229 101 0.000000
230 101 0.000000
230 100 0.000000
231 100 0.000000
231 101 0.000000
232 100 0.000000
233 100 0.000000
234 100 0.000000
235 99 0.000000
236 99 0.000000
240 98 0.000000
241 98 0.000000
2 63 1.000000
3 63 1.000000
10 62 0.000000
10 62 1.000000
13 62 1.000000
14 62 1.000000
38 71 1.000000
39 70 1.000000
39 69 1.000000
39 68 1.000000
38 68 1.000000
38 70 1.000000
38 69 1.000000
37 68 1.000000
37 67 1.000000
36 67 1.000000
36 66 1.000000
35 66 1.000000
35 65 1.000000
34 65 1.000000
34 64 1.000000
33 65 1.000000
33 64 1.000000
33 63 1.000000
33 62 1.000000
33 61 1.000000
51 59 0.000000
30 65 0.000000
31 66 1.000000
68 54 0.000000
67 54 1.000000
66 54 1.000000
65 54 1.000000
63 55 1.000000
59 56 1.000000
58 57 1.000000
58 58 1.000000
57 58 1.000000
56 59 1.000000
55 59 1.000000
54 59 1.000000
53 59 1.000000
139 49 0.000000
137 48 0.000000
136 47 0.000000
135 47 0.000000
134 46 0.000000
131 47 1.000000
129 48 0.000000
122 48 0.000000
120 47 0.000000
114 48 1.000000
107 49 1.000000
103 50 1.000000
92 51 1.000000
87 52 1.000000
86 52 1.000000
82 52 1.000000
81 52 1.000000
80 52 1.000000
74 52 1.000000
71 53 1.000000
68 54 1.000000
57 59 1.000000
191 75 0.000000
190 75 0.000000
190 74 0.000000
189 75 0.000000
189 74 0.000000
182 79 0.000000
183 79 0.000000
183 78 0.000000
184 78 0.000000
183 77 0.000000
183 76 0.000000
183 76 1.000000
185 75 0.000000
183 76 0.000000
184 75 0.000000
183 75 0.000000
182 75 0.000000
182 74 0.000000
181 74 0.000000
181 73 0.000000
181 72 0.000000
180 72 0.000000
180 71 0.000000
180 70 0.000000
180 69 0.000000
180 67 1.000000
181 65 0.000000
181 64 0.000000
180 64 0.000000
179 64 0.000000
178 64 0.000000
178 63 0.000000
177 63 0.000000
176 62 0.000000
175 55 1.000000
176 49 0.000000
175 51 0.000000
175 52 0.000000
176 52 0.000000
177 53 0.000000
177 52 0.000000
176 54 0.000000
174 56 0.000000
175 46 0.000000
174 46 0.000000
174 45 0.000000
173 45 0.000000
172 45 0.000000
171 45 0.000000
171 44 0.000000
170 44 0.000000
170 45 0.000000
168 45 0.000000
167 46 1.000000
167 47 1.000000
167 48 1.000000
166 48 1.000000
163 47 0.000000
163 46 0.000000
162 45 0.000000
162 44 0.000000
161 43 0.000000
159 43 0.000000
157 44 1.000000
155 45 1.000000
150 46 1.000000
149 47 1.000000
149 48 1.000000
147 49 1.000000
157 58 0.000000
157 57 0.000000
157 56 0.000000
156 58 0.000000
156 57 0.000000
156 56 0.000000
155 58 0.000000
155 57 0.000000
155 56 0.000000
155 55 0.000000
154 58 0.000000
154 57 0.000000
154 56 0.000000
154 55 0.000000
153 57 0.000000
153 56 0.000000
147 51 0.000000
147 49 0.000000
148 49 0.000000
142 50 1.000000
143 49 1.000000
210 85 1.000000
211 85 1.000000
211 84 1.000000
210 84 1.000000
211 83 1.000000
211 83 0.000000
214 84 1.000000
213 84 1.000000
212 84 1.000000
212 84 0.000000
212 84 1.000000
211 83 1.000000
215 83 0.000000
215 82 0.000000
211 81 0.000000
213 81 0.000000
213 81 1.000000
211 81 1.000000
212 81 0.000000
213 81 0.000000
208 87 0.000000
208 86 0.000000
207 86 0.000000
206 86 0.000000
207 87 0.000000
205 86 0.000000
205 84 0.000000
205 85 0.000000
205 83 0.000000
206 78 0.000000
206 77 0.000000
205 77 0.000000
203 76 0.000000
203 75 0.000000
202 75 0.000000
201 75 0.000000
200 75 0.000000
199 74 0.000000
194 74 0.000000
199 96 1.000000
199 95 1.000000
198 96 1.000000
198 95 1.000000
197 95 1.000000
197 96 1.000000
196 96 1.000000
196 95 1.000000
195 95 1.000000
194 96 1.000000
193 96 1.000000
192 97 1.000000
191 97 1.000000
277 31 0.000000
277 30 0.000000
276 31 0.000000
276 30 0.000000
275 31 0.000000
275 30 0.000000
275 29 0.000000
274 29 0.000000
274 28 0.000000
273 28 0.000000
273 28 1.000000
274 31 0.000000
274 30 0.000000
273 29 0.000000
273 28 0.000000
309 45 0.000000
308 46 0.000000
308 45 0.000000
308 44 0.000000
308 43 0.000000
308 42 0.000000
308 41 0.000000
308 39 0.000000
308 40 0.000000
308 39 1.000000
309 44 0.000000
309 43 0.000000
309 42 0.000000
309 41 0.000000
309 40 0.000000
309 39 0.000000
309 38 0.000000
309 37 0.000000
309 36 0.000000
309 34 0.000000
308 34 0.000000
308 35 0.000000
308 36 0.000000
308 37 0.000000
308 38 0.000000
308 39 0.000000
309 35 0.000000
