   1.2102395e+01   1.4753739e+02
   1.2169661e+01   1.4753747e+02
   1.2234603e+01   1.4753754e+02
   1.2295660e+01   1.4753762e+02
   1.2350728e+01   1.4753768e+02
   1.2397622e+01   1.4753774e+02
   1.2435033e+01   1.4753778e+02
   1.2463312e+01   1.4753781e+02
   1.2484246e+01   1.4753784e+02
   1.2500082e+01   1.4753786e+02
   1.2512731e+01   1.4753787e+02
   1.2523514e+01   1.4753788e+02
   1.2533249e+01   1.4753790e+02
   1.2542407e+01   1.4753791e+02
   1.2551565e+01   1.4753792e+02
   1.2560723e+01   1.4753793e+02
   1.2569880e+01   1.4753794e+02
   1.2579038e+01   1.4753795e+02
   1.2588196e+01   1.4753796e+02
   1.2597354e+01   1.4753797e+02
   1.2606512e+01   1.4753798e+02
   1.2615670e+01   1.4753799e+02
   1.2624825e+01   1.4753800e+02
   1.2633981e+01   1.4753801e+02
   1.2643136e+01   1.4753802e+02
   1.2652291e+01   1.4753804e+02
   1.2661447e+01   1.4753805e+02
   1.2670602e+01   1.4753806e+02
   1.2679757e+01   1.4753807e+02
   1.2688912e+01   1.4753808e+02
   1.2698065e+01   1.4753809e+02
   1.2707218e+01   1.4753810e+02
   1.2716370e+01   1.4753811e+02
   1.2725523e+01   1.4753812e+02
   1.2734676e+01   1.4753813e+02
   1.2743828e+01   1.4753814e+02
   1.2752981e+01   1.4753815e+02
   1.2762134e+01   1.4753816e+02
   1.2771284e+01   1.4753817e+02
   1.2780434e+01   1.4753819e+02
   1.2789584e+01   1.4753820e+02
   1.2798734e+01   1.4753821e+02
   1.2807884e+01   1.4753822e+02
   1.2817034e+01   1.4753823e+02
   1.2826184e+01   1.4753824e+02
   1.2835334e+01   1.4753825e+02
   1.2844481e+01   1.4753826e+02
   1.2853629e+01   1.4753827e+02
   1.2862776e+01   1.4753828e+02
   1.2871924e+01   1.4753829e+02
   1.2881071e+01   1.4753830e+02
   1.2890218e+01   1.4753831e+02
   1.2899366e+01   1.4753833e+02
   1.2908513e+01   1.4753834e+02
   1.2917658e+01   1.4753835e+02
   1.2926803e+01   1.4753836e+02
   1.2935947e+01   1.4753837e+02
   1.2945092e+01   1.4753838e+02
   1.2954237e+01   1.4753839e+02
   1.2963381e+01   1.4753840e+02
   1.2972526e+01   1.4753841e+02
   1.2981671e+01   1.4753842e+02
   1.2990813e+01   1.4753843e+02
   1.2999955e+01   1.4753844e+02
   1.3009097e+01   1.4753845e+02
   1.3018239e+01   1.4753846e+02
   1.3027381e+01   1.4753848e+02
   1.3036523e+01   1.4753849e+02
   1.3045665e+01   1.4753850e+02
   1.3054807e+01   1.4753851e+02
   1.3063946e+01   1.4753852e+02
   1.3073086e+01   1.4753853e+02
   1.3082225e+01   1.4753854e+02
   1.3091364e+01   1.4753855e+02
   1.3100504e+01   1.4753856e+02
   1.3109643e+01   1.4753857e+02
   1.3118782e+01   1.4753858e+02
   1.3127922e+01   1.4753859e+02
   1.3137058e+01   1.4753860e+02
   1.3146195e+01   1.4753862e+02
   1.3155332e+01   1.4753863e+02
   1.3164468e+01   1.4753864e+02
   1.3173605e+01   1.4753865e+02
   1.3182742e+01   1.4753866e+02
   1.3191878e+01   1.4753867e+02
   1.3201015e+01   1.4753868e+02
   1.3210149e+01   1.4753869e+02
   1.3219283e+01   1.4753870e+02
   1.3228417e+01   1.4753871e+02
   1.3237550e+01   1.4753872e+02
   1.3246684e+01   1.4753873e+02
   1.3255818e+01   1.4753874e+02
   1.3264952e+01   1.4753875e+02
   1.3274086e+01   1.4753877e+02
   1.3283217e+01   1.4753878e+02
   1.3292348e+01   1.4753879e+02
   1.3301480e+01   1.4753880e+02
   1.3310611e+01   1.4753881e+02
   1.3319742e+01   1.4753882e+02
   1.3328873e+01   1.4753883e+02
   1.3338004e+01   1.4753884e+02
   1.3347135e+01   1.4753885e+02
   1.3356264e+01   1.4753886e+02
   1.3365392e+01   1.4753887e+02
   1.3374521e+01   1.4753888e+02
   1.3383649e+01   1.4753889e+02
   1.3392777e+01   1.4753890e+02
   1.3401906e+01   1.4753892e+02
   1.3411034e+01   1.4753893e+02
   1.3420163e+01   1.4753894e+02
   1.3429288e+01   1.4753895e+02
   1.3438414e+01   1.4753896e+02
   1.3447540e+01   1.4753897e+02
   1.3456665e+01   1.4753898e+02
   1.3465791e+01   1.4753899e+02
   1.3474917e+01   1.4753900e+02
   1.3484042e+01   1.4753901e+02
   1.3493168e+01   1.4753902e+02
   1.3502291e+01   1.4753903e+02
   1.3511414e+01   1.4753904e+02
   1.3520536e+01   1.4753905e+02
   1.3529659e+01   1.4753907e+02
   1.3538782e+01   1.4753908e+02
   1.3547905e+01   1.4753909e+02
   1.3557028e+01   1.4753910e+02
   1.3566151e+01   1.4753911e+02
   1.3575271e+01   1.4753912e+02
   1.3584391e+01   1.4753913e+02
   1.3593511e+01   1.4753914e+02
   1.3602631e+01   1.4753915e+02
   1.3611751e+01   1.4753916e+02
   1.3620871e+01   1.4753917e+02
   1.3629991e+01   1.4753918e+02
   1.3639111e+01   1.4753919e+02
   1.3648229e+01   1.4753920e+02
   1.3657346e+01   1.4753922e+02
   1.3666463e+01   1.4753923e+02
   1.3675580e+01   1.4753924e+02
   1.3684698e+01   1.4753925e+02
   1.3693815e+01   1.4753926e+02
   1.3702932e+01   1.4753927e+02
   1.3712049e+01   1.4753928e+02
   1.3721164e+01   1.4753929e+02
   1.3730278e+01   1.4753930e+02
   1.3739393e+01   1.4753931e+02
   1.3748507e+01   1.4753932e+02
   1.3757622e+01   1.4753933e+02
   1.3766736e+01   1.4753934e+02
   1.3775851e+01   1.4753936e+02
   1.3784965e+01   1.4753937e+02
   1.3794077e+01   1.4753938e+02
   1.3803188e+01   1.4753939e+02
   1.3812300e+01   1.4753940e+02
   1.3821411e+01   1.4753941e+02
   1.3830523e+01   1.4753942e+02
   1.3839635e+01   1.4753943e+02
   1.3848746e+01   1.4753944e+02
   1.3857858e+01   1.4753945e+02
   1.3866967e+01   1.4753946e+02
   1.3876075e+01   1.4753947e+02
   1.3885184e+01   1.4753948e+02
   1.3894293e+01   1.4753949e+02
   1.3903402e+01   1.4753950e+02
   1.3912510e+01   1.4753952e+02
   1.3921619e+01   1.4753953e+02
   1.3930728e+01   1.4753954e+02
   1.3939834e+01   1.4753955e+02
   1.3948940e+01   1.4753956e+02
   1.3958046e+01   1.4753957e+02
   1.3967151e+01   1.4753958e+02
   1.3976257e+01   1.4753959e+02
   1.3985363e+01   1.4753960e+02
   1.3994469e+01   1.4753961e+02
   1.4003575e+01   1.4753962e+02
   1.4012678e+01   1.4753963e+02
   1.4021781e+01   1.4753964e+02
   1.4030884e+01   1.4753965e+02
   1.4039987e+01   1.4753967e+02
   1.4049090e+01   1.4753968e+02
   1.4058193e+01   1.4753969e+02
   1.4067296e+01   1.4753970e+02
   1.4076399e+01   1.4753971e+02
   1.4085499e+01   1.4753972e+02
   1.4094599e+01   1.4753973e+02
   1.4103700e+01   1.4753974e+02
   1.4112800e+01   1.4753975e+02
   1.4121900e+01   1.4753976e+02
   1.4131000e+01   1.4753977e+02
   1.4140100e+01   1.4753978e+02
   1.4149200e+01   1.4753979e+02
   1.4158297e+01   1.4753980e+02
   1.4167395e+01   1.4753982e+02
   1.4176492e+01   1.4753983e+02
   1.4185589e+01   1.4753984e+02
   1.4194686e+01   1.4753985e+02
   1.4203783e+01   1.4753986e+02
   1.4212881e+01   1.4753987e+02
   1.4221978e+01   1.4753988e+02
   1.4231072e+01   1.4753989e+02
   1.4240167e+01   1.4753990e+02
   1.4249261e+01   1.4753991e+02
   1.4258355e+01   1.4753992e+02
   1.4267449e+01   1.4753993e+02
   1.4276544e+01   1.4753994e+02
   1.4285638e+01   1.4753995e+02
   1.4294732e+01   1.4753997e+02
   1.4303824e+01   1.4753998e+02
   1.4312915e+01   1.4753999e+02
   1.4322006e+01   1.4754000e+02
   1.4331098e+01   1.4754001e+02
   1.4340189e+01   1.4754002e+02
   1.4349281e+01   1.4754003e+02
   1.4358372e+01   1.4754004e+02
   1.4367463e+01   1.4754005e+02
   1.4376552e+01   1.4754006e+02
   1.4385640e+01   1.4754007e+02
   1.4394729e+01   1.4754008e+02
   1.4403817e+01   1.4754009e+02
   1.4412905e+01   1.4754010e+02
   1.4421994e+01   1.4754011e+02
   1.4431082e+01   1.4754013e+02
   1.4440171e+01   1.4754014e+02
   1.4449256e+01   1.4754015e+02
   1.4458342e+01   1.4754016e+02
   1.4467427e+01   1.4754017e+02
   1.4476512e+01   1.4754018e+02
   1.4485598e+01   1.4754019e+02
   1.4494683e+01   1.4754020e+02
   1.4503769e+01   1.4754021e+02
   1.4512854e+01   1.4754022e+02
   1.4521937e+01   1.4754023e+02
   1.4531019e+01   1.4754024e+02
   1.4540102e+01   1.4754025e+02
   1.4549184e+01   1.4754026e+02
   1.4558267e+01   1.4754028e+02
   1.4567349e+01   1.4754029e+02
   1.4576432e+01   1.4754030e+02
   1.4585514e+01   1.4754031e+02
   1.4594594e+01   1.4754032e+02
   1.4603673e+01   1.4754033e+02
   1.4612753e+01   1.4754034e+02
   1.4621832e+01   1.4754035e+02
   1.4630912e+01   1.4754036e+02
   1.4639991e+01   1.4754037e+02
   1.4649071e+01   1.4754038e+02
   1.4658150e+01   1.4754039e+02
   1.4667227e+01   1.4754040e+02
   1.4676303e+01   1.4754041e+02
   1.4685380e+01   1.4754042e+02
   1.4694456e+01   1.4754044e+02
   1.4703533e+01   1.4754045e+02
   1.4712609e+01   1.4754046e+02
   1.4721686e+01   1.4754047e+02
   1.4730762e+01   1.4754048e+02
   1.4739836e+01   1.4754049e+02
   1.4748909e+01   1.4754050e+02
   1.4757983e+01   1.4754051e+02
   1.4767056e+01   1.4754052e+02
   1.4776130e+01   1.4754053e+02
   1.4785203e+01   1.4754054e+02
   1.4794276e+01   1.4754055e+02
   1.4803350e+01   1.4754056e+02
   1.4812420e+01   1.4754057e+02
   1.4821491e+01   1.4754058e+02
   1.4830561e+01   1.4754060e+02
   1.4839632e+01   1.4754061e+02
   1.4848702e+01   1.4754062e+02
   1.4857773e+01   1.4754063e+02
   1.4866843e+01   1.4754064e+02
   1.4875914e+01   1.4754065e+02
   1.4884981e+01   1.4754066e+02
   1.4894048e+01   1.4754067e+02
   1.4903116e+01   1.4754068e+02
   1.4912183e+01   1.4754069e+02
   1.4921251e+01   1.4754070e+02
   1.4930318e+01   1.4754071e+02
   1.4939385e+01   1.4754072e+02
   1.4948453e+01   1.4754073e+02
   1.4957517e+01   1.4754074e+02
   1.4966582e+01   1.4754076e+02
   1.4975646e+01   1.4754077e+02
   1.4984710e+01   1.4754078e+02
   1.4993775e+01   1.4754079e+02
   1.5002839e+01   1.4754080e+02
   1.5011903e+01   1.4754081e+02
   1.5020968e+01   1.4754082e+02
   1.5030029e+01   1.4754083e+02
   1.5039090e+01   1.4754084e+02
   1.5048152e+01   1.4754085e+02
   1.5057213e+01   1.4754086e+02
   1.5066274e+01   1.4754087e+02
   1.5075335e+01   1.4754088e+02
   1.5084397e+01   1.4754089e+02
   1.5093458e+01   1.4754090e+02
   1.5102516e+01   1.4754091e+02
   1.5111574e+01   1.4754093e+02
   1.5120633e+01   1.4754094e+02
   1.5129691e+01   1.4754095e+02
   1.5138749e+01   1.4754096e+02
   1.5147807e+01   1.4754097e+02
   1.5156865e+01   1.4754098e+02
   1.5165924e+01   1.4754099e+02
   1.5174979e+01   1.4754100e+02
   1.5184034e+01   1.4754101e+02
   1.5193089e+01   1.4754102e+02
   1.5202144e+01   1.4754103e+02
   1.5211199e+01   1.4754104e+02
   1.5220254e+01   1.4754105e+02
   1.5229309e+01   1.4754106e+02
   1.5238364e+01   1.4754107e+02
   1.5247416e+01   1.4754109e+02
   1.5256468e+01   1.4754110e+02
   1.5265520e+01   1.4754111e+02
   1.5274572e+01   1.4754112e+02
   1.5283624e+01   1.4754113e+02
   1.5292676e+01   1.4754114e+02
   1.5301728e+01   1.4754115e+02
   1.5310780e+01   1.4754116e+02
   1.5319829e+01   1.4754117e+02
   1.5328878e+01   1.4754118e+02
   1.5337927e+01   1.4754119e+02
   1.5346976e+01   1.4754120e+02
   1.5356025e+01   1.4754121e+02
   1.5365074e+01   1.4754122e+02
   1.5374123e+01   1.4754123e+02
   1.5383171e+01   1.4754124e+02
   1.5392217e+01   1.4754126e+02
   1.5401263e+01   1.4754127e+02
   1.5410309e+01   1.4754128e+02
   1.5419354e+01   1.4754129e+02
   1.5428400e+01   1.4754130e+02
   1.5437446e+01   1.4754131e+02
   1.5446492e+01   1.4754132e+02
   1.5455537e+01   1.4754133e+02
   1.5464580e+01   1.4754134e+02
   1.5473623e+01   1.4754135e+02
   1.5482665e+01   1.4754136e+02
   1.5491708e+01   1.4754137e+02
   1.5500750e+01   1.4754138e+02
   1.5509793e+01   1.4754139e+02
   1.5518835e+01   1.4754140e+02
   1.5527878e+01   1.4754141e+02
   1.5536921e+01   1.4754143e+02
   1.5546531e+01   1.4754144e+02
   1.5557174e+01   1.4754145e+02
   1.5569652e+01   1.4754146e+02
   1.5585269e+01   1.4754148e+02
   1.5605905e+01   1.4754151e+02
   1.5633770e+01   1.4754154e+02
   1.5670625e+01   1.4754158e+02
   1.5716815e+01   1.4754164e+02
   1.5771053e+01   1.4754170e+02
   1.5831185e+01   1.4754177e+02
   1.5895142e+01   1.4754185e+02
   1.5961387e+01   1.4754192e+02
