         355
  -472036.031         222548.188    
  -472176.594         215179.250    
  -472312.375         208065.125    
  -472440.219         201376.828    
  -472554.250         195344.312    
  -472653.250         190206.922    
  -472731.188         186107.984    
  -472790.531         183008.797    
  -472833.281         180713.781    
  -472867.312         178976.922    
  -472894.719         177589.234    
  -472916.844         176405.594    
  -472936.750         175336.703    
  -472955.500         174331.156    
  -472975.875         173325.500    
  -472994.562         172319.750    
  -473013.281         171314.094    
  -473033.656         170308.594    
  -473052.406         169302.938    
  -473071.094         168297.188    
  -473089.844         167291.656    
  -473110.250         166286.062    
  -473129.000         165280.000    
  -473149.312         164274.094    
  -473168.062         163268.156    
  -473186.812         162262.203    
  -473205.531         161256.281    
  -473224.281         160250.266    
  -473244.656         159244.359    
  -473263.406         158238.344    
  -473283.750         157232.125    
  -473302.500         156225.797    
  -473321.250         155219.578    
  -473340.000         154213.250    
  -473358.750         153207.031    
  -473379.094         152200.750    
  -473397.844         151194.531    
  -473416.594         150188.219    
  -473435.344         149181.594    
  -473455.719         148175.125    
  -473474.500         147168.500    
  -473493.250         146161.875    
  -473513.625         145155.297    
  -473532.375         144148.797    
  -473551.156         143142.203    
  -473569.906         142135.484    
  -473590.281         141128.609    
  -473608.969         140121.812    
  -473627.719         139114.891    
  -473648.188         138107.906    
  -473666.938         137101.000    
  -473685.656         136094.109    
  -473704.344         135087.203    
  -473724.844         134080.359    
  -473743.594         133073.047    
  -473763.938         132065.875    
  -473782.688         131058.672    
  -473801.500         130051.359    
  -473820.250         129044.180    
  -473838.969         128036.984    
  -473859.344         127029.734    
  -473878.188         126022.555    
  -473898.500         125014.961    
  -473917.312         124007.461    
  -473936.062         122999.969    
  -473954.844         121992.273    
  -473973.594         120984.797    
  -473994.031         119977.242    
  -474012.812         118969.766    
  -474033.188         117962.203    
  -474051.938         116954.422    
  -474070.719         115946.414    
  -474089.469         114938.625    
  -474109.906         113930.766    
  -474128.688         112922.883    
  -474147.438         111914.992    
  -474167.875         110907.250    
  -474186.656         109899.266    
  -474205.344         108891.188    
  -474224.219         107882.883    
  -474244.562         106874.836    
  -474263.312         105866.555    
  -474283.812         104858.500    
  -474302.531         103850.203    
  -474321.344         102842.031    
  -474340.094         101833.977    
  -474358.875         100825.375    
  -474379.312         99816.9062    
  -474398.125         98808.4219    
  -474418.531         97799.8672    
  -474437.344         96791.3906    
  -474456.062         95782.9141    
  -474474.875         94774.4297    
  -474495.250         93765.9922    
  -474514.031         92757.0859    
  -474532.906         91748.3125    
  -474553.250         90739.4531    
  -474572.062         89730.6719    
  -474590.875         88721.8828    
  -474609.656         87713.0000    
  -474630.031         86704.1484    
  -474648.875         85695.4766    
  -474667.688         84686.2812    
  -474686.438         83677.1016    
  -474705.281         82668.0078    
  -474725.656         81658.8516    
  -474744.469         80649.6719    
  -474764.938         79640.6172    
  -474783.719         78631.4297    
  -474802.469         77622.2578    
  -474821.344         76612.8672    
  -474841.688         75603.3984    
  -474860.500         74593.9062    
  -474880.969         73584.5469    
  -474899.781         72575.0703    
  -474918.531         71565.5781    
  -474937.375         70556.1953    
  -474956.188         69546.7109    
  -474976.656         68536.9375    
  -474995.406         67527.1484    
  -475015.875         66517.3828    
  -475034.688         65507.5820    
  -475053.469         64497.8984    
  -475072.219         63488.1016    
  -475092.688         62478.2344    
  -475111.500         61468.5547    
  -475130.344         60458.4492    
  -475150.781         59448.3789    
  -475169.594         58438.2773    
  -475188.438         57428.1719    
  -475207.188         56418.0781    
  -475227.656         55408.0039    
  -475246.500         54397.9102    
  -475266.938         53387.7383    
  -475285.781         52377.4336    
  -475304.531         51367.0234    
  -475323.406         50356.6094    
  -475343.875         49346.2344    
  -475362.656         48335.7188    
  -475381.531         47325.4258    
  -475401.938         46314.9453    
  -475420.750         45304.6445    
  -475439.594         44293.8164    
  -475458.406         43282.9961    
  -475478.875         42272.4102    
  -475497.688         41261.5938    
  -475518.156         40250.9023    
  -475537.031         39240.1914    
  -475555.750         38229.4766    
  -475574.688         37218.7617    
  -475593.406         36207.6250    
  -475613.938         35196.6289    
  -475632.750         34185.4922    
  -475653.281         33174.4961    
  -475672.031         32163.4707    
  -475690.875         31152.4473    
  -475709.750         30141.3145    
  -475730.156         29130.3223    
  -475749.031         28118.8750    
  -475769.500         27107.5605    
  -475788.344         26096.3301    
  -475807.156         25084.8809    
  -475826.000         24073.5449    
  -475844.812         23062.1016    
  -475865.281         22050.7930    
  -475884.156         21039.3496    
  -475903.000         20027.6953    
  -475921.844         19016.0410    
  -475942.281         18004.3125    
  -475961.188         16992.6582    
  -475981.656         15981.0361    
  -476000.531         14969.2783    
  -476019.312         13957.6270    
  -476038.125         12945.9736    
  -476058.656         11933.8232    
  -476077.469         10921.8535    
  -476098.000         9909.91602    
  -476116.781         8897.94727    
  -476135.719         7885.87305    
  -476154.500         6873.79932    
  -476173.375         5861.83105    
  -476193.844         4849.89404    
  -476212.750         3837.50269    
  -476233.219         2825.14136    
  -476252.094         1812.85547    
  -476270.875         800.569946    
  -476289.812        -211.821487    
  -476310.219        -1224.07629    
  -476329.125        -2236.36206    
  -476349.625        -3248.82910    
  -476368.531        -4261.43262    
  -476387.312        -5274.14258    
  -476406.188        -6286.74658    
  -476425.094        -7299.45605    
  -476445.562        -8312.03027    
  -476464.438        -9324.74121    
  -476484.969        -10337.3145    
  -476503.750        -11350.0264    
  -476522.656        -12362.8438    
  -476541.469        -13375.8730    
  -476562.000        -14388.7676    
  -476580.875        -15401.7979    
  -476601.406        -16414.7969    
  -476620.250        -17427.7227    
  -476639.156        -18440.7539    
  -476657.969        -19453.7852    
  -476678.562        -20466.8945    
  -476697.406        -21480.2461    
  -476716.250        -22493.5977    
  -476736.812        -23506.8125    
  -476755.656        -24520.0586    
  -476774.500        -25533.4141    
  -476793.438        -26546.6602    
  -476813.906        -27559.9844    
  -476832.812        -28573.6582    
  -476853.281        -29587.0898    
  -476872.219        -30600.7656    
  -476891.125        -31614.3359    
  -476909.969        -32628.0117    
  -476930.500        -33641.5547    
  -476949.375        -34655.2344    
  -476969.906        -35668.7734    
  -476988.812        -36682.7734    
  -477007.656        -37696.6641    
  -477026.531        -38710.6641    
  -477045.375        -39724.5625    
  -477065.969        -40738.4258    
  -477084.875        -41752.4297    
  -477103.688        -42766.3242    
  -477122.594        -43780.2266    
  -477143.125        -44794.4141    
  -477162.031        -45808.7383    
  -477182.562        -46823.0352    
  -477201.469        -47837.2578    
  -477220.406        -48851.4805    
  -477239.250        -49865.7070    
  -477259.781        -50879.9023    
  -477278.625        -51894.2344    
  -477299.188        -52908.7461    
  -477318.094        -53923.2930    
  -477337.000        -54937.8438    
  -477355.844        -55952.5000    
  -477376.438        -56967.0234    
  -477395.312        -57981.5742    
  -477414.219        -58996.1328    
  -477434.750        -60010.7617    
  -477453.719        -61025.6367    
  -477472.625        -62040.6250    
  -477491.469        -63055.3945    
  -477512.031        -64070.3477    
  -477530.938        -65085.2344    
  -477551.469        -66099.9766    
  -477570.438        -67114.9609    
  -477589.281        -68129.8594    
  -477608.188        -69145.0625    
  -477628.781        -70160.2422    
  -477647.688        -71175.4531    
  -477668.250        -72190.7344    
  -477687.094        -73205.8438    
  -477706.062        -74221.1719    
  -477724.969        -75236.2812    
  -477745.500        -76251.5703    
  -477764.469        -77267.1094    
  -477785.000        -78282.5234    
  -477803.875        -79298.0625    
  -477822.844        -80313.7109    
  -477841.750        -81329.1562    
  -477860.656        -82344.7031    
  -477881.250        -83360.2344    
  -477900.156        -84375.6797    
  -477920.688        -85391.5156    
  -477939.656        -86407.3906    
  -477958.562        -87423.2734    
  -477977.469        -88439.1562    
  -477998.062        -89455.0156    
  -478017.000        -90470.7891    
  -478037.562        -91486.6406    
  -478056.500        -92502.5312    
  -478075.406        -93518.7422    
  -478094.312        -94534.8594    
  -478114.906        -95551.0391    
  -478133.875        -96567.2578    
  -478154.406        -97583.3438    
  -478173.375        -98599.5625    
  -478192.281        -99615.7891    
  -478211.188        -100631.898    
  -478231.781        -101648.422    
  -478250.750        -102664.867    
  -478269.719        -103681.430    
  -478290.188        -104697.836    
  -478309.156        -105714.297    
  -478328.125        -106730.961    
  -478347.062        -107747.414    
  -478367.625        -108763.859    
  -478386.594        -109780.734    
  -478405.531        -110797.523    
  -478424.500        -111814.312    
  -478445.062        -112831.188    
  -478464.031        -113847.977    
  -478484.594        -114864.742    
  -478503.531        -115881.531    
  -478522.500        -116898.445    
  -478541.438        -117915.570    
  -478562.031        -118932.656    
  -478580.969        -119949.797    
  -478601.625        -120966.891    
  -478620.531        -121984.023    
  -478639.469        -123001.164    
  -478658.406        -124018.305    
  -478679.062        -125035.414    
  -478697.969        -126052.891    
  -478718.625        -127070.328    
  -478737.531        -128087.789    
  -478756.500        -129105.266    
  -478775.469        -130122.742    
  -478794.375        -131140.125    
  -478815.031        -132157.688    
  -478834.000        -133175.078    
  -478854.594        -134192.844    
  -478873.562        -135210.672    
  -478892.531        -136228.375    
  -478911.500        -137246.188    
  -478932.125        -138263.906    
  -478951.062        -139281.828    
  -478971.688        -140299.609    
  -478990.656        -141317.344    
  -479009.625        -142335.406    
  -479028.531        -143353.562    
  -479049.188        -144371.688    
  -479068.156        -145389.641    
  -479088.812        -146407.797    
  -479107.719        -147425.953    
  -479126.688        -148443.938    
  -479145.719        -149462.109    
  -479166.312        -150480.469    
  -479185.312        -151498.984    
  -479205.969        -152517.375    
  -479224.875        -153535.781    
  -479243.844        -154554.297    
  -479262.875        -155572.719    
  -479283.531        -156590.984    
  -479302.438        -157609.547    
  -479323.062        -158627.922    
  -479343.281        -159710.516    
  -479365.594        -160909.797    
  -479391.844        -162316.391    
  -479426.312        -164077.625    
  -479471.344        -166405.750    
  -479531.562        -169550.641    
  -479610.781        -173711.406    
  -479709.594        -178926.844    
  -479827.031        -185051.531    
  -479956.906        -191842.516    
  -480096.500        -199065.750    
  -480239.281        -206547.828    
         419
  -480239.281        -206547.828    
  -472003.125        -206700.047    
  -463821.750        -206848.703    
  -455703.344        -206993.562    
  -447657.844        -207134.578    
  -439695.344        -207271.797    
  -431824.062        -207404.938    
  -424058.969        -207534.031    
  -416411.625        -207658.766    
  -408897.031        -207779.125    
  -401530.094        -207895.094    
  -394324.125        -208006.422    
  -387299.000        -208113.172    
  -380469.656        -208214.953    
  -373852.719        -208311.828    
  -367463.125        -208403.875    
  -361317.500        -208490.828    
  -355427.438        -208572.875    
  -349804.531        -208649.828    
  -344460.469        -208721.844    
  -339396.812        -208789.188    
  -334621.969        -208851.656    
  -330132.562        -208909.594    
  -325925.281        -208963.156    
  -321996.844        -209012.672    
  -318333.906        -209058.188    
  -314928.250        -209100.062    
  -311766.562        -209138.516    
  -308832.188        -209173.906    
  -306108.625        -209206.500    
  -303584.281        -209236.391    
  -301235.781        -209263.969    
  -299053.250        -209289.375    
  -297016.844        -209312.938    
  -295113.156        -209334.812    
  -293327.312        -209355.328    
  -291646.031        -209374.453    
  -290057.719        -209392.375    
  -288552.312        -209409.266    
  -287120.000        -209425.297    
  -285749.094        -209440.531    
  -284434.594        -209455.078    
  -283169.875        -209469.016    
  -281946.688        -209482.453    
  -280758.344        -209495.422    
  -279604.812        -209508.062    
  -278476.219        -209520.297    
  -277374.156        -209532.172    
  -276290.375        -209543.844    
  -275226.500        -209555.234    
  -274177.562        -209566.438    
  -273141.906        -209577.406    
  -272106.219        -209588.375    
  -271070.562        -209599.297    
  -270034.875        -209610.203    
  -268999.219        -209621.016    
  -267963.562        -209631.828    
  -266927.875        -209642.594    
  -265892.250        -209653.391    
  -264856.531        -209664.078    
  -263820.875        -209674.703    
  -262785.188        -209685.281    
  -261751.188        -209695.828    
  -260715.547        -209706.312    
  -259679.859        -209716.781    
  -258644.188        -209727.203    
  -257608.516        -209737.594    
  -256572.844        -209747.906    
  -255537.172        -209758.219    
  -254501.484        -209768.453    
  -253465.812        -209778.703    
  -252430.141        -209788.969    
  -251396.109        -209799.078    
  -250360.469        -209809.188    
  -249323.109        -209819.250    
  -248287.438        -209829.250    
  -247251.766        -209839.219    
  -246216.094        -209849.141    
  -245180.391        -209859.016    
  -244146.359        -209868.844    
  -243110.719        -209878.625    
  -242075.031        -209888.406    
  -241039.312        -209898.094    
  -240003.656        -209907.781    
  -238967.984        -209917.500    
  -237932.312        -209927.094    
  -236896.609        -209936.641    
  -235860.938        -209946.156    
  -234825.250        -209955.625    
  -233791.234        -209965.016    
  -232755.531        -209974.406    
  -231719.859        -209983.750    
  -230684.172        -209993.062    
  -229648.500        -210002.297    
  -228611.141        -210011.547    
  -227575.453        -210020.703    
  -226541.438        -210029.922    
  -225505.750        -210039.016    
  -224470.047        -210048.062    
  -223434.375        -210057.062    
  -222398.688        -210066.031    
  -221363.000        -210074.953    
  -220327.297        -210083.828    
  -219291.641        -210092.688    
  -218255.922        -210101.484    
  -217220.234        -210110.250    
  -216186.219        -210118.938    
  -215150.531        -210127.625    
  -214114.812        -210136.344    
  -213079.141        -210144.938    
  -212043.453        -210153.500    
  -211007.750        -210162.016    
  -209972.062        -210170.453    
  -208936.375        -210178.891    
  -207900.672        -210187.266    
  -206864.969        -210195.609    
  -205829.281        -210203.891    
  -204793.562        -210212.156    
  -203757.875        -210220.391    
  -202722.219        -210228.562    
  -201686.500        -210236.781    
  -200650.812        -210244.875    
  -199615.125        -210252.938    
  -198581.078        -210260.922    
  -197545.375        -210268.906    
  -196509.672        -210276.828    
  -195473.984        -210284.719    
  -194438.266        -210292.531    
  -193402.578        -210300.359    
  -192366.891        -210308.109    
  -191331.188        -210315.828    
  -190295.484        -210323.609    
  -189259.797        -210331.234    
  -188224.094        -210338.812    
  -187188.406        -210346.375    
  -186152.688        -210353.844    
  -185117.000        -210361.328    
  -184081.281        -210368.766    
  -183045.594        -210376.141    
  -182009.875        -210383.484    
  -180975.844        -210390.766    
  -179940.141        -210398.016    
  -178904.438        -210405.344    
  -177868.734        -210412.547    
  -176833.031        -210419.672    
  -175797.328        -210426.750    
  -174761.625        -210433.797    
  -173725.922        -210440.812    
  -172690.219        -210447.797    
  -171654.516        -210454.719    
  -170620.453        -210461.594    
  -169583.094        -210468.406    
  -168547.391        -210475.234    
  -167511.688        -210482.109    
  -166475.969        -210488.812    
  -165440.266        -210495.484    
  -164404.562        -210502.109    
  -163370.500        -210508.688    
  -162334.797        -210515.234    
  -161299.078        -210521.750    
  -160263.375        -210528.219    
  -159227.672        -210534.656    
  -158191.969        -210541.016    
  -157156.250        -210547.469    
  -156120.547        -210553.797    
  -155084.828        -210560.031    
  -154049.125        -210566.250    
  -153015.062        -210572.422    
  -151979.344        -210578.562    
  -150941.984        -210584.656    
  -149906.266        -210590.703    
  -148870.578        -210596.719    
  -147834.859        -210602.688    
  -146799.141        -210608.703    
  -145765.078        -210614.594    
  -144729.375        -210620.438    
  -143693.672        -210626.203    
  -142657.938        -210632.000    
  -141622.234        -210637.703    
  -140586.516        -210643.391    
  -139550.797        -210649.016    
  -138515.094        -210654.609    
  -137479.375        -210660.172    
  -136443.656        -210665.781    
  -135409.609        -210671.234    
  -134373.875        -210676.656    
  -133338.172        -210682.047    
  -132300.797        -210687.375    
  -131265.078        -210692.688    
  -130229.359        -210697.938    
  -129193.656        -210703.172    
  -128159.594        -210708.328    
  -127123.875        -210713.453    
  -126088.156        -210718.656    
  -125052.438        -210723.719    
  -124016.719        -210728.719    
  -122981.008        -210733.672    
  -121945.289        -210738.609    
  -120909.570        -210743.516    
  -119873.836        -210748.344    
  -118838.125        -210753.156    
  -117804.070        -210757.875    
  -116768.352        -210762.828    
  -115732.633        -210767.500    
  -114695.250        -210772.156    
  -113659.531        -210776.734    
  -112623.805        -210781.297    
  -111588.094        -210785.797    
  -110554.031        -210790.266    
  -109518.305        -210794.688    
  -108482.594        -210799.062    
  -107446.867        -210803.516    
  -106411.148        -210807.828    
  -105375.422        -210812.078    
  -104339.703        -210816.297    
  -103303.977        -210820.469    
  -102268.258        -210824.594    
  -101232.531        -210828.719    
  -100198.461        -210832.750    
  -99162.7422        -210836.750    
  -98127.0234        -210840.828    
  -97091.2969        -210844.750    
  -96053.9141        -210848.641    
  -95018.1875        -210852.500    
  -93982.4609        -210856.297    
  -92948.4062        -210860.031    
  -91912.6719        -210863.750    
  -90876.9453        -210867.453    
  -89841.2266        -210871.078    
  -88805.5078        -210874.781    
  -87769.7812        -210878.297    
  -86734.0469        -210881.844    
  -85698.3359        -210885.297    
  -84662.6016        -210888.734    
  -83626.8828        -210892.094    
  -82592.8125        -210895.453    
  -81557.0859        -210898.750    
  -80521.3594        -210902.125    
  -79485.6328        -210905.344    
  -78448.2500        -210908.516    
  -77412.5234        -210911.656    
  -76376.7969        -210914.734    
  -75342.7266        -210917.781    
  -74307.0000        -210920.797    
  -73271.2734        -210923.750    
  -72235.5469        -210926.719    
  -71199.8281        -210929.703    
  -70164.0938        -210932.500    
  -69128.3672        -210935.312    
  -68092.6406        -210938.094    
  -67056.9141        -210940.797    
  -66021.1797        -210943.484    
  -64987.1172        -210946.094    
  -63951.3906        -210948.703    
  -62915.6602        -210951.344    
  -61879.9297        -210953.875    
  -60842.5391        -210956.344    
  -59806.8164        -210958.781    
  -58771.0859        -210961.172    
  -57737.0156        -210963.484    
  -56701.2852        -210965.781    
  -55665.5547        -210968.078    
  -54629.8281        -210970.391    
  -53594.1016        -210972.547    
  -52558.3672        -210974.672    
  -51522.6406        -210976.797    
  -50486.9102        -210978.844    
  -49451.1836        -210980.859    
  -48415.4492        -210982.797    
  -47381.3828        -210984.750    
  -46345.6523        -210986.719    
  -45309.9219        -210988.578    
  -44274.1914        -210990.391    
  -43236.8047        -210992.125    
  -42201.0703        -210993.875    
  -41165.3398        -210995.516    
  -40131.2695        -210997.156    
  -39095.5391        -210998.750    
  -38059.8125        -211000.422    
  -37024.0820        -211001.938    
  -35988.3516        -211003.406    
  -34952.6172        -211004.844    
  -33916.8867        -211006.203    
  -32881.1562        -211007.547    
  -31845.4258        -211008.859    
  -30809.6934        -211010.219    
  -29775.6230        -211011.438    
  -28739.8926        -211012.609    
  -27704.1621        -211013.766    
  -26668.4297        -211014.844    
  -25631.0391        -211015.906    
  -24595.3066        -211016.922    
  -23559.5762        -211017.984    
  -22525.5039        -211018.891    
  -21489.7754        -211019.797    
  -20454.0410        -211020.641    
  -19418.3105        -211021.438    
  -18382.5801        -211022.203    
  -17346.8457        -211022.906    
  -16311.1152        -211023.609    
  -15275.3838        -211024.344    
  -14239.6523        -211024.922    
  -13203.9219        -211025.484    
  -12169.8486        -211025.984    
  -11134.1172        -211026.469    
  -10098.3857        -211026.875    
  -9060.99316        -211027.281    
  -8025.26172        -211027.734    
  -6989.53027        -211028.016    
  -5953.79785        -211028.281    
  -4919.72656        -211028.500    
  -3883.99438        -211028.688    
  -2848.26270        -211028.812    
  -1812.53076        -211028.922    
  -776.798950        -211029.047    
   258.932983        -211029.094    
   1294.66479        -211029.031    
   2330.39697        -211028.969    
   3366.12866        -211028.844    
   4401.85986        -211028.719    
   5435.93213        -211028.609    
   6471.66504        -211028.375    
   7507.39600        -211028.094    
   8544.78711        -211027.766    
   9580.52051        -211027.406    
   10616.2510        -211027.000    
   11651.9834        -211026.547    
   12686.0547        -211026.172    
   13721.7871        -211025.656    
   14757.5186        -211025.062    
   15793.2500        -211024.469    
   16828.9805        -211023.781    
   17869.6934        -211023.078    
   18912.0645        -211022.328    
   19952.7754        -211021.672    
   20995.1445        -211020.828    
   22035.8555        -211019.984    
   23078.2266        -211019.047    
   24118.9375        -211018.078    
   25159.6484        -211017.094    
   26213.6406        -211016.156    
   27267.6270        -211015.047    
   28319.9570        -211013.922    
   29373.9473        -211012.750    
   30426.2773        -211011.516    
   31478.6035        -211010.266    
   32532.5957        -211009.062    
   33584.9219        -211007.703    
   34650.5312        -211006.297    
   35714.4766        -211004.844    
   36780.0859        -211003.344    
   37844.0352        -211001.781    
   38909.6406        -211000.188    
   39973.5898        -210998.797    
   41039.1953        -210997.109    
   42103.1406        -210995.422    
   43180.3672        -210993.625    
   44255.9336        -210991.781    
   45331.5039        -210989.906    
   46408.7266        -210988.094    
   47484.2930        -210986.156    
   48561.5195        -210984.141    
   49637.0859        -210982.094    
   50714.3164        -210979.969    
   51803.1562        -210977.828    
   52890.3359        -210975.703    
   53977.5234        -210973.453    
   55066.3633        -210971.156    
   56153.5508        -210968.797    
   57242.3906        -210966.406    
   58329.5742        -210964.078    
   59418.4258        -210961.594    
   60517.2188        -210959.031    
   61617.6797        -210956.406    
   62716.4844        -210953.750    
   63816.9531        -210951.047    
   64915.7422        -210948.422    
   66014.5469        -210945.609    
   67115.0156        -210942.766    
   68215.4688        -210939.875    
   69325.8906        -210936.922    
   70437.9688        -210933.891    
   71548.3828        -210930.953    
   72658.8047        -210927.828    
   73770.8906        -210924.688    
   74882.9688        -210921.453    
   75993.3828        -210918.203    
   77105.4609        -210915.000    
   78215.8828        -210911.656    
   79354.5234        -210908.172    
   80528.0156        -210904.531    
   81747.9766        -210900.703    
   83022.7188        -210896.594    
   84368.8281        -210892.328    
   85807.8906        -210887.594    
   87358.1562        -210882.375    
   89049.5078        -210876.578    
   90916.7969        -210870.172    
   92998.2031        -210862.719    
   95336.8828        -210854.281    
   97982.6328        -210844.359    
   100990.219        -210832.719    
   104411.094        -210819.203    
   108296.703        -210803.234    
   112690.219        -210784.406    
   117623.164        -210762.453    
   123112.141        -210736.891    
   129158.812        -210707.359    
   135746.562        -210673.703    
   142842.219        -210635.438    
   150400.922        -210592.500    
   158372.906        -210544.906    
   166706.719        -210492.516    
   175347.547        -210435.344    
   184248.953        -210373.406    
   193361.141        -210306.703    
   202649.234        -210235.500    
   212078.359        -210159.797    
   221620.312        -210079.672    
         355
   221620.312        -210079.672    
   221565.891        -202596.656    
   221510.344        -195372.406    
   221460.172        -188580.562    
   221414.094        -182455.125    
   221375.844        -177239.031    
   221345.031        -173077.859    
   221321.250        -169932.438    
   221304.547        -167604.000    
   221291.047        -165842.688    
   221280.578        -164435.844    
   221271.906        -163236.516    
   221264.250        -162153.734    
   221255.484        -161135.141    
   221248.375        -160116.562    
   221241.281        -159097.969    
   221232.516        -158079.609    
   221225.406        -157061.016    
   221218.312        -156042.453    
   221209.531        -155023.891    
   221202.438        -154005.328    
   221195.312        -152986.750    
   221186.547        -151968.641    
   221179.422        -150950.281    
   221172.328        -149932.062    
   221165.203        -148913.812    
   221158.125        -147895.594    
   221149.359        -146877.375    
   221142.234        -145859.156    
   221135.156        -144840.938    
   221126.391        -143823.062    
   221119.281        -142805.062    
   221112.188        -141787.281    
   221103.391        -140769.312    
   221096.297        -139751.312    
   221089.188        -138733.547    
   221080.422        -137715.578    
   221073.344        -136697.719    
   221066.219        -135680.062    
   221059.125        -134662.516    
   221050.375        -133644.891    
   221043.281        -132627.344    
   221036.156        -131609.719    
   221027.406        -130592.180    
   221020.312        -129574.562    
   221013.219        -128557.031    
   221004.453        -127539.734    
   220997.359        -126522.430    
   220990.266        -125505.234    
   220981.484        -124487.836    
   220974.375        -123470.656    
   220967.281        -122453.477    
   220960.172        -121436.062    
   220953.078        -120418.898    
   220944.328        -119401.953    
   220937.234        -118384.977    
   220930.141        -117368.016    
   220921.391        -116351.078    
   220914.297        -115334.117    
   220907.188        -114317.281    
   220898.438        -113300.344    
   220891.344        -112283.297    
   220884.250        -111266.664    
   220875.484        -110250.062    
   220868.391        -109233.438    
   220861.297        -108216.828    
   220854.203        -107200.227    
   220845.469        -106183.633    
   220838.359        -105167.023    
   220831.266        -104150.414    
   220822.516        -103134.141    
   220815.422        -102117.750    
   220808.328        -101101.484    
   220799.547        -100085.227    
   220792.484        -99068.8438    
   220785.406        -98052.5625    
   220776.625        -97036.3125    
   220769.531        -96019.9453    
   220762.438        -95003.9844    
   220755.344        -93987.9453    
   220748.266        -92972.0156    
   220739.516        -91956.0859    
   220732.422        -90940.0391    
   220725.312        -89924.0078    
   220716.578        -88908.0859    
   220709.500        -87892.0547    
   220702.391        -86876.4453    
   220693.656        -85860.7422    
   220686.562        -84845.0312    
   220679.469        -83829.5469    
   220670.734        -82813.8516    
   220663.641        -81798.1406    
   220656.562        -80782.5469    
   220649.469        -79766.8438    
   220640.719        -78751.4844    
   220633.641        -77736.2188    
   220626.547        -76720.7344    
   220617.812        -75705.4766    
   220610.703        -74690.1094    
   220603.625        -73674.8438    
   220594.891        -72659.4922    
   220587.812        -71644.2344    
   220580.719        -70629.0781    
   220571.984        -69614.1562    
   220564.891        -68599.0078    
   220557.812        -67584.0781    
   220549.078        -66569.0547    
   220543.641        -65554.0000    
   220534.875        -64539.0859    
   220527.828        -63523.9453    
   220520.734        -62509.3359    
   220512.000        -61494.6367    
   220504.938        -60479.8164    
   220497.828        -59465.2148    
   220489.094        -58450.5195    
   220482.016        -57435.7109    
   220474.922        -56421.1055    
   220466.203        -55406.4180    
   220459.125        -54392.0352    
   220452.016        -53377.6484    
   220443.281        -52363.2930    
   220436.203        -51348.9102    
   220429.125        -50334.5273    
   220422.047        -49320.1484    
   220413.312        -48305.7891    
   220406.234        -47291.4141    
   220399.141        -46277.3594    
   220390.406        -45263.3203    
   220383.328        -44249.2656    
   220376.250        -43235.2109    
   220367.531        -42221.1758    
   220360.453        -41207.1250    
   220353.359        -40193.0781    
   220344.609        -39179.0469    
   220337.562        -38165.2070    
   220330.484        -37151.4805    
   220323.406        -36137.7539    
   220316.312        -35124.0273    
   220307.609        -34110.2109    
   220300.516        -33096.4844    
   220293.438        -32082.7637    
   220284.703        -31069.1621    
   220277.625        -30055.6504    
   220270.547        -29042.2500    
   220261.828        -28028.7559    
   220254.750        -27015.4609    
   220247.672        -26001.9531    
   220238.938        -24988.5645    
   220231.859        -23975.0586    
   220224.812        -22961.7676    
   220217.734        -21948.5801    
   220209.000        -20935.5156    
   220201.922        -19922.4375    
   220194.844        -18909.3594    
   220186.141        -17896.2949    
   220179.062        -16883.1113    
   220171.969        -15870.0332    
   220163.266        -14856.9717    
   220156.188        -13844.1064    
   220149.109        -12831.4541    
   220140.422        -11818.6035    
   220133.344        -10805.8477    
   220126.250        -9792.98438    
   220119.172        -8780.33398    
   220112.094        -7767.47070    
   220103.391        -6754.72852    
   220096.312        -5742.29053    
   220089.234        -4729.74609    
   220080.516        -3717.32251    
   220073.438        -2704.99072    
   220066.391        -1692.44690    
   220057.672        -680.023438    
   220050.609         332.414246    
   220043.531         1344.95801    
   220034.797         2357.06348    
   220027.750         3369.18286    
   220020.672         4381.30273    
   220013.609         5393.42334    
   220004.891         6405.63477    
   219997.812         7417.75439    
   219990.766         8429.87500    
   219982.047         9441.98145    
   219974.969         10453.7842    
   219967.891         11465.5869    
   219959.188         12477.4834    
   219952.109         13489.2861    
   219945.031         14501.0889    
   219936.312         15512.8799    
   219929.297         16524.6836    
   219922.219         17536.5957    
   219913.500         18547.9629    
   219908.062         19559.5703    
   219899.344         20571.0469    
   219892.297         21582.5332    
   219885.219         22594.0234    
   219876.516         23605.4980    
   219869.453         24617.0957    
   219862.375         25628.5879    
   219853.688         26639.7461    
   219846.609         27650.9199    
   219839.547         28662.0977    
   219830.828         29673.2598    
   219823.781         30684.4336    
   219816.719         31695.6133    
   219808.016         32706.7773    
   219800.953         33717.9531    
   219793.875         34728.9219    
   219786.812         35739.6797    
   219778.109         36750.5273    
   219771.047         37761.3945    
   219763.984         38772.2578    
   219755.297         39783.2188    
   219748.219         40793.9805    
   219741.172         41804.8477    
   219732.453         42815.3828    
   219725.375         43825.9336    
   219718.359         44836.4883    
   219709.641         45847.0312    
   219702.594         46857.4844    
   219695.516         47868.1367    
   219688.469         48878.5977    
   219681.391         49889.2578    
   219672.719         50899.3750    
   219665.641         51909.6250    
   219658.578         52919.8711    
   219649.875         53929.9961    
   219642.828         54940.2500    
   219635.750         55950.4922    
   219627.078         56960.7344    
   219620.000         57970.8789    
   219612.938         58980.9219    
   219604.234         59990.7383    
   219597.172         61000.6758    
   219588.484         62010.4922    
   219583.078         63020.4453    
   219574.391         64030.3750    
   219567.312         65040.3203    
   219560.250         66050.1641    
   219551.562         67059.7812    
   219544.484         68069.3047    
   219537.469         69078.9375    
   219528.766         70088.4531    
   219521.719         71098.0859    
   219514.641         72107.6172    
   219505.953         73117.2500    
   219498.906         74126.7812    
   219491.844         75136.1094    
   219483.141         76145.3125    
   219476.094         77154.6406    
   219469.062         78163.8672    
   219461.984         79173.2109    
   219454.938         80182.4297    
   219446.250         81191.7578    
   219439.203         82200.8906    
   219432.156         83209.9062    
   219423.453         84218.8125    
   219416.391         85227.8438    
   219409.344         86236.7578    
   219400.641         87245.6719    
   219393.625         88254.6094    
   219384.922         89263.5156    
   219377.859         90272.5547    
   219370.797         91281.0781    
   219362.109         92289.7812    
   219356.703         93298.3047    
   219348.016         94307.0234    
   219340.969         95315.6562    
   219333.906         96324.2891    
   219325.219         97332.8906    
   219318.188         98341.5312    
   219311.141         99349.8438    
   219302.453         100358.047    
   219295.406         101366.484    
   219288.359         102374.703    
   219279.672         103383.109    
   219272.609         104391.344    
   219265.562         105399.680    
   219256.875         106407.992    
   219249.844         107415.898    
   219242.797         108424.039    
   219235.734         109431.953    
   219228.672         110439.875    
   219220.016         111447.992    
   219212.953         112455.930    
   219205.922         113463.859    
   219197.219         114471.992    
   219190.203         115479.602    
   219181.516         116487.219    
   219174.453         117494.945    
   219167.406         118502.562    
   219158.703         119510.188    
   219151.703         120517.820    
   219144.656         121525.672    
   219135.969         122533.289    
   219128.922         123540.625    
   219121.875         124547.945    
   219114.844         125555.375    
   219107.797         126562.703    
   219099.125         127570.039    
   219092.062         128577.375    
   219085.000         129584.719    
   219076.344         130592.156    
   219069.312         131599.188    
   219062.266         132606.219    
   219053.594         133613.141    
   219046.531         134620.172    
   219039.500         135627.203    
   219030.828         136634.250    
   219023.781         137641.312    
   219016.734         138648.359    
   219009.703         139654.984    
   219002.656         140661.734    
   218993.969         141668.469    
   218986.969         142675.219    
   218978.266         143681.844    
   218971.219         144688.609    
   218964.172         145695.375    
   218955.516         146702.016    
   218948.484         147708.484    
   218941.422         148714.922    
   218932.766         149721.266    
   218925.719         150727.719    
   218918.688         151734.078    
   218910.000         152740.531    
   218902.953         153746.891    
   218895.922         154753.266    
   218888.875         155759.328    
   218881.844         156765.484    
   218873.188         157771.531    
   218866.156         158777.594    
   218859.109         159783.672    
   218850.422         160789.734    
   218843.422         161795.906    
   218836.359         162801.891    
   218827.703         163807.656    
   218820.656         164813.531    
   218813.625         165819.219    
   218804.953         166824.984    
   218797.922         167830.672    
   218790.891         168836.547    
   218782.203         169842.234    
   218775.172         170848.016    
   218768.141         171853.828    
   218760.547         172922.766    
   218750.359         174106.547    
   218740.031         175494.438    
   218726.688         177231.562    
   218710.188         179526.875    
   218686.703         182626.406    
   218656.266         186725.875    
   218618.484         191863.891    
   218573.000         197897.328    
   218521.844         204586.547    
   218470.266         211701.469    
   218413.250         219071.234    
         419
   218413.250         219071.234    
   209026.906         218992.547    
   199751.547         218918.016    
   190613.250         218847.984    
   181647.953         218782.422    
   172893.156         218721.453    
   164391.328         218665.125    
   156193.078         218613.562    
   148348.969         218566.797    
   140912.922         218524.641    
   133933.812         218487.094    
   127454.172         218453.844    
   121504.969         218424.812    
   116104.172         218399.672    
   111251.758         218378.109    
   106929.805         218359.578    
   103105.648         218343.953    
   99741.7812         218330.594    
   96782.6641         218319.328    
   94179.3750         218309.594    
   91879.6562         218301.266    
   89831.2812         218293.906    
   87996.7344         218287.562    
   86330.2969         218281.953    
   84805.8594         218276.797    
   83392.4062         218272.203    
   82067.0859         218267.859    
   80811.9531         218263.938    
   79612.3125         218260.125    
   78458.3672         218256.516    
   77337.0781         218253.203    
   76243.5312         218249.891    
   75151.6016         218246.719    
   74058.0547         218243.500    
   72964.5078         218240.312    
   71870.9531         218237.312    
   70779.0391         218234.203    
   69685.4844         218231.297    
   68591.9375         218228.312    
   67498.3750         218225.375    
   66417.8750         218222.594    
   65334.1250         218219.781    
   64253.6328         218217.047    
   63171.5078         218214.438    
   62089.3789         218211.750    
   61007.2422         218209.234    
   59926.7578         218206.625    
   58844.6289         218204.094    
   57773.9258         218201.719    
   56703.2266         218199.297    
   55634.1523         218197.047    
   54563.4570         218194.734    
   53492.7500         218192.422    
   52423.6797         218190.312    
   51352.9766         218188.109    
   50282.2734         218185.953    
   49223.0000         218184.000    
   48165.3516         218181.969    
   47106.0742         218179.969    
   46046.7930         218178.125    
   44987.5195         218176.203    
   43928.2383         218174.469    
   42870.5977         218172.656    
   41811.3164         218170.875    
   40763.4648         218169.250    
   39717.2422         218167.594    
   38669.3906         218165.984    
   37621.5391         218164.609    
   36573.6836         218163.094    
   35525.8320         218161.578    
   34479.6094         218160.234    
   33431.7578         218158.844    
   32395.3262         218157.609    
   31358.9004         218156.297    
   30324.1055         218155.031    
   29287.6758         218153.922    
   28251.2441         218152.750    
   27214.8203         218151.594    
   26180.0234         218150.625    
   25143.5938         218149.578    
   24118.5918         218148.594    
   23095.2207         218147.734    
   22070.2188         218146.797    
   21045.2148         218145.953    
   20020.2109         218145.234    
   18996.8398         218144.438    
   17971.8359         218143.812    
   16948.4648         218143.078    
   15928.3584         218142.422    
   14909.8838         218141.891    
   13891.4082         218141.312    
   12872.9355         218140.781    
   11852.8271         218140.406    
   10834.3535         218139.953    
   9815.87793         218139.516    
   8797.40234         218139.266    
   7777.29541         218138.938    
   6758.82129         218138.609    
   5740.34619         218138.469    
   4721.87109         218138.250    
   3703.39648         218138.078    
   2683.28931         218138.078    
   1664.81470         218138.000    
   646.339783         218137.953    
  -372.135040         218138.047    
  -1392.24207         218138.078    
  -2410.71680         218138.172    
  -3429.19189         218138.375    
  -4447.66650         218138.562    
  -5467.77344         218138.734    
  -6484.61621         218139.094    
  -7504.72363         218139.391    
  -8523.19727         218139.672    
  -9541.67285         218140.172    
  -10560.1475         218140.578    
  -11578.6230         218141.016    
  -12598.7295         218141.609    
  -13617.2041         218142.125    
  -14635.6777         218142.703    
  -15654.1523         218143.422    
  -16674.2617         218144.078    
  -17692.7344         218144.750    
  -18711.2090         218145.578    
  -19729.6836         218146.375    
  -20749.7910         218147.172    
  -21768.2637         218148.266    
  -22786.7383         218149.156    
  -23805.2148         218150.094    
  -24823.6875         218151.172    
  -25842.1641         218152.203    
  -26860.6367         218153.234    
  -27880.7441         218154.453    
  -28899.2168         218155.609    
  -29917.6934         218156.781    
  -30936.1660         218158.016    
  -31956.2734         218159.375    
  -32974.7461         218160.688    
  -33993.2188         218162.031    
  -35011.6953         218163.547    
  -36031.8008         218164.969    
  -37050.2734         218166.422    
  -38068.7461         218168.047    
  -39087.2188         218169.594    
  -40105.6953         218171.188    
  -41125.8008         218172.922    
  -42144.2695         218174.594    
  -43162.7461         218176.328    
  -44181.2188         218178.172    
  -45201.3320         218180.000    
  -46218.1641         218181.812    
  -47238.2695         218183.703    
  -48256.7461         218185.734    
  -49275.2188         218187.703    
  -50293.6875         218189.703    
  -51312.1641         218191.844    
  -52332.2695         218193.938    
  -53350.7461         218196.047    
  -54369.2109         218198.312    
  -55387.6875         218200.531    
  -56407.7930         218202.781    
  -57426.2617         218205.188    
  -58444.7383         218207.516    
  -59463.2148         218209.891    
  -60483.3203         218212.312    
  -61501.7852         218214.875    
  -62520.2617         218217.359    
  -63538.7305         218219.922    
  -64557.1992         218222.594    
  -65577.3047         218225.203    
  -66594.1484         218227.859    
  -67614.2500         218230.656    
  -68632.7188         218233.406    
  -69651.1953         218236.188    
  -70669.6641         218239.016    
  -71689.7734         218241.984    
  -72708.2422         218244.891    
  -73726.7188         218247.828    
  -74745.1797         218250.922    
  -75763.6484         218253.969    
  -76783.7578         218257.031    
  -77802.2188         218260.125    
  -78820.6953         218263.375    
  -79839.1641         218266.594    
  -80859.2656         218269.828    
  -81877.7422         218273.172    
  -82896.2109         218276.516    
  -83914.6719         218279.844    
  -84934.7734         218283.266    
  -85951.6172         218286.812    
  -86970.0859         218290.281    
  -87990.1875         218293.797    
  -89008.6562         218297.469    
  -90027.1250         218301.078    
  -91045.5938         218304.719    
  -92065.6953         218308.406    
  -93084.1641         218312.344    
  -94102.6328         218316.094    
  -95121.1016         218319.922    
  -96139.5625         218323.844    
  -97159.6719         218327.734    
  -98178.1406         218331.688    
  -99196.6016         218335.641    
  -100215.070         218339.781    
  -101235.172         218343.828    
  -102252.016         218347.922    
  -103272.109         218352.172    
  -104290.570         218356.344    
  -105310.680         218360.562    
  -106327.508         218364.812    
  -107345.977         218369.203    
  -108366.070         218373.547    
  -109384.539         218377.938    
  -110403.008         218382.359    
  -111421.477         218386.938    
  -112441.578         218391.453    
  -113460.047         218395.984    
  -114478.500         218400.688    
  -115496.961         218405.312    
  -116515.438         218409.953    
  -117535.523         218414.672    
  -118554.000         218419.531    
  -119572.469         218424.328    
  -120590.922         218429.141    
  -121611.031         218434.016    
  -122627.859         218439.031    
  -123647.953         218444.000    
  -124666.422         218449.000    
  -125684.883         218454.031    
  -126703.352         218459.203    
  -127721.789         218464.328    
  -128741.898         218469.484    
  -129760.367         218474.797    
  -130778.836         218480.031    
  -131797.281         218485.328    
  -132817.391         218490.656    
  -133835.859         218496.141    
  -134854.312         218501.516    
  -135872.781         218506.984    
  -136891.219         218512.453    
  -137911.328         218518.109    
  -138928.172         218523.656    
  -139948.250         218529.266    
  -140966.719         218534.938    
  -141985.172         218540.734    
  -143003.641         218546.453    
  -144022.078         218552.234    
  -145042.188         218558.047    
  -146060.641         218564.000    
  -147079.109         218569.875    
  -148097.562         218575.859    
  -149117.656         218581.828    
  -150136.125         218587.938    
  -151154.578         218594.000    
  -152173.031         218600.094    
  -153191.484         218606.266    
  -154211.578         218612.547    
  -155228.406         218618.750    
  -156248.484         218625.031    
  -157266.953         218631.328    
  -158287.047         218637.812    
  -159303.859         218644.188    
  -160322.328         218650.609    
  -161342.422         218657.078    
  -162360.859         218663.719    
  -163379.328         218670.266    
  -164397.781         218676.859    
  -165417.859         218683.500    
  -166436.328         218690.266    
  -167454.781         218696.984    
  -168473.234         218703.734    
  -169491.688         218710.531    
  -170511.781         218717.609    
  -171530.219         218724.484    
  -172548.688         218731.406    
  -173567.156         218738.375    
  -174587.234         218745.469    
  -175604.047         218752.531    
  -176622.500         218759.609    
  -177642.578         218766.734    
  -178661.031         218774.000    
  -179679.484         218781.203    
  -180697.938         218788.438    
  -181718.031         218795.766    
  -182736.469         218803.188    
  -183754.938         218810.562    
  -184773.375         218817.953    
  -185791.844         218825.422    
  -186811.938         218832.906    
  -187830.375         218840.562    
  -188848.797         218848.125    
  -189867.266         218855.750    
  -190885.703         218863.438    
  -191904.172         218871.219    
  -192922.609         218878.969    
  -193942.703         218886.750    
  -194961.141         218894.578    
  -195979.578         218902.516    
  -196998.047         218910.422    
  -198016.500         218918.391    
  -199036.578         218926.375    
  -200055.000         218934.516    
  -201073.469         218942.594    
  -202091.906         218950.688    
  -203111.969         218958.844    
  -204130.438         218967.031    
  -205147.250         218975.359    
  -206167.328         218983.641    
  -207185.781         218991.938    
  -208205.828         219000.344    
  -209222.656         219008.812    
  -210242.734         219017.281    
  -211261.172         219025.750    
  -212279.609         219034.266    
  -213298.047         219042.812    
  -214316.500         219051.531    
  -215336.594         219060.188    
  -216355.031         219068.828    
  -217373.484         219077.578    
  -218391.922         219086.453    
  -219410.344         219095.266    
  -220430.422         219104.109    
  -221448.875         219113.000    
  -222467.312         219121.922    
  -223485.734         219131.016    
  -224505.812         219140.016    
  -225522.625         219149.078    
  -226541.062         219158.156    
  -227561.125         219167.406    
  -228579.562         219176.562    
  -229598.016         219185.797    
  -230616.453         219195.016    
  -231634.875         219204.344    
  -232654.969         219213.781    
  -233673.391         219223.156    
  -234691.844         219232.594    
  -235710.281         219242.047    
  -236730.312         219251.672    
  -237748.781         219261.219    
  -238765.578         219270.766    
  -239785.641         219280.422    
  -240804.109         219290.078    
  -241822.531         219299.875    
  -242840.969         219309.656    
  -243861.000         219319.453    
  -244879.438         219329.266    
  -245897.891         219339.141    
  -246916.328         219349.141    
  -247934.750         219359.094    
  -248954.812         219369.109    
  -249973.250         219379.125    
  -250991.656         219389.219    
  -252010.109         219399.438    
  -253028.516         219409.578    
  -254048.578         219419.812    
  -255065.406         219430.000    
  -256085.469         219440.422    
  -257103.875         219450.750    
  -258122.328         219461.109    
  -259140.734         219471.516    
  -260159.172         219481.938    
  -261179.219         219492.547    
  -262197.625         219503.078    
  -263216.062         219513.641    
  -264234.500         219524.266    
  -265252.938         219534.891    
  -266273.000         219545.812    
  -267291.406         219556.547    
  -268309.812         219567.312    
  -269328.281         219578.125    
  -270359.750         219589.109    
  -271407.562         219600.406    
  -272471.688         219611.859    
  -273557.031         219623.547    
  -274666.812         219635.547    
  -275802.781         219647.906    
  -276971.344         219660.766    
  -278174.188         219673.969    
  -279419.500         219687.656    
  -280712.094         219701.984    
  -282060.188         219717.047    
  -283470.312         219732.812    
  -284950.594         219749.406    
  -286512.500         219767.141    
  -288165.812         219785.891    
  -289921.906         219805.906    
  -291795.531         219827.562    
  -293798.094         219850.703    
  -295947.562         219875.750    
  -298255.312         219902.922    
  -300740.938         219932.297    
  -303419.156         219964.359    
  -306306.281         219999.109    
  -309415.375         220037.000    
  -312766.000         220078.172    
  -316367.969         220123.016    
  -320234.312         220171.703    
  -324371.562         220224.469    
  -328787.906         220281.422    
  -333486.594         220342.938    
  -338465.938         220409.094    
  -343724.406         220480.016    
  -349253.750         220555.750    
  -355049.094         220636.453    
  -361094.125         220722.000    
  -367380.688         220812.516    
  -373889.188         220907.844    
  -380608.219         221008.031    
  -387519.719         221113.016    
  -394605.906         221222.531    
  -401853.625         221336.562    
  -409246.531         221455.141    
  -416768.312         221577.891    
  -424409.219         221704.859    
  -432151.281         221835.844    
  -439984.656         221970.781    
  -447899.656         222109.562    
  -455884.781         222252.109    
  -463933.500         222398.297    
  -472036.031         222548.188    
