         383
  -259809.844         251579.281    
  -259891.469         244107.609    
  -259970.953         236848.969    
  -260045.375         229923.562    
  -260116.312         223493.375    
  -260178.672         217743.078    
  -260232.359         212833.281    
  -260275.062         208837.031    
  -260310.500         205704.859    
  -260336.938         203288.312    
  -260357.953         201402.844    
  -260373.609         199879.547    
  -260388.500         198589.594    
  -260400.250         197444.500    
  -260411.109         196387.250    
  -260421.422         195382.438    
  -260433.406         194377.641    
  -260445.344         193372.844    
  -260455.641         192368.125    
  -260465.969         191363.328    
  -260476.281         190358.422    
  -260488.266         189353.641    
  -260500.234         188348.875    
  -260510.562         187344.172    
  -260520.875         186339.078    
  -260531.203         185333.891    
  -260543.156         184328.828    
  -260555.125         183323.766    
  -260565.453         182318.656    
  -260575.766         181313.500    
  -260586.094         180308.422    
  -260598.062         179303.359    
  -260610.016         178297.891    
  -260620.344         177292.500    
  -260630.656         176287.047    
  -260640.984         175281.672    
  -260652.953         174276.125    
  -260664.906         173270.766    
  -260675.234         172265.312    
  -260685.578         171259.953    
  -260695.906         170254.172    
  -260707.875         169248.422    
  -260719.828         168242.688    
  -260730.172         167236.938    
  -260740.500         166231.172    
  -260750.812         165225.547    
  -260762.797         164219.688    
  -260774.766         163213.969    
  -260785.094         162208.016    
  -260795.438         161201.875    
  -260807.406         160195.844    
  -260817.734         159189.688    
  -260829.703         158183.672    
  -260840.031         157177.750    
  -260850.391         156171.594    
  -260862.359         155165.594    
  -260872.703         154159.156    
  -260884.656         153152.828    
  -260895.000         152146.375    
  -260905.297         151140.047    
  -260917.297         150133.625    
  -260927.625         149127.203    
  -260937.984         148120.891    
  -260948.297         147114.453    
  -260960.281         146107.844    
  -260972.281         145101.125    
  -260982.594         144094.406    
  -260992.922         143087.781    
  -261003.281         142081.062    
  -261015.281         141074.359    
  -261027.250         140067.656    
  -261037.594         139061.047    
  -261047.953         138053.922    
  -261059.922         137046.906    
  -261070.250         136039.891    
  -261082.219         135032.891    
  -261092.578         134025.906    
  -261102.922         133018.766    
  -261114.906         132011.906    
  -261125.250         131004.883    
  -261137.250         129997.578    
  -261147.578         128990.156    
  -261157.922         127982.852    
  -261169.922         126975.555    
  -261180.281         125968.148    
  -261192.250         124960.875    
  -261202.578         123953.562    
  -261212.922         122946.273    
  -261224.922         121938.477    
  -261235.281         120930.875    
  -261247.250         119923.172    
  -261257.609         118915.570    
  -261267.953         117907.961    
  -261279.938         116900.289    
  -261290.312         115892.586    
  -261302.312         114884.906    
  -261312.656         113877.000    
  -261323.016         112869.109    
  -261334.984         111861.008    
  -261345.359         110853.117    
  -261357.344         109845.133    
  -261367.688         108837.133    
  -261378.047         107829.141    
  -261390.047         106821.273    
  -261402.016         105812.867    
  -261412.375         104804.688    
  -261422.750         103796.258    
  -261433.094         102788.078    
  -261445.094         101779.688    
  -261457.078         100771.523    
  -261467.453         99763.1328    
  -261477.812         98754.9453    
  -261488.188         97746.2266    
  -261500.156         96737.6484    
  -261510.531         95729.0469    
  -261520.859         94720.4453    
  -261532.891         93711.8750    
  -261544.891         92703.1875    
  -261555.250         91694.7188    
  -261565.594         90686.0156    
  -261575.969         89677.0000    
  -261587.969         88668.2266    
  -261599.984         87659.2344    
  -261610.328         86650.3359    
  -261620.703         85641.3359    
  -261632.703         84632.4609    
  -261643.062         83623.5703    
  -261655.062         82614.5938    
  -261665.438         81605.3906    
  -261675.797         80596.0781    
  -261687.797         79586.7891    
  -261698.203         78577.5938    
  -261710.203         77568.4141    
  -261720.547         76559.1094    
  -261730.906         75549.9297    
  -261742.906         74540.6406    
  -261753.281         73531.1328    
  -261765.281         72521.5391    
  -261775.688         71511.9297    
  -261786.047         70502.4297    
  -261798.047         69492.8438    
  -261808.422         68483.1328    
  -261820.422         67473.6562    
  -261830.812         66464.0547    
  -261841.188         65454.2383    
  -261853.219         64444.3438    
  -261865.219         63434.4492    
  -261875.594         62424.6367    
  -261885.953         61414.6172    
  -261896.328         60404.7148    
  -261908.359         59394.9297    
  -261920.359         58385.0391    
  -261930.734         57374.8164    
  -261941.125         56364.5938    
  -261953.141         55354.3906    
  -261963.531         54344.1719    
  -261975.531         53333.9727    
  -261985.906         52323.8633    
  -261996.281         51313.5469    
  -262008.312         50303.3477    
  -262018.688         49292.9219    
  -262029.078         48282.2891    
  -262041.078         47271.8828    
  -262051.453         46261.2539    
  -262063.484         45250.7422    
  -262073.891         44240.2188    
  -262084.250         43229.6992    
  -262096.266         42219.1953    
  -262106.656         41208.3555    
  -262118.688         40197.5312    
  -262129.094         39186.5898    
  -262139.438         38175.8594    
  -262151.469         37164.9375    
  -262163.531         36154.1172    
  -262173.875         35143.2852    
  -262184.281         34132.4531    
  -262194.625         33121.2031    
  -262206.688         32110.1738    
  -262218.719         31098.9355    
  -262229.094         30087.7910    
  -262239.500         29076.5371    
  -262251.500         28065.5176    
  -262261.906         27054.2656    
  -262273.938         26043.1387    
  -262284.312         25031.5703    
  -262294.750         24020.1074    
  -262306.750         23008.6660    
  -262317.156         21997.0996    
  -262329.188         20985.6602    
  -262339.594         19974.3066    
  -262349.969         18962.7422    
  -262362.000         17951.3008    
  -262372.406         16939.4199    
  -262384.469         15927.6631    
  -262394.844         14915.7812    
  -262405.219         13904.0078    
  -262417.281         12892.1445    
  -262429.312         11880.3887    
  -262439.688         10868.6162    
  -262450.094         9856.73730    
  -262462.125         8844.66309    
  -262472.531         7832.57275    
  -262484.594         6820.49951    
  -262494.969         5808.30273    
  -262505.375         4796.10693    
  -262517.438         3784.03418    
  -262527.812         2771.94482    
  -262538.219         1759.85498    
  -262550.250         747.358276    
  -262560.688        -265.049347    
  -262572.688        -1277.43994    
  -262583.094        -2289.95361    
  -262593.531        -3302.46753    
  -262605.562        -4314.85840    
  -262615.969        -5327.37256    
  -262628.000        -6339.76416    
  -262638.406        -7352.59570    
  -262648.812        -8365.32227    
  -262660.844        -9378.13770    
  -262672.875        -10390.8477    
  -262683.312        -11403.5762    
  -262693.688        -12416.4092    
  -262705.750        -13429.0137    
  -262716.156        -14441.8477    
  -262728.219        -15454.8770    
  -262738.625        -16468.0293    
  -262749.031        -17481.1836    
  -262761.094        -18494.2168    
  -262771.500        -19507.2637    
  -262783.562        -20520.4004    
  -262793.938        -21533.4512    
  -262804.375        -22546.6055    
  -262816.438        -23560.0645    
  -262828.500        -24573.3105    
  -262838.906        -25586.7852    
  -262849.344        -26600.1582    
  -262859.719        -27613.6328    
  -262871.781        -28626.9883    
  -262883.844        -29640.3418    
  -262894.250        -30653.8242    
  -262904.656        -31667.6230    
  -262916.719        -32681.2988    
  -262927.125        -33694.8828    
  -262939.219        -34708.6719    
  -262949.625        -35722.3633    
  -262960.031        -36736.1641    
  -262972.094        -37749.8438    
  -262982.531        -38763.6484    
  -262994.594        -39777.6484    
  -263005.031        -40791.6719    
  -263015.438        -41805.7930    
  -263027.500        -42819.7969    
  -263037.906        -43833.8203    
  -263048.312        -44847.9492    
  -263060.406        -45861.9570    
  -263072.438        -46875.9648    
  -263082.875        -47890.3047    
  -263093.281        -48904.6523    
  -263103.719        -49919.1094    
  -263115.812        -50933.5430    
  -263127.875        -51947.8750    
  -263138.312        -52962.2305    
  -263148.719        -53976.5781    
  -263160.781        -54990.9180    
  -263171.188        -56005.6953    
  -263183.281        -57020.3477    
  -263193.719        -58035.0234    
  -263204.125        -59049.7070    
  -263216.219        -60064.3711    
  -263228.281        -61079.0312    
  -263238.719        -62093.8203    
  -263249.125        -63108.5000    
  -263259.562        -64123.5000    
  -263271.625        -65138.4883    
  -263283.719        -66153.4844    
  -263294.156        -67168.5938    
  -263304.594        -68183.5000    
  -263316.688        -69198.4922    
  -263327.094        -70213.6172    
  -263339.188        -71228.5078    
  -263349.625        -72243.9375    
  -263360.031        -73259.1719    
  -263372.156        -74274.5000    
  -263384.219        -75289.9219    
  -263394.656        -76305.1641    
  -263405.094        -77320.6094    
  -263415.500        -78335.8594    
  -263427.594        -79351.2891    
  -263439.719        -80366.9453    
  -263450.125        -81382.5078    
  -263460.562        -82398.1719    
  -263472.656        -83413.8359    
  -263483.062        -84429.3984    
  -263495.156        -85445.0703    
  -263505.594        -86460.8516    
  -263516.031        -87476.4297    
  -263528.156        -88492.4219    
  -263538.562        -89508.4297    
  -263549.031        -90524.3281    
  -263561.094        -91540.3203    
  -263571.562        -92556.3281    
  -263583.625        -93572.2266    
  -263594.094        -94588.2500    
  -263604.531        -95604.2656    
  -263616.625        -96620.5859    
  -263628.750        -97636.8047    
  -263639.156        -98653.1562    
  -263649.625        -99669.3906    
  -263661.688        -100685.727    
  -263672.156        -101702.078    
  -263684.219        -102718.312    
  -263694.688        -103734.672    
  -263705.156        -104751.242    
  -263717.250        -105767.805    
  -263729.344        -106784.469    
  -263739.781        -107801.055    
  -263750.250        -108817.633    
  -263760.688        -109834.328    
  -263772.781        -110851.000    
  -263784.906        -111867.586    
  -263795.312        -112884.492    
  -263805.812        -113901.406    
  -263817.906        -114918.312    
  -263828.344        -115935.352    
  -263840.469        -116952.242    
  -263850.875        -117969.172    
  -263861.375        -118986.102    
  -263873.469        -120003.016    
  -263885.562        -121020.367    
  -263896.031        -122037.625    
  -263906.469        -123054.875    
  -263918.594        -124072.141    
  -263929.031        -125089.398    
  -263941.156        -126106.664    
  -263951.625        -127123.930    
  -263962.062        -128141.211    
  -263974.188        -129158.781    
  -263984.656        -130176.273    
  -263996.750        -131193.969    
  -264007.250        -132211.500    
  -264017.656        -133229.078    
  -264029.781        -134246.688    
  -264040.250        -135264.297    
  -264050.688        -136281.828    
  -264062.812        -137299.766    
  -264074.938        -138317.578    
  -264085.406        -139335.531    
  -264095.875        -140353.484    
  -264108.000        -141371.312    
  -264118.438        -142389.281    
  -264130.562        -143407.219    
  -264141.031        -144425.094    
  -264151.469        -145443.375    
  -264163.625        -146461.547    
  -264174.094        -147479.750    
  -264186.188        -148498.031    
  -264196.688        -149516.219    
  -264207.156        -150534.547    
  -264219.281        -151552.625    
  -264231.406        -152570.922    
  -264241.875        -153589.453    
  -264252.344        -154608.000    
  -264264.438        -155626.625    
  -264274.938        -156645.156    
  -264287.062        -157663.594    
  -264297.531        -158682.156    
  -264308.000        -159700.812    
  -264320.156        -160719.359    
  -264332.250        -161737.906    
  -264343.281        -162809.828    
  -264355.219        -163971.047    
  -264370.344        -165279.719    
  -264387.875        -166825.672    
  -264407.531        -168740.234    
  -264436.094        -171194.688    
  -264470.500        -174377.375    
  -264513.875        -178438.922    
  -264568.531        -183429.797    
  -264633.625        -189275.547    
  -264704.156        -195812.891    
  -264783.188        -202853.828    
  -264864.062        -210233.875    
  -264947.188        -217830.516    
         319
  -264947.188        -217830.516    
  -257233.641        -217908.688    
  -249739.203        -217982.562    
  -242588.422        -218050.875    
  -235950.656        -218112.641    
  -230013.516        -218166.344    
  -224943.016        -218211.219    
  -220818.891        -218246.906    
  -217584.641        -218274.422    
  -215090.906        -218295.469    
  -213145.047        -218311.641    
  -211574.422        -218324.594    
  -210242.859        -218335.516    
  -209062.406        -218345.125    
  -207973.250        -218353.938    
  -206937.203        -218362.281    
  -205901.188        -218370.562    
  -204865.172        -218378.828    
  -203829.156        -218387.062    
  -202793.109        -218395.344    
  -201757.125        -218403.484    
  -200721.094        -218411.578    
  -199685.062        -218419.609    
  -198649.031        -218427.625    
  -197614.656        -218435.578    
  -196578.656        -218443.516    
  -195540.969        -218451.422    
  -194504.922        -218459.250    
  -193468.906        -218467.062    
  -192432.859        -218474.828    
  -191398.516        -218482.547    
  -190362.484        -218490.297    
  -189326.453        -218497.938    
  -188290.422        -218505.516    
  -187254.391        -218513.078    
  -186218.359        -218520.594    
  -185182.328        -218528.078    
  -184146.297        -218535.516    
  -183110.266        -218542.891    
  -182074.234        -218550.219    
  -181038.203        -218557.516    
  -180003.844        -218564.766    
  -178967.828        -218572.094    
  -177931.781        -218579.281    
  -176895.750        -218586.422    
  -175859.719        -218593.500    
  -174823.688        -218600.547    
  -173787.641        -218607.578    
  -172751.625        -218614.516    
  -171715.578        -218621.469    
  -170679.562        -218628.359    
  -169643.516        -218635.188    
  -168607.484        -218641.984    
  -167571.453        -218648.891    
  -166535.406        -218655.594    
  -165499.375        -218662.266    
  -164463.328        -218668.891    
  -163427.297        -218675.500    
  -162392.922        -218682.031    
  -161356.891        -218688.547    
  -160320.844        -218695.000    
  -159284.812        -218701.438    
  -158248.781        -218707.812    
  -157212.734        -218714.172    
  -156176.703        -218720.562    
  -155140.656        -218726.828    
  -154104.609        -218733.047    
  -153068.594        -218739.234    
  -152032.547        -218745.359    
  -150996.516        -218751.469    
  -149960.453        -218757.516    
  -148924.438        -218763.531    
  -147888.391        -218769.484    
  -146852.359        -218775.453    
  -145816.297        -218781.328    
  -144781.922        -218787.250    
  -143745.891        -218793.062    
  -142709.828        -218798.828    
  -141673.781        -218804.531    
  -140637.734        -218810.203    
  -139601.703        -218815.859    
  -138565.672        -218821.469    
  -137529.625        -218827.016    
  -136493.578        -218832.516    
  -135457.531        -218837.984    
  -134423.156        -218843.500    
  -133387.109        -218848.906    
  -132351.047        -218854.234    
  -131315.016        -218859.547    
  -130277.312        -218864.812    
  -129241.273        -218870.031    
  -128205.219        -218875.234    
  -127170.828        -218880.344    
  -126134.789        -218885.422    
  -125098.742        -218890.469    
  -124062.703        -218895.594    
  -123026.648        -218900.578    
  -121990.594        -218905.500    
  -120954.555        -218910.375    
  -119918.516        -218915.234    
  -118882.453        -218920.031    
  -117846.414        -218924.781    
  -116812.016        -218929.500    
  -115775.977        -218934.188    
  -114739.922        -218938.812    
  -113703.883        -218943.500    
  -112667.828        -218948.078    
  -111631.789        -218952.578    
  -110595.734        -218957.047    
  -109559.680        -218961.484    
  -108523.633        -218965.891    
  -107487.578        -218970.219    
  -106451.539        -218974.500    
  -105415.484        -218978.781    
  -104379.430        -218982.984    
  -103343.375        -218987.266    
  -102307.328        -218991.406    
  -101271.281        -218995.531    
  -100235.234        -218999.547    
  -99200.8359        -219003.547    
  -98164.7812        -219007.531    
  -97128.7344        -219011.453    
  -96092.6875        -219015.359    
  -95056.6328        -219019.203    
  -94020.5781        -219023.203    
  -92984.5234        -219026.969    
  -91948.4766        -219030.672    
  -90912.4219        -219034.359    
  -89876.3672        -219037.984    
  -88840.3125        -219041.594    
  -87804.2656        -219045.125    
  -86768.2109        -219048.656    
  -85732.1484        -219052.141    
  -84696.0938        -219055.641    
  -83660.0391        -219059.047    
  -82623.9922        -219062.406    
  -81589.5938        -219065.703    
  -80553.5391        -219068.953    
  -79517.4922        -219072.172    
  -78481.4297        -219075.344    
  -77445.3750        -219078.484    
  -76409.3203        -219081.594    
  -75373.2734        -219084.750    
  -74337.2188        -219087.781    
  -73301.1562        -219090.734    
  -72265.1016        -219093.672    
  -71230.7031        -219096.531    
  -70194.6484        -219099.375    
  -69158.5938        -219102.188    
  -68120.8750        -219104.938    
  -67084.8203        -219107.656    
  -66048.7656        -219110.438    
  -65012.7070        -219113.078    
  -63978.3125        -219115.672    
  -62942.2500        -219118.234    
  -61906.1992        -219120.734    
  -60870.1445        -219123.188    
  -59834.0859        -219125.625    
  -58798.0352        -219128.016    
  -57761.9688        -219130.453    
  -56725.9180        -219132.781    
  -55689.8555        -219135.047    
  -54653.8008        -219137.250    
  -53619.4023        -219139.422    
  -52583.3398        -219141.578    
  -51547.2852        -219143.656    
  -50511.2227        -219145.719    
  -49475.1641        -219147.719    
  -48437.4531        -219149.781    
  -47401.3906        -219151.734    
  -46366.9922        -219153.609    
  -45330.9336        -219155.453    
  -44294.8789        -219157.250    
  -43258.8164        -219159.016    
  -42222.7617        -219160.734    
  -41186.6992        -219162.422    
  -40150.6406        -219164.156    
  -39114.5820        -219165.750    
  -38078.5234        -219167.328    
  -37042.4648        -219168.812    
  -36008.0664        -219170.281    
  -34972.0078        -219171.703    
  -33935.9492        -219173.109    
  -32899.8906        -219174.438    
  -31863.8301        -219175.859    
  -30827.7695        -219177.109    
  -29791.7109        -219178.312    
  -28755.6465        -219179.516    
  -27719.5918        -219180.656    
  -26683.5293        -219181.750    
  -25647.4688        -219182.781    
  -24611.4082        -219183.922    
  -23575.3516        -219184.859    
  -22539.2910        -219185.797    
  -21503.2285        -219186.672    
  -20467.1719        -219187.547    
  -19431.1113        -219188.328    
  -18396.7109        -219189.094    
  -17360.6504        -219189.812    
  -16324.5908        -219190.594    
  -15288.5312        -219191.250    
  -14252.4717        -219191.828    
  -13216.4102        -219192.359    
  -12180.3506        -219192.891    
  -11144.2900        -219193.344    
  -10108.2295        -219193.781    
  -9072.16992        -219194.281    
  -8036.10938        -219194.641    
  -7000.04834        -219194.922    
  -5963.98877        -219195.172    
  -4927.92822        -219195.406    
  -3891.86768        -219195.578    
  -2855.80737        -219195.719    
  -1819.74719        -219195.812    
  -785.347046        -219195.953    
   250.713333        -219195.984    
   1286.77368        -219195.953    
   2322.83423        -219195.906    
   3358.89453        -219195.766    
   4394.95459        -219195.594    
   5431.01514        -219195.406    
   6467.07617        -219195.281    
   7503.13574        -219194.984    
   8539.19531        -219194.688    
   9575.25684        -219194.312    
   10611.3164        -219193.906    
   11647.3770        -219193.453    
   12683.4375        -219192.969    
   13719.4980        -219192.547    
   14755.5586        -219191.969    
   15791.6182        -219191.344    
   16826.0176        -219190.688    
   17868.7188        -219190.016    
   18911.4199        -219189.250    
   19952.4609        -219188.594    
   20995.1621        -219187.766    
   22036.2031        -219186.859    
   23077.2461        -219185.969    
   24119.9453        -219185.000    
   25160.9863        -219184.016    
   26213.6504        -219182.969    
   27267.9766        -219181.984    
   28320.6367        -219180.859    
   29373.2988        -219179.656    
   30427.6250        -219178.453    
   31481.9492        -219177.156    
   32534.6133        -219175.859    
   33588.9375        -219174.500    
   34653.2227        -219173.203    
   35717.5039        -219171.766    
   36783.4531        -219170.250    
   37847.7344        -219168.719    
   38913.6797        -219167.125    
   39979.6250        -219165.500    
   41043.9102        -219163.922    
   42108.1953        -219162.203    
   43185.7656        -219160.422    
   44261.6719        -219158.578    
   45339.2344        -219156.719    
   46415.1484        -219154.812    
   47492.7109        -219152.828    
   48568.6211        -219150.953    
   49646.1836        -219148.875    
   50722.0938        -219146.797    
   51809.6250        -219144.625    
   52898.8164        -219142.406    
   53987.9961        -219140.141    
   55075.5312        -219137.938    
   56163.0547        -219135.609    
   57252.2500        -219133.188    
   58339.7695        -219130.781    
   59428.9648        -219128.266    
   60528.1094        -219125.719    
   61628.9297        -219123.312    
   62728.0742        -219120.656    
   63828.8828        -219117.953    
   64928.0391        -219115.203    
   66028.8516        -219112.391    
   67127.9922        -219109.562    
   68228.8047        -219106.766    
   69339.5781        -219103.812    
   70452.0078        -219100.797    
   71562.7812        -219097.734    
   72675.2109        -219094.609    
   73785.9844        -219091.469    
   74898.4219        -219088.359    
   76010.8438        -219085.125    
   77121.6250        -219081.781    
   78244.0078        -219078.422    
   79368.0625        -219074.969    
   80490.4531        -219071.609    
   81614.5078        -219068.047    
   82736.8984        -219064.484    
   83860.9531        -219060.828    
   84983.3516        -219057.156    
   86107.3984        -219053.422    
   87241.4141        -219049.719    
   88377.0859        -219045.859    
   89511.1016        -219041.938    
   90646.7734        -219037.953    
   91780.7812        -219033.938    
   92916.4609        -219029.875    
   94050.4688        -219025.859    
   95186.1406        -219021.703    
   96320.1562        -219017.469    
   97505.6406        -219013.016    
   98775.7969        -219008.156    
   100183.766        -219002.859    
   101814.227        -218996.438    
   103793.344        -218988.531    
   106282.188        -218978.500    
   109455.102        -218965.203    
   113456.508        -218948.000    
   118332.898        -218926.172    
   124016.234        -218899.547    
   130350.383        -218868.375    
   137156.078        -218833.141    
   144283.859        -218794.297    
   151614.172        -218752.312    
         383
   151614.172        -218752.312    
   151577.750        -211155.453    
   151542.609        -203775.438    
   151509.469        -196734.328    
   151477.609        -190196.719    
   151449.828        -184350.766    
   151425.422        -179359.875    
   151404.812        -175298.312    
   151389.406        -172115.562    
   151378.266        -169660.953    
   151368.641        -167746.422    
   151361.219        -166200.391    
   151355.156        -164891.766    
   151349.984        -163730.453    
   151343.672        -162658.500    
   151339.328        -161639.891    
   151335.000        -160621.281    
   151328.984        -159602.688    
   151324.672        -158584.172    
   151320.312        -157565.578    
   151314.328        -156547.094    
   151310.000        -155528.531    
   151305.641        -154509.922    
   151299.656        -153491.344    
   151295.312        -152473.094    
   151290.984        -151454.844    
   151286.641        -150436.594    
   151280.641        -149418.234    
   151276.297        -148400.094    
   151271.969        -147381.766    
   151265.953        -146363.516    
   151261.625        -145345.391    
   151257.281        -144327.391    
   151251.297        -143309.359    
   151246.969        -142291.562    
   151242.625        -141273.562    
   151236.625        -140255.672    
   151232.297        -139237.672    
   151227.953        -138219.781    
   151221.969        -137201.906    
   151217.625        -136184.234    
   151213.281        -135166.688    
   151207.297        -134149.016    
   151202.969        -133131.453    
   151198.625        -132113.812    
   151192.641        -131096.172    
   151188.297        -130078.516    
   151183.953        -129060.969    
   151177.969        -128043.758    
   151173.625        -127026.336    
   151169.297        -126009.125    
   151163.312        -124991.930    
   151158.984        -123974.492    
   151154.625        -122957.305    
   151148.656        -121939.891    
   151144.312        -120922.688    
   151138.312        -119905.719    
   151134.000        -118888.742    
   151129.656        -117871.883    
   151123.672        -116854.805    
   151119.344        -115837.828    
   151115.000        -114820.867    
   151109.016        -113804.023    
   151104.656        -112786.961    
   151100.344        -111770.320    
   151094.375        -110753.688    
   151090.031        -109737.047    
   151085.688        -108720.312    
   151079.703        -107703.688    
   151075.391        -106687.062    
   151071.047        -105670.445    
   151065.047        -104653.820    
   151060.734        -103637.531    
   151056.391        -102621.117    
   151050.406        -101604.836    
   151046.078        -100588.539    
   151041.750        -99572.1562    
   151035.766        -98555.8750    
   151031.422        -97539.4844    
   151027.094        -96523.2031    
   151021.109        -95507.1484    
   151016.781        -94491.1797    
   151012.453        -93475.2266    
   151006.469        -92459.1797    
   151002.125        -91443.2266    
   150996.156        -90427.1719    
   150991.844        -89411.1172    
   150987.500        -88395.2812    
   150981.516        -87379.5547    
   150977.172        -86363.8359    
   150972.859        -85348.1094    
   150966.875        -84332.5000    
   150962.547        -83316.7734    
   150958.203        -82301.0547    
   150952.219        -81285.4531    
   150947.906        -80269.7422    
   150943.578        -79254.3359    
   150937.594        -78239.0625    
   150933.266        -77223.6641    
   150928.953        -76208.2891    
   150922.953        -75192.8984    
   150918.641        -74177.6250    
   150914.297        -73162.2344    
   150908.312        -72146.9766    
   150903.984        -71131.8047    
   150899.672        -70116.8516    
   150893.703        -69101.7031    
   150889.359        -68086.7500    
   150885.031        -67071.5781    
   150879.062        -66056.6406    
   150874.734        -65041.5938    
   150870.391        -64026.5430    
   150864.422        -63011.8203    
   150860.094        -61997.2070    
   150854.125        -60982.3789    
   150849.797        -59967.6523    
   150845.484        -58953.0273    
   150841.141        -57938.2070    
   150836.812        -56923.4844    
   150830.844        -55908.8789    
   150826.531        -54894.4805    
   150822.188        -53880.0781    
   150816.219        -52865.5898    
   150811.891        -51851.1875    
   150807.578        -50836.7969    
   150801.594        -49822.4102    
   150797.266        -48808.0195    
   150792.953        -47793.6289    
   150786.969        -46779.5664    
   150782.641        -45765.5000    
   150778.328        -44751.4258    
   150772.328        -43737.3672    
   150768.031        -42723.3008    
   150763.688        -41709.2344    
   150757.719        -40695.0742    
   150753.406        -39680.9062    
   150749.078        -38667.2695    
   150743.094        -37653.5312    
   150738.797        -36639.7891    
   150734.469        -35625.9414    
   150728.484        -34612.2070    
   150724.156        -33598.4688    
   150718.203        -32584.6309    
   150713.859        -31570.8965    
   150709.547        -30557.5801    
   150703.578        -29544.0664    
   150699.266        -28530.6465    
   150694.938        -27517.1230    
   150688.969        -26503.8223    
   150684.641        -25490.3027    
   150680.328        -24476.8867    
   150674.344        -23463.3770    
   150670.047        -22450.3867    
   150665.719        -21437.1855    
   150659.750        -20424.0996    
   150655.422        -19411.0059    
   150651.094        -18397.8047    
   150645.141        -17384.8281    
   150640.812        -16371.6289    
   150636.484        -15358.5342    
   150630.531        -14345.6660    
   150626.203        -13332.9980    
   150621.875        -12320.1172    
   150615.922        -11307.3555    
   150611.594        -10294.4756    
   150607.297        -9281.80957    
   150601.312        -8268.94141    
   150597.000        -7256.16992    
   150592.672        -6243.71533    
   150586.719        -5231.16553    
   150582.375        -4218.71191    
   150576.422        -3206.26831    
   150572.094        -2193.70923    
   150567.781        -1181.25598    
   150561.828        -168.918518    
   150557.500         843.640747    
   150553.188         1855.77576    
   150547.219         2867.90112    
   150542.906         3880.03638    
   150538.578         4892.38379    
   150532.625         5904.50977    
   150528.297         6916.64551    
   150523.984         7928.78076    
   150518.031         8940.90723    
   150513.703         9952.72559    
   150509.375         10964.5430    
   150503.422         11976.3535    
   150499.109         12988.1709    
   150494.797         14000.0967    
   150488.844         15012.0137    
   150484.516         16023.8320    
   150480.203         17035.6504    
   150474.234         18047.1465    
   150469.922         19058.5410    
   150465.609         20070.1523    
   150459.641         21081.6465    
   150455.328         22093.1523    
   150451.016         23104.6543    
   150445.047         24116.2578    
   150440.750         25127.7637    
   150434.781         26138.9434    
   150430.453         27150.0273    
   150426.141         28161.3242    
   150420.188         29172.5039    
   150415.875         30183.6973    
   150411.562         31194.9941    
   150405.594         32206.0762    
   150401.281         33217.2695    
   150396.984         34228.2500    
   150391.016         35239.0117    
   150386.703         36249.8906    
   150382.375         37260.8789    
   150376.422         38271.6406    
   150372.109         39282.6250    
   150367.781         40293.4023    
   150361.844         41304.2773    
   150357.531         42314.9492    
   150353.219         43325.4102    
   150347.250         44336.0742    
   150342.938         45346.5391    
   150338.641         46357.1133    
   150332.672         47367.6758    
   150328.375         48378.1406    
   150324.062         49388.8164    
   150318.109         50398.9609    
   150313.781         51409.3242    
   150309.469         52419.4805    
   150303.516         53429.7266    
   150299.203         54439.9883    
   150293.250         55450.2500    
   150288.953         56460.4141    
   150284.625         57470.7773    
   150278.688         58480.6172    
   150274.359         59490.5625    
   150270.047         60500.4141    
   150264.094         61510.3594    
   150259.781         62520.3086    
   150255.484         63530.2734    
   150249.516         64540.1133    
   150245.219         65550.0703    
   150240.906         66559.6172    
   150234.938         67569.2500    
   150230.656         68578.7891    
   150226.328         69588.4375    
   150220.375         70597.9844    
   150216.078         71607.6250    
   150211.766         72617.1797    
   150205.812         73626.9297    
   150201.516         74636.0625    
   150197.188         75645.3984    
   150191.234         76654.6328    
   150186.938         77663.9844    
   150182.609         78673.2109    
   150176.688         79682.5547    
   150172.359         80691.8047    
   150168.047         81701.1562    
   150162.109         82709.9766    
   150157.797         83719.0078    
   150153.484         84727.9531    
   150147.547         85736.9922    
   150143.234         86745.8203    
   150137.281         87754.8594    
   150132.969         88763.8047    
   150128.656         89772.8594    
   150122.719         90781.3750    
   150118.406         91790.1094    
   150114.109         92798.7422    
   150108.156         93807.3828    
   150103.859         94816.0078    
   150099.531         95824.6562    
   150093.609         96833.2969    
   150089.281         97842.0391    
   150084.984         98850.2656    
   150079.047         99858.7031    
   150074.734         100866.930    
   150070.422         101875.172    
   150064.469         102883.609    
   150060.172         103891.844    
   150055.859         104900.297    
   150049.922         105908.531    
   150045.609         106916.562    
   150041.312         107924.602    
   150035.359         108932.523    
   150031.062         109940.664    
   150026.750         110948.609    
   150020.812         111956.547    
   150016.500         112964.594    
   150012.203         113972.641    
   150006.250         114980.266    
   150001.953         115988.008    
   149996.016         116995.641    
   149991.703         118003.273    
   149987.391         119011.031    
   149981.453         120018.766    
   149977.156         121026.414    
   149972.844         122034.070    
   149966.906         123041.500    
   149962.594         124048.836    
   149958.297         125056.203    
   149952.359         126063.539    
   149948.047         127070.883    
   149943.750         128078.336    
   149937.812         129085.680    
   149933.500         130093.047    
   149929.188         131100.109    
   149923.266         132107.125    
   149918.969         133114.188    
   149914.656         134121.234    
   149908.703         135128.281    
   149904.422         136135.359    
   149900.109         137142.406    
   149894.172         138149.469    
   149889.875         139156.219    
   149885.562         140162.875    
   149879.625         141169.625    
   149875.312         142176.375    
   149871.031         143183.141    
   149865.078         144189.812    
   149860.781         145196.594    
   149854.828         146203.344    
   149850.531         147209.703    
   149846.234         148216.172    
   149840.297         149222.531    
   149836.000         150229.016    
   149831.703         151235.266    
   149825.766         152241.750    
   149821.453         153248.219    
   149817.156         154254.625    
   149811.234         155260.797    
   149806.922         156266.859    
   149802.609         157272.828    
   149796.703         158279.000    
   149792.375         159285.078    
   149788.078         160291.281    
   149782.156         161297.250    
   149777.844         162303.359    
   149773.562         163309.250    
   149767.609         164314.922    
   149763.312         165320.703    
   149759.016         166326.406    
   149753.078         167332.297    
   149748.781         168338.109    
   149744.484         169343.812    
   149738.531         170349.609    
   149734.250         171355.094    
   149729.953         172360.594    
   149724.016         173365.984    
   149719.719         174371.391    
   149713.781         175376.891    
   149709.484         176382.312    
   149705.188         177387.828    
   149699.250         178393.250    
   149694.969         179398.359    
   149690.656         180403.578    
   149684.719         181408.688    
   149680.422         182413.797    
   149676.141         183418.938    
   149670.203         184424.156    
   149665.891         185429.297    
   149661.594         186434.438    
   149655.672         187439.250    
   149651.375         188443.984    
   149647.078         189448.812    
   149641.156         190453.656    
   149636.859         191458.500    
   149632.547         192463.469    
   149626.609         193468.203    
   149622.328         194473.062    
   149618.031         195477.922    
   149611.797         196535.172    
   149606.656         197680.312    
   149600.688         198970.250    
   149593.312         200493.594    
   149583.828         202379.359    
   149571.188         204795.812    
   149555.969         207928.125    
   149537.281         211924.516    
   149513.156         216834.531    
   149485.750         222585.109    
   149454.297         229015.547    
   149421.562         235941.047    
   149385.203         243200.016    
   149349.219         250671.984    
         319
   149349.219         250671.984    
   142149.172         250630.891    
   135147.969         250592.703    
   128461.367         250558.031    
   122240.953         250527.422    
   116659.539         250501.266    
   111868.711         250479.812    
   107938.562         250462.938    
   104821.828         250450.047    
   102378.320         250440.031    
   100433.625         250432.453    
   98831.2422         250426.156    
   97448.9219         250420.781    
   96201.9062         250416.219    
   95036.3906         250411.797    
   93923.0312         250407.641    
   92808.0547         250403.516    
   91693.0625         250399.469    
   90579.7109         250395.625    
   89463.1016         250391.688    
   88349.7500         250387.750    
   87234.7578         250383.875    
   86119.7812         250380.078    
   85004.7969         250376.531    
   83902.8516         250372.828    
   82799.2734         250369.203    
   81695.7031         250365.594    
   80592.1250         250362.062    
   79488.5469         250358.781    
   78384.9766         250355.312    
   77281.3984         250351.938    
   76177.8281         250348.578    
   75087.2891         250345.328    
   73995.1250         250342.312    
   72902.9609         250339.156    
   71810.8047         250335.984    
   70720.2656         250332.938    
   69628.1016         250329.891    
   68535.9297         250327.125    
   67443.7656         250324.203    
   66364.6484         250321.328    
   65282.2656         250318.531    
   64203.1406         250315.766    
   63122.3828         250313.016    
   62041.6328         250310.578    
   60960.8711         250307.953    
   59880.1211         250305.359    
   58800.9922         250302.844    
   57731.6523         250300.375    
   56662.3047         250298.188    
   55592.9570         250295.781    
   54523.6094         250293.438    
   53455.8945         250291.172    
   52386.5547         250288.938    
   51318.8398         250286.969    
   50249.4961         250284.812    
   49191.5586         250282.719    
   48133.6211         250280.703    
   47075.6875         250278.719    
   46017.7539         250276.766    
   44959.8203         250275.062    
   43903.5156         250273.188    
   42845.5781         250271.609    
   41787.6445         250269.828    
   40741.1211         250268.125    
   39696.2305         250266.469    
   38649.7031         250264.844    
   37603.1758         250263.250    
   36556.6523         250261.938    
   35511.7578         250260.484    
   34465.2383         250259.031    
   33418.7070         250257.578    
   32385.2266         250256.250    
   31350.1113         250255.172    
   30314.9961         250253.906    
   29279.8848         250252.672    
   28244.7695         250251.531    
   27211.2871         250250.375    
   26176.1719         250249.297    
   25141.0586         250248.422    
   24117.3516         250247.422    
   23095.2793         250246.484    
   22071.5781         250245.562    
   21047.8730         250244.703    
   20025.7988         250244.094    
   19002.0938         250243.297    
   17978.3926         250242.547    
   16954.6875         250241.812    
   15937.5049         250241.172    
   14920.3223         250240.531    
   13901.5078         250240.203    
   12884.3232         250239.641    
   11867.1406         250239.156    
   10849.9570         250238.688    
   9831.14453         250238.266    
   8813.95996         250237.875    
   7796.77734         250237.766    
   6779.59375         250237.484    
   5760.77979         250237.234    
   4743.59619         250237.016    
   3726.41260         250236.844    
   2709.22925         250236.734    
   1690.41553         250236.844    
   674.862122         250236.781    
  -343.951477         250236.781    
  -1361.13501         250236.812    
  -2378.31836         250236.891    
  -3395.50195         250237.016    
  -4414.31543         250237.406    
  -5431.49951         250237.594    
  -6448.68262         250237.812    
  -7465.86621         250238.094    
  -8484.67969         250238.406    
  -9501.86328         250238.797    
  -10519.0469         250239.422    
  -11536.2285         250239.828    
  -12555.0420         250240.344    
  -13572.2275         250241.062    
  -14589.4082         250241.656    
  -15606.5928         250242.234    
  -16625.4082         250242.891    
  -17642.5898         250243.578    
  -18659.7734         250244.312    
  -19676.9570         250245.297    
  -20695.7715         250246.094    
  -21712.9531         250246.938    
  -22730.1367         250247.859    
  -23747.3203         250248.781    
  -24766.1328         250249.766    
  -25781.6836         250251.000    
  -26800.4980         250252.062    
  -27817.6797         250253.156    
  -28834.8633         250254.297    
  -29852.0449         250255.469    
  -30870.8594         250256.672    
  -31888.0430         250258.156    
  -32905.2227         250259.469    
  -33922.4102         250260.812    
  -34941.2188         250262.219    
  -35958.4062         250263.641    
  -36975.5859         250265.062    
  -37992.7695         250266.828    
  -39009.9492         250268.375    
  -40028.7617         250269.938    
  -41045.9453         250271.594    
  -42063.1289         250273.266    
  -43080.3086         250274.969    
  -44099.1211         250276.734    
  -45116.3086         250278.750    
  -46133.4883         250280.594    
  -47150.6680         250282.469    
  -48169.4844         250284.406    
  -49185.0273         250286.328    
  -50203.8438         250288.312    
  -51221.0234         250290.578    
  -52238.2070         250292.656    
  -53255.3867         250294.781    
  -54274.1953         250296.969    
  -55291.3828         250299.172    
  -56308.5625         250301.406    
  -57325.7422         250303.672    
  -58344.5508         250306.219    
  -59361.7383         250308.594    
  -60378.9219         250311.000    
  -61396.0977         250313.469    
  -62414.9102         250315.922    
  -63432.0938         250318.500    
  -64449.2773         250321.250    
  -65466.4453         250323.875    
  -66485.2578         250326.531    
  -67502.4375         250329.250    
  -68519.6250         250331.953    
  -69536.8047         250334.750    
  -70555.6094         250337.578    
  -71571.1562         250340.625    
  -72589.9688         250343.547    
  -73607.1562         250346.500    
  -74625.9609         250349.500    
  -75641.5078         250352.500    
  -76660.3203         250355.578    
  -77677.5000         250358.672    
  -78694.6797         250362.000    
  -79711.8594         250365.219    
  -80730.6641         250368.438    
  -81747.8438         250371.906    
  -82765.0234         250375.234    
  -83782.2031         250378.562    
  -84801.0156         250381.984    
  -85818.1875         250385.422    
  -86835.3672         250388.891    
  -87852.5391         250392.391    
  -88869.7266         250396.172    
  -89888.5312         250399.766    
  -90905.7031         250403.375    
  -91922.8906         250407.109    
  -92940.0625         250410.797    
  -93958.8672         250414.547    
  -94974.4141         250418.344    
  -95993.2266         250422.406    
  -97010.3984         250426.297    
  -98027.5859         250430.234    
  -99044.7578         250434.188    
  -100063.562         250438.188    
  -101080.734         250442.234    
  -102097.906         250446.328    
  -103115.086         250450.656    
  -104133.898         250454.859    
  -105151.078         250459.047    
  -106168.258         250463.312    
  -107185.430         250467.594    
  -108204.234         250471.922    
  -109221.414         250476.312    
  -110238.578         250480.938    
  -111255.750         250485.406    
  -112274.562         250489.906    
  -113291.742         250494.438    
  -114308.906         250499.031    
  -115326.086         250503.656    
  -116343.266         250508.328    
  -117362.062         250513.000    
  -118377.609         250517.938    
  -119396.414         250522.750    
  -120413.578         250527.562    
  -121430.750         250532.438    
  -122447.922         250537.359    
  -123466.742         250542.281    
  -124483.891         250547.266    
  -125501.078         250552.516    
  -126518.258         250557.609    
  -127537.055         250562.734    
  -128554.234         250567.859    
  -129571.406         250573.062    
  -130588.570         250578.281    
  -131607.359         250583.578    
  -132624.547         250589.094    
  -133641.719         250594.438    
  -134658.891         250599.859    
  -135676.062         250605.312    
  -136694.859         250610.766    
  -137710.391         250616.281    
  -138729.203         250621.844    
  -139746.375         250627.469    
  -140765.172         250633.312    
  -141780.703         250639.000    
  -142799.516         250644.734    
  -143816.688         250650.500    
  -144833.844         250656.281    
  -145851.016         250662.156    
  -146869.812         250668.031    
  -147887.000         250673.969    
  -148904.141         250680.156    
  -149921.328         250686.188    
  -150940.109         250692.203    
  -151957.297         250698.328    
  -152974.453         250704.453    
  -153991.625         250710.609    
  -155008.797         250716.859    
  -156027.594         250723.125    
  -157044.766         250729.641    
  -158061.922         250735.969    
  -159079.078         250742.312    
  -160097.891         250748.750    
  -161113.406         250755.438    
  -162132.203         250761.953    
  -163149.375         250768.469    
  -164166.531         250775.078    
  -165183.703         250781.703    
  -166202.500         250788.359    
  -167219.672         250795.109    
  -168236.828         250801.844    
  -169253.984         250808.812    
  -170271.156         250815.672    
  -171289.953         250822.547    
  -172307.109         250829.453    
  -173324.281         250836.391    
  -174341.438         250843.422    
  -175360.234         250850.406    
  -176377.406         250857.516    
  -177394.562         250864.812    
  -178411.719         250872.016    
  -179430.500         250879.203    
  -180447.672         250886.453    
  -181464.844         250893.719    
  -182482.000         250901.047    
  -183499.172         250908.406    
  -184516.328         250915.828    
  -185533.484         250923.484    
  -186552.250         250930.953    
  -187569.406         250938.484    
  -188586.578         250946.062    
  -189603.750         250953.672    
  -190622.531         250961.344    
  -191639.688         250969.031    
  -192656.844         250976.719    
  -193674.016         250984.750    
  -194692.797         250992.531    
  -195709.953         251000.391    
  -196727.094         251008.312    
  -197744.266         251016.219    
  -198761.438         251024.203    
  -199780.203         251032.234    
  -200795.734         251040.266    
  -201814.531         251048.375    
  -202831.656         251056.766    
  -203848.812         251064.938    
  -204919.781         251073.578    
  -206080.391         251083.000    
  -207386.062         251093.688    
  -208929.703         251106.391    
  -210841.766         251122.281    
  -213291.750         251143.047    
  -216465.469         251169.984    
  -220519.375         251205.234    
  -225497.531         251249.125    
  -231328.203         251302.031    
  -237850.031         251362.547    
  -244873.844         251429.766    
  -252233.469         251502.312    
  -259809.844         251579.281    
