73 370 1.000000
74 370 1.000000
75 370 1.000000
75 369 1.000000
74 369 1.000000
73 369 1.000000
179 166 0.000000
179 165 0.000000
178 165 0.000000
178 164 0.000000
177 165 0.000000
83 142 1.000000
82 143 1.000000
81 145 1.000000
77 147 1.000000
78 147 1.000000
79 147 1.000000
75 147 0.000000
76 148 1.000000
75 143 0.000000
79 138 0.000000
80 137 0.000000
82 136 0.000000
84 140 1.000000
81 144 1.000000
81 144 0.000000
81 136 0.000000
130 141 1.000000
131 141 1.000000
129 140 1.000000
130 140 1.000000
131 140 1.000000
169 106 1.000000
167 103 1.000000
166 100 0.000000
179 95 1.000000
177 104 1.000000
178 103 1.000000
176 106 1.000000
169 116 1.000000
166 112 0.000000
167 111 0.000000
168 110 0.000000
169 95 0.000000
138 77 1.000000
139 77 1.000000
140 76 1.000000
141 73 0.000000
138 73 1.000000
137 69 1.000000
137 65 1.000000
137 69 0.000000
137 69 1.000000
144 46 0.000000
145 45 0.000000
144 54 1.000000
144 53 1.000000
143 58 0.000000
139 47 0.000000
139 47 1.000000
140 46 0.000000
139 46 0.000000
139 47 0.000000
139 48 0.000000
144 53 0.000000
204 159 1.000000
204 159 0.000000
204 158 0.000000
203 151 1.000000
203 150 1.000000
203 149 1.000000
202 144 0.000000
202 145 1.000000
198 140 1.000000
197 140 1.000000
204 126 0.000000
205 126 0.000000
206 126 1.000000
207 126 1.000000
209 126 0.000000
210 126 0.000000
210 127 0.000000
209 127 0.000000
208 127 0.000000
211 124 0.000000
216 124 0.000000
217 123 0.000000
218 121 0.000000
219 119 0.000000
221 113 0.000000
221 112 0.000000
231 88 0.000000
227 97 0.000000
226 98 0.000000
225 100 0.000000
224 103 0.000000
223 105 0.000000
221 111 0.000000
220 116 0.000000
210 105 0.000000
203 109 0.000000
203 109 1.000000
210 105 1.000000
236 73 0.000000
244 42 1.000000
244 43 1.000000
243 51 1.000000
242 55 0.000000
241 58 0.000000
239 61 0.000000
245 30 1.000000
245 29 1.000000
245 28 1.000000
245 27 0.000000
245 26 0.000000
240 4 1.000000
166 118 1.000000
165 119 1.000000
165 119 0.000000
164 117 0.000000
165 119 1.000000
165 119 0.000000
164 117 1.000000
166 118 0.000000
164 117 0.000000
138 74 0.000000
138 73 0.000000
141 70 0.000000
141 69 0.000000
77 147 0.000000
75 147 1.000000
51 197 1.000000
52 197 1.000000
52 196 1.000000
51 196 1.000000
51 195 1.000000
52 195 1.000000
1 169 0.000000
3 168 1.000000
5 167 1.000000
8 163 0.000000
8 162 0.000000
7 162 0.000000
4 161 0.000000
3 161 0.000000
128 108 0.000000
128 109 0.000000
127 108 0.000000
124 109 0.000000
123 109 0.000000
110 116 1.000000
119 118 1.000000
108 130 1.000000
102 137 1.000000
103 137 1.000000
106 123 1.000000
144 164 0.000000
102 196 1.000000
103 196 1.000000
104 196 1.000000
105 196 1.000000
106 196 1.000000
107 196 1.000000
105 190 0.000000
106 190 0.000000
118 190 1.000000
119 190 1.000000
120 190 1.000000
133 173 0.000000
127 184 1.000000
122 189 1.000000
121 189 1.000000
116 191 1.000000
144 164 1.000000
253 105 0.000000
254 105 0.000000
254 104 0.000000
253 104 0.000000
253 103 0.000000
250 103 1.000000
251 102 0.000000
250 100 1.000000
249 97 1.000000
249 96 1.000000
249 95 1.000000
249 94 1.000000
250 91 1.000000
250 90 1.000000
251 89 0.000000
253 91 0.000000
254 91 0.000000
253 92 0.000000
252 92 0.000000
252 93 0.000000
253 93 0.000000
253 94 0.000000
253 95 0.000000
254 95 0.000000
254 96 0.000000
255 96 0.000000
256 96 0.000000
257 96 0.000000
258 96 0.000000
257 95 0.000000
258 95 0.000000
258 94 0.000000
259 94 0.000000
259 93 0.000000
260 92 0.000000
261 92 0.000000
262 92 0.000000
260 91 0.000000
261 91 0.000000
262 91 0.000000
263 91 0.000000
263 90 0.000000
262 90 0.000000
261 90 0.000000
261 89 0.000000
261 88 0.000000
260 88 0.000000
262 88 0.000000
263 88 0.000000
264 88 0.000000
264 87 0.000000
263 87 0.000000
263 86 0.000000
264 86 0.000000
265 86 0.000000
265 85 0.000000
264 85 0.000000
263 85 0.000000
264 84 0.000000
265 84 0.000000
264 83 0.000000
265 83 0.000000
266 83 0.000000
266 82 0.000000
266 81 0.000000
266 80 0.000000
267 80 0.000000
267 79 0.000000
266 79 0.000000
265 80 0.000000
265 81 0.000000
265 82 0.000000
264 82 0.000000
264 89 0.000000
263 89 0.000000
262 89 0.000000
263 81 1.000000
264 71 1.000000
264 70 1.000000
264 69 1.000000
264 68 1.000000
264 67 1.000000
264 66 1.000000
264 65 1.000000
264 64 1.000000
265 61 1.000000
266 59 1.000000
250 56 1.000000
250 55 1.000000
251 55 1.000000
251 54 1.000000
250 54 1.000000
251 53 1.000000
267 57 1.000000
267 56 1.000000
268 53 1.000000
272 43 1.000000
293 0 0.000000
291 9 0.000000
290 19 1.000000
289 21 1.000000
289 22 1.000000
289 22 0.000000
279 35 0.000000
288 24 1.000000
288 23 1.000000
287 29 1.000000
292 2 1.000000
258 90 1.000000
36 17 1.000000
36 16 1.000000
27 12 1.000000
34 9 1.000000
36 8 1.000000
29 36 0.000000
29 35 0.000000
29 34 0.000000
28 34 0.000000
28 35 0.000000
28 36 0.000000
27 36 0.000000
26 36 0.000000
25 35 0.000000
23 36 0.000000
22 33 0.000000
22 32 0.000000
22 31 0.000000
21 31 0.000000
21 31 1.000000
0 18 0.000000
0 19 0.000000
3 20 0.000000
4 22 0.000000
6 29 0.000000
7 29 0.000000
8 30 0.000000
8 31 0.000000
9 34 0.000000
9 35 0.000000
9 36 0.000000
9 37 0.000000
9 38 0.000000
9 45 0.000000
12 42 1.000000
12 32 0.000000
12 31 0.000000
13 34 0.000000
13 33 0.000000
14 34 0.000000
15 34 0.000000
15 35 0.000000
13 35 1.000000
15 38 0.000000
15 37 0.000000
14 35 0.000000
13 35 0.000000
15 34 1.000000
16 31 0.000000
17 31 0.000000
18 31 0.000000
19 31 0.000000
21 31 0.000000
21 32 0.000000
20 32 0.000000
19 32 0.000000
18 35 1.000000
17 34 1.000000
29 39 0.000000
30 42 0.000000
30 41 0.000000
34 32 0.000000
44 43 0.000000
45 41 0.000000
45 40 0.000000
45 39 0.000000
44 39 0.000000
43 38 0.000000
42 38 0.000000
41 38 0.000000
40 37 0.000000
39 35 0.000000
38 35 0.000000
38 34 0.000000
37 34 0.000000
36 32 0.000000
35 32 0.000000
34 33 0.000000
29 38 0.000000
12 85 0.000000
12 84 0.000000
13 82 0.000000
13 81 0.000000
16 76 0.000000
16 75 0.000000
17 75 0.000000
7 66 0.000000
8 66 0.000000
9 66 0.000000
10 66 0.000000
12 66 1.000000
10 64 0.000000
10 64 1.000000
9 64 1.000000
10 62 0.000000
10 61 0.000000
11 57 0.000000
11 56 0.000000
11 55 0.000000
11 52 0.000000
10 51 0.000000
10 52 0.000000
9 51 0.000000
8 51 0.000000
7 51 0.000000
7 50 0.000000
13 47 1.000000
19 50 0.000000
20 50 0.000000
20 51 0.000000
19 72 0.000000
20 72 0.000000
21 71 0.000000
22 70 0.000000
23 72 0.000000
23 71 0.000000
28 70 0.000000
28 69 0.000000
29 68 0.000000
30 69 0.000000
31 70 0.000000
32 70 0.000000
33 70 0.000000
34 70 0.000000
36 70 0.000000
37 70 0.000000
31 73 0.000000
31 72 0.000000
31 71 0.000000
36 68 1.000000
34 66 1.000000
33 64 1.000000
32 62 1.000000
31 61 0.000000
31 60 0.000000
30 60 1.000000
27 60 0.000000
27 61 0.000000
32 44 1.000000
32 43 1.000000
32 55 0.000000
32 54 0.000000
31 58 0.000000
31 57 0.000000
31 56 0.000000
30 56 0.000000
30 57 0.000000
27 59 1.000000
27 58 1.000000
18 62 0.000000
17 63 1.000000
17 58 0.000000
18 58 0.000000
19 59 0.000000
23 49 1.000000
22 48 1.000000
28 59 1.000000
22 62 0.000000
23 62 0.000000
13 65 1.000000
14 64 0.000000
13 64 0.000000
13 65 0.000000
12 66 0.000000
11 66 0.000000
22 56 0.000000
22 55 0.000000
26 63 1.000000
24 64 0.000000
25 63 0.000000
26 63 0.000000
36 17 1.000000
36 16 1.000000
27 12 1.000000
36 8 1.000000
34 9 1.000000
0 19 0.000000
0 18 0.000000
3 20 0.000000
0 18 1.000000
4 22 0.000000
6 29 0.000000
7 29 0.000000
8 31 0.000000
8 30 0.000000
12 32 0.000000
12 32 1.000000
39 35 0.000000
38 35 0.000000
38 34 0.000000
37 34 0.000000
36 32 0.000000
35 32 0.000000
34 32 0.000000
34 33 0.000000
29 35 0.000000
29 34 0.000000
28 35 0.000000
28 34 0.000000
22 33 0.000000
22 32 0.000000
21 32 0.000000
20 32 0.000000
19 32 0.000000
17 31 0.000000
16 31 0.000000
18 31 0.000000
12 32 0.000000
12 31 0.000000
9 35 0.000000
9 34 0.000000
15 35 0.000000
14 35 0.000000
13 34 0.000000
13 33 0.000000
17 34 1.000000
18 35 1.000000
45 41 0.000000
45 39 0.000000
44 39 0.000000
43 38 0.000000
42 38 0.000000
41 38 0.000000
40 37 0.000000
30 57 0.000000
30 56 0.000000
31 57 0.000000
31 56 0.000000
33 55 1.000000
32 54 0.000000
32 52 1.000000
29 39 0.000000
29 38 0.000000
29 36 0.000000
28 36 0.000000
27 36 0.000000
26 36 0.000000
23 36 0.000000
9 38 0.000000
9 37 0.000000
9 36 0.000000
7 51 0.000000
8 51 0.000000
8 50 0.000000
7 50 0.000000
11 53 0.000000
11 52 0.000000
11 51 0.000000
10 51 0.000000
10 52 0.000000
9 51 0.000000
15 49 1.000000
13 47 1.000000
12 42 1.000000
15 38 0.000000
15 37 0.000000
20 51 0.000000
20 50 0.000000
19 50 0.000000
32 55 0.000000
33 55 0.000000
44 43 0.000000
45 40 0.000000
12 85 0.000000
12 84 0.000000
13 82 0.000000
13 81 0.000000
11 66 0.000000
10 66 0.000000
9 64 1.000000
9 66 0.000000
8 66 0.000000
7 66 0.000000
13 64 0.000000
14 64 0.000000
16 71 0.000000
16 70 0.000000
19 72 0.000000
20 72 0.000000
21 71 0.000000
23 72 0.000000
23 71 0.000000
22 70 0.000000
22 69 0.000000
22 62 0.000000
24 64 0.000000
25 63 0.000000
28 63 0.000000
29 63 0.000000
28 70 0.000000
28 69 0.000000
29 68 0.000000
30 69 0.000000
31 73 0.000000
31 72 0.000000
31 71 0.000000
31 70 0.000000
32 70 0.000000
33 70 0.000000
34 70 0.000000
36 70 0.000000
37 70 0.000000
37 69 1.000000
36 68 1.000000
35 67 1.000000
34 66 1.000000
34 66 0.000000
34 66 1.000000
34 66 0.000000
34 66 1.000000
34 66 0.000000
31 60 0.000000
31 58 0.000000
18 62 0.000000
17 63 1.000000
17 58 0.000000
18 58 0.000000
18 58 1.000000
19 60 0.000000
19 59 0.000000
10 62 0.000000
10 61 0.000000
15 66 0.000000
14 75 0.000000
14 74 0.000000
16 76 0.000000
16 75 0.000000
17 75 0.000000
13 78 0.000000
16 78 1.000000
14 78 0.000000
15 78 0.000000
16 78 0.000000
14 81 0.000000
14 80 0.000000
14 79 0.000000
13 80 0.000000
13 79 0.000000
14 73 0.000000
14 77 0.000000
14 76 0.000000
15 77 0.000000
15 76 0.000000
27 59 1.000000
27 60 0.000000
27 61 0.000000
23 62 0.000000
18 58 0.000000
11 57 0.000000
11 56 0.000000
11 55 0.000000
11 54 0.000000
27 59 0.000000
28 60 0.000000
28 62 0.000000
28 61 0.000000
29 60 0.000000
31 69 0.000000
32 69 0.000000
33 69 0.000000
34 69 0.000000
35 69 0.000000
31 69 1.000000
32 69 1.000000
33 69 1.000000
34 69 1.000000
35 69 1.000000
28 62 1.000000
28 61 1.000000
28 60 1.000000
27 60 1.000000
27 59 1.000000
28 59 1.000000
28 59 0.000000
27 58 1.000000
26 57 1.000000
29 60 1.000000
30 60 1.000000
26 60 1.000000
23 49 1.000000
22 48 1.000000
22 47 1.000000
21 45 1.000000
21 44 1.000000
22 56 0.000000
22 55 0.000000
22 54 0.000000
25 55 1.000000
32 44 1.000000
32 43 1.000000
32 52 0.000000
32 53 0.000000
29 36 1.000000
29 37 0.000000
29 36 0.000000
22 31 0.000000
21 31 0.000000
18 31 1.000000
20 31 0.000000
19 31 0.000000
18 31 0.000000
36 17 1.000000
36 16 1.000000
36 8 1.000000
34 9 1.000000
28 12 0.000000
4 22 0.000000
3 20 0.000000
0 19 0.000000
0 18 0.000000
28 12 1.000000
27 12 1.000000
39 35 0.000000
38 35 0.000000
37 34 0.000000
36 32 0.000000
35 32 0.000000
28 36 0.000000
29 36 0.000000
29 35 0.000000
28 35 0.000000
27 36 0.000000
26 36 0.000000
23 36 0.000000
22 33 0.000000
21 32 0.000000
19 32 0.000000
16 31 0.000000
17 31 0.000000
18 31 0.000000
15 35 0.000000
14 35 0.000000
17 34 1.000000
8 31 0.000000
8 30 0.000000
6 29 0.000000
7 29 0.000000
12 32 0.000000
12 31 0.000000
9 37 0.000000
9 36 0.000000
9 35 0.000000
9 34 0.000000
13 34 0.000000
13 33 0.000000
14 34 0.000000
18 35 1.000000
20 32 0.000000
21 31 0.000000
40 37 0.000000
34 33 0.000000
34 32 0.000000
12 85 0.000000
12 84 0.000000
13 82 0.000000
13 81 0.000000
14 81 0.000000
13 79 0.000000
13 78 0.000000
13 80 0.000000
14 80 0.000000
14 79 0.000000
15 78 0.000000
14 78 0.000000
16 76 0.000000
16 75 0.000000
17 75 0.000000
14 74 0.000000
14 74 1.000000
14 74 0.000000
14 75 0.000000
14 73 0.000000
7 66 0.000000
8 66 0.000000
9 66 0.000000
10 66 0.000000
9 64 1.000000
11 66 0.000000
13 64 0.000000
14 64 0.000000
37 69 1.000000
36 68 1.000000
29 68 0.000000
30 68 0.000000
31 73 0.000000
31 72 0.000000
32 70 0.000000
33 70 0.000000
34 70 0.000000
36 70 0.000000
37 70 0.000000
37 69 0.000000
30 68 1.000000
28 70 0.000000
28 69 0.000000
23 72 0.000000
23 71 0.000000
22 70 0.000000
22 69 0.000000
22 62 0.000000
23 62 0.000000
24 64 0.000000
24 63 0.000000
25 63 0.000000
28 63 0.000000
29 63 0.000000
35 67 1.000000
34 66 1.000000
33 64 1.000000
33 63 1.000000
32 62 1.000000
31 61 0.000000
30 60 1.000000
31 60 0.000000
16 71 0.000000
16 70 0.000000
19 72 0.000000
20 72 0.000000
21 71 0.000000
18 62 0.000000
17 63 1.000000
15 66 0.000000
14 75 1.000000
14 74 1.000000
31 71 0.000000
31 70 0.000000
31 58 0.000000
31 57 0.000000
30 57 0.000000
30 56 0.000000
31 56 0.000000
32 55 0.000000
32 54 0.000000
32 52 1.000000
32 51 1.000000
32 48 1.000000
32 44 1.000000
32 43 1.000000
27 61 0.000000
27 60 0.000000
27 59 1.000000
28 59 1.000000
27 58 1.000000
20 51 0.000000
21 51 0.000000
20 50 0.000000
19 50 0.000000
20 58 1.000000
19 60 0.000000
19 59 0.000000
19 59 1.000000
17 58 0.000000
18 58 0.000000
19 59 0.000000
19 60 1.000000
11 58 0.000000
11 57 0.000000
11 55 0.000000
11 53 0.000000
11 52 0.000000
10 51 0.000000
10 52 0.000000
9 51 0.000000
8 51 0.000000
7 50 0.000000
8 50 0.000000
7 51 0.000000
13 47 1.000000
15 49 1.000000
12 42 1.000000
10 62 0.000000
10 61 0.000000
11 56 0.000000
11 58 1.000000
11 57 1.000000
11 56 1.000000
11 55 1.000000
25 55 1.000000
22 56 0.000000
22 55 0.000000
22 54 0.000000
24 52 1.000000
22 48 1.000000
23 49 1.000000
22 47 1.000000
21 45 1.000000
21 44 1.000000
9 38 0.000000
44 43 0.000000
45 41 0.000000
45 40 0.000000
45 39 0.000000
44 39 0.000000
43 38 0.000000
42 38 0.000000
41 38 0.000000
38 34 0.000000
28 34 0.000000
29 34 0.000000
22 33 1.000000
15 38 0.000000
15 37 0.000000
22 33 0.000000
29 39 0.000000
42 83 0.000000
43 75 0.000000
43 72 0.000000
43 71 0.000000
43 70 0.000000
45 69 1.000000
45 68 0.000000
46 68 0.000000
46 69 0.000000
47 69 0.000000
47 70 0.000000
47 71 0.000000
48 71 0.000000
49 71 0.000000
50 71 0.000000
50 67 0.000000
51 67 0.000000
52 67 0.000000
57 73 0.000000
57 72 0.000000
57 71 0.000000
57 70 0.000000
56 69 0.000000
57 69 0.000000
55 68 0.000000
54 68 0.000000
53 68 0.000000
49 75 0.000000
49 74 0.000000
51 70 1.000000
51 70 0.000000
50 71 1.000000
51 70 1.000000
50 69 1.000000
45 67 0.000000
46 67 0.000000
42 68 0.000000
42 67 0.000000
42 67 1.000000
41 85 0.000000
42 67 0.000000
41 66 0.000000
40 65 0.000000
39 64 0.000000
25 33 1.000000
25 32 1.000000
25 31 0.000000
26 31 0.000000
27 31 0.000000
27 30 0.000000
26 29 0.000000
26 28 0.000000
25 28 0.000000
25 29 0.000000
25 30 0.000000
26 30 0.000000
24 29 0.000000
22 23 0.000000
22 23 1.000000
22 23 0.000000
23 22 0.000000
24 22 0.000000
27 23 0.000000
28 23 0.000000
29 24 0.000000
29 25 0.000000
27 27 0.000000
28 32 0.000000
28 31 0.000000
0 48 0.000000
1 48 0.000000
0 49 0.000000
1 49 0.000000
2 49 0.000000
3 49 0.000000
4 49 0.000000
6 49 0.000000
7 49 0.000000
8 49 0.000000
8 50 0.000000
9 49 0.000000
10 49 0.000000
9 51 0.000000
9 50 0.000000
11 50 0.000000
12 51 0.000000
13 51 0.000000
13 52 0.000000
14 52 0.000000
15 52 0.000000
16 52 0.000000
15 53 0.000000
16 53 0.000000
17 53 0.000000
18 53 0.000000
18 54 0.000000
19 53 0.000000
19 54 0.000000
20 54 0.000000
21 54 0.000000
22 54 0.000000
24 55 0.000000
25 55 0.000000
26 55 0.000000
27 55 0.000000
27 55 1.000000
27 55 0.000000
28 55 0.000000
28 56 0.000000
29 55 0.000000
30 56 0.000000
31 56 0.000000
32 56 0.000000
33 56 0.000000
33 61 0.000000
34 55 0.000000
36 54 0.000000
36 55 0.000000
36 56 0.000000
37 57 0.000000
37 58 0.000000
38 59 0.000000
39 61 0.000000
25 33 1.000000
25 32 1.000000
25 31 0.000000
26 31 0.000000
27 31 0.000000
27 30 0.000000
26 30 0.000000
25 30 0.000000
24 29 0.000000
25 29 0.000000
26 29 0.000000
26 28 0.000000
25 28 0.000000
22 23 0.000000
23 22 0.000000
24 22 0.000000
27 23 0.000000
28 23 0.000000
29 24 0.000000
29 25 0.000000
29 23 0.000000
28 26 0.000000
27 27 0.000000
27 28 0.000000
27 29 0.000000
28 33 0.000000
28 33 1.000000
28 33 0.000000
27 34 0.000000
28 32 0.000000
49 71 0.000000
48 71 0.000000
47 71 0.000000
47 70 0.000000
47 69 0.000000
46 69 0.000000
45 69 1.000000
45 68 0.000000
46 68 0.000000
46 67 0.000000
45 67 0.000000
39 64 0.000000
40 65 0.000000
41 66 0.000000
41 66 1.000000
41 66 0.000000
42 67 0.000000
42 68 0.000000
43 70 0.000000
43 71 0.000000
43 72 0.000000
43 75 0.000000
41 85 0.000000
49 75 0.000000
49 74 0.000000
50 69 1.000000
51 71 0.000000
50 67 0.000000
51 67 0.000000
52 67 0.000000
53 68 0.000000
54 68 0.000000
56 68 0.000000
57 73 0.000000
57 71 0.000000
57 72 0.000000
57 70 0.000000
57 69 0.000000
56 69 0.000000
57 68 0.000000
55 68 0.000000
46 79 1.000000
46 78 1.000000
46 77 1.000000
51 71 1.000000
51 70 1.000000
54 78 1.000000
55 81 1.000000
56 85 0.000000
42 83 0.000000
33 56 0.000000
32 56 0.000000
31 56 0.000000
30 56 0.000000
28 56 0.000000
28 55 0.000000
27 55 0.000000
26 55 0.000000
25 55 0.000000
24 55 0.000000
22 54 0.000000
21 54 0.000000
20 54 0.000000
19 54 0.000000
18 54 0.000000
19 53 0.000000
18 53 0.000000
17 53 0.000000
16 53 0.000000
15 53 0.000000
16 52 0.000000
15 52 0.000000
14 52 0.000000
13 52 0.000000
14 51 0.000000
13 51 0.000000
12 51 0.000000
11 50 0.000000
10 49 0.000000
9 49 0.000000
8 49 0.000000
8 50 0.000000
9 50 0.000000
9 51 0.000000
0 48 0.000000
1 48 0.000000
1 49 0.000000
0 49 0.000000
2 49 0.000000
3 49 0.000000
4 49 0.000000
6 49 0.000000
7 49 0.000000
39 61 0.000000
39 60 0.000000
38 59 0.000000
37 58 0.000000
37 57 0.000000
37 57 1.000000
36 54 0.000000
36 55 0.000000
36 56 0.000000
37 57 0.000000
33 61 0.000000
34 55 0.000000
29 55 0.000000
