   3.3791667e+01  -1.2004167e+02
   3.3750000e+01  -1.2004167e+02
   3.3708333e+01  -1.2004167e+02
   3.3666667e+01  -1.2004167e+02
   3.3625000e+01  -1.2004167e+02
   3.3583333e+01  -1.2004167e+02
   3.3541667e+01  -1.2004167e+02
   3.3500000e+01  -1.2004167e+02
   3.3458333e+01  -1.2004167e+02
   3.3416667e+01  -1.2004167e+02
   3.3375000e+01  -1.2004167e+02
   3.3333333e+01  -1.2004167e+02
   3.3291667e+01  -1.2004167e+02
   3.3250000e+01  -1.2004167e+02
   3.3208333e+01  -1.2004167e+02
   3.3166667e+01  -1.2004167e+02
   3.3125000e+01  -1.2004167e+02
   3.3083333e+01  -1.2004167e+02
   3.3041667e+01  -1.2004167e+02
   3.3000000e+01  -1.2004167e+02
   3.2958333e+01  -1.2004167e+02
   3.2916667e+01  -1.2004167e+02
   3.2875000e+01  -1.2004167e+02
   3.2833333e+01  -1.2004167e+02
   3.2791667e+01  -1.2004167e+02
   3.2750000e+01  -1.2004167e+02
   3.2708333e+01  -1.2004167e+02
   3.2666667e+01  -1.2004167e+02
   3.2625000e+01  -1.2004167e+02
   3.2583333e+01  -1.2004167e+02
   3.2541667e+01  -1.2004167e+02
   3.2500000e+01  -1.2004167e+02
   3.2458333e+01  -1.2004167e+02
   3.2416667e+01  -1.2004167e+02
   3.2375000e+01  -1.2004167e+02
   3.2333333e+01  -1.2004167e+02
   3.2291667e+01  -1.2004167e+02
   3.2250000e+01  -1.2004167e+02
   3.2208333e+01  -1.2004167e+02
   3.2166667e+01  -1.2004167e+02
   3.2125000e+01  -1.2004167e+02
   3.2083333e+01  -1.2004167e+02
   3.2041667e+01  -1.2004167e+02
   3.2000000e+01  -1.2004167e+02
   3.1958333e+01  -1.2004167e+02
   3.1958333e+01  -1.2000000e+02
   3.1958333e+01  -1.1995833e+02
   3.1958333e+01  -1.1991667e+02
   3.1958333e+01  -1.1987500e+02
   3.1958333e+01  -1.1983333e+02
   3.1958333e+01  -1.1979167e+02
   3.1958333e+01  -1.1975000e+02
   3.1958333e+01  -1.1970833e+02
   3.1958333e+01  -1.1966667e+02
   3.1958333e+01  -1.1962500e+02
   3.1958333e+01  -1.1958333e+02
   3.1958333e+01  -1.1954167e+02
   3.1958333e+01  -1.1950000e+02
   3.1958333e+01  -1.1945833e+02
   3.1958333e+01  -1.1941667e+02
   3.1958333e+01  -1.1937500e+02
   3.1958333e+01  -1.1933333e+02
   3.1958333e+01  -1.1929167e+02
   3.1958333e+01  -1.1925000e+02
   3.1958333e+01  -1.1920833e+02
   3.1958333e+01  -1.1916667e+02
   3.1958333e+01  -1.1912500e+02
   3.1958333e+01  -1.1908333e+02
   3.1958333e+01  -1.1904167e+02
   3.1958333e+01  -1.1900000e+02
   3.1958333e+01  -1.1895833e+02
   3.1958333e+01  -1.1891667e+02
   3.1958333e+01  -1.1887500e+02
   3.1958333e+01  -1.1883333e+02
   3.1958333e+01  -1.1879167e+02
   3.1958333e+01  -1.1875000e+02
   3.1958333e+01  -1.1870833e+02
   3.1958333e+01  -1.1866667e+02
   3.1958333e+01  -1.1862500e+02
   3.1958333e+01  -1.1858333e+02
   3.1958333e+01  -1.1854167e+02
   3.1958333e+01  -1.1850000e+02
   3.1958333e+01  -1.1845833e+02
   3.1958333e+01  -1.1841667e+02
   3.1958333e+01  -1.1837500e+02
   3.1958333e+01  -1.1833333e+02
   3.1958333e+01  -1.1829167e+02
   3.1958333e+01  -1.1825000e+02
   3.1958333e+01  -1.1820833e+02
   3.1958333e+01  -1.1816667e+02
   3.1958333e+01  -1.1812500e+02
   3.1958333e+01  -1.1808333e+02
   3.1958333e+01  -1.1804167e+02
   3.1958333e+01  -1.1800000e+02
   3.1958333e+01  -1.1795833e+02
   3.1958333e+01  -1.1791667e+02
   3.1958333e+01  -1.1787500e+02
   3.1958333e+01  -1.1783333e+02
   3.1958333e+01  -1.1779167e+02
   3.1958333e+01  -1.1775000e+02
   3.1958333e+01  -1.1770833e+02
   3.1958333e+01  -1.1766667e+02
   3.1958333e+01  -1.1762500e+02
   3.1958333e+01  -1.1758333e+02
   3.1958333e+01  -1.1754167e+02
   3.1958333e+01  -1.1750000e+02
   3.1958333e+01  -1.1745833e+02
   3.1958333e+01  -1.1741667e+02
   3.1958333e+01  -1.1737500e+02
   3.1958333e+01  -1.1733333e+02
   3.1958333e+01  -1.1729167e+02
   3.1958333e+01  -1.1725000e+02
   3.1958333e+01  -1.1720833e+02
   3.1958333e+01  -1.1716667e+02
   3.1958333e+01  -1.1712500e+02
   3.1958333e+01  -1.1708333e+02
   3.1958333e+01  -1.1704167e+02
   3.1958333e+01  -1.1700000e+02
   3.1958333e+01  -1.1695833e+02
   3.1958333e+01  -1.1691667e+02
   3.1958333e+01  -1.1687500e+02
   3.1958333e+01  -1.1683333e+02
   3.1958333e+01  -1.1679167e+02
   3.1958333e+01  -1.1675000e+02
   3.1958333e+01  -1.1670833e+02
   3.2000000e+01  -1.1670833e+02
   3.2041667e+01  -1.1670833e+02
   3.2083333e+01  -1.1670833e+02
   3.2125000e+01  -1.1670833e+02
   3.2166667e+01  -1.1670833e+02
   3.2208333e+01  -1.1670833e+02
   3.2250000e+01  -1.1670833e+02
   3.2291667e+01  -1.1670833e+02
   3.2333333e+01  -1.1670833e+02
   3.2375000e+01  -1.1670833e+02
   3.2416667e+01  -1.1670833e+02
   3.2458333e+01  -1.1670833e+02
   3.2500000e+01  -1.1670833e+02
   3.2541667e+01  -1.1670833e+02
   3.2583333e+01  -1.1670833e+02
   3.2625000e+01  -1.1670833e+02
   3.2666667e+01  -1.1670833e+02
   3.2708333e+01  -1.1670833e+02
   3.2750000e+01  -1.1670833e+02
   3.2791667e+01  -1.1670833e+02
   3.2833333e+01  -1.1670833e+02
   3.2875000e+01  -1.1670833e+02
   3.2916667e+01  -1.1670833e+02
   3.2958333e+01  -1.1670833e+02
   3.3000000e+01  -1.1670833e+02
   3.3041667e+01  -1.1670833e+02
   3.3083333e+01  -1.1670833e+02
   3.3125000e+01  -1.1670833e+02
   3.3166667e+01  -1.1670833e+02
   3.3208333e+01  -1.1670833e+02
   3.3250000e+01  -1.1670833e+02
   3.3291667e+01  -1.1670833e+02
   3.3333333e+01  -1.1670833e+02
   3.3375000e+01  -1.1670833e+02
   3.3416667e+01  -1.1670833e+02
   3.3458333e+01  -1.1670833e+02
   3.3500000e+01  -1.1670833e+02
   3.3541667e+01  -1.1670833e+02
   3.3583333e+01  -1.1670833e+02
   3.3625000e+01  -1.1670833e+02
   3.3666667e+01  -1.1670833e+02
   3.3708333e+01  -1.1670833e+02
   3.3750000e+01  -1.1670833e+02
   3.3791667e+01  -1.1670833e+02
   3.3791667e+01  -1.1675000e+02
   3.3791667e+01  -1.1679167e+02
   3.3791667e+01  -1.1683333e+02
   3.3791667e+01  -1.1687500e+02
   3.3791667e+01  -1.1691667e+02
   3.3791667e+01  -1.1695833e+02
   3.3791667e+01  -1.1700000e+02
   3.3791667e+01  -1.1704167e+02
   3.3791667e+01  -1.1708333e+02
   3.3791667e+01  -1.1712500e+02
   3.3791667e+01  -1.1716667e+02
   3.3791667e+01  -1.1720833e+02
   3.3791667e+01  -1.1725000e+02
   3.3791667e+01  -1.1729167e+02
   3.3791667e+01  -1.1733333e+02
   3.3791667e+01  -1.1737500e+02
   3.3791667e+01  -1.1741667e+02
   3.3791667e+01  -1.1745833e+02
   3.3791667e+01  -1.1750000e+02
   3.3791667e+01  -1.1754167e+02
   3.3791667e+01  -1.1758333e+02
   3.3791667e+01  -1.1762500e+02
   3.3791667e+01  -1.1766667e+02
   3.3791667e+01  -1.1770833e+02
   3.3791667e+01  -1.1775000e+02
   3.3791667e+01  -1.1779167e+02
   3.3791667e+01  -1.1783333e+02
   3.3791667e+01  -1.1787500e+02
   3.3791667e+01  -1.1791667e+02
   3.3791667e+01  -1.1795833e+02
   3.3791667e+01  -1.1800000e+02
   3.3791667e+01  -1.1804167e+02
   3.3791667e+01  -1.1808333e+02
   3.3791667e+01  -1.1812500e+02
   3.3791667e+01  -1.1816667e+02
   3.3791667e+01  -1.1820833e+02
   3.3791667e+01  -1.1825000e+02
   3.3791667e+01  -1.1829167e+02
   3.3791667e+01  -1.1833333e+02
   3.3791667e+01  -1.1837500e+02
   3.3791667e+01  -1.1841667e+02
   3.3791667e+01  -1.1845833e+02
   3.3791667e+01  -1.1850000e+02
   3.3791667e+01  -1.1854167e+02
   3.3791667e+01  -1.1858333e+02
   3.3791667e+01  -1.1862500e+02
   3.3791667e+01  -1.1866667e+02
   3.3791667e+01  -1.1870833e+02
   3.3791667e+01  -1.1875000e+02
   3.3791667e+01  -1.1879167e+02
   3.3791667e+01  -1.1883333e+02
   3.3791667e+01  -1.1887500e+02
   3.3791667e+01  -1.1891667e+02
   3.3791667e+01  -1.1895833e+02
   3.3791667e+01  -1.1900000e+02
   3.3791667e+01  -1.1904167e+02
   3.3791667e+01  -1.1908333e+02
   3.3791667e+01  -1.1912500e+02
   3.3791667e+01  -1.1916667e+02
   3.3791667e+01  -1.1920833e+02
   3.3791667e+01  -1.1925000e+02
   3.3791667e+01  -1.1929167e+02
   3.3791667e+01  -1.1933333e+02
   3.3791667e+01  -1.1937500e+02
   3.3791667e+01  -1.1941667e+02
   3.3791667e+01  -1.1945833e+02
   3.3791667e+01  -1.1950000e+02
   3.3791667e+01  -1.1954167e+02
   3.3791667e+01  -1.1958333e+02
   3.3791667e+01  -1.1962500e+02
   3.3791667e+01  -1.1966667e+02
   3.3791667e+01  -1.1970833e+02
   3.3791667e+01  -1.1975000e+02
   3.3791667e+01  -1.1979167e+02
   3.3791667e+01  -1.1983333e+02
   3.3791667e+01  -1.1987500e+02
   3.3791667e+01  -1.1991667e+02
   3.3791667e+01  -1.1995833e+02
   3.3791667e+01  -1.2000000e+02
   3.3791667e+01  -1.2004167e+02
