73 370 1.000000
74 370 1.000000
75 370 1.000000
75 369 1.000000
74 369 1.000000
73 369 1.000000
179 166 0.000000
179 165 0.000000
178 165 0.000000
178 164 0.000000
177 165 0.000000
83 142 1.000000
82 143 1.000000
81 145 1.000000
77 147 1.000000
78 147 1.000000
79 147 1.000000
75 147 0.000000
76 148 1.000000
75 143 0.000000
79 138 0.000000
80 137 0.000000
82 136 0.000000
84 140 1.000000
81 144 1.000000
81 144 0.000000
81 136 0.000000
130 141 1.000000
131 141 1.000000
129 140 1.000000
130 140 1.000000
131 140 1.000000
169 106 1.000000
167 103 1.000000
166 100 0.000000
179 95 1.000000
177 104 1.000000
178 103 1.000000
176 106 1.000000
169 116 1.000000
166 112 0.000000
167 111 0.000000
168 110 0.000000
169 95 0.000000
138 77 1.000000
139 77 1.000000
140 76 1.000000
141 73 0.000000
138 73 1.000000
137 69 1.000000
137 65 1.000000
137 69 0.000000
137 69 1.000000
144 46 0.000000
145 45 0.000000
144 54 1.000000
144 53 1.000000
143 58 0.000000
139 47 0.000000
139 47 1.000000
140 46 0.000000
139 46 0.000000
139 47 0.000000
139 48 0.000000
144 53 0.000000
204 159 1.000000
204 159 0.000000
204 158 0.000000
203 151 1.000000
203 150 1.000000
203 149 1.000000
202 144 0.000000
202 145 1.000000
198 140 1.000000
197 140 1.000000
204 126 0.000000
205 126 0.000000
206 126 1.000000
207 126 1.000000
209 126 0.000000
210 126 0.000000
210 127 0.000000
209 127 0.000000
208 127 0.000000
211 124 0.000000
216 124 0.000000
217 123 0.000000
218 121 0.000000
219 119 0.000000
221 113 0.000000
221 112 0.000000
231 88 0.000000
227 97 0.000000
226 98 0.000000
225 100 0.000000
224 103 0.000000
223 105 0.000000
221 111 0.000000
220 116 0.000000
210 105 0.000000
203 109 0.000000
203 109 1.000000
210 105 1.000000
236 73 0.000000
244 42 1.000000
244 43 1.000000
243 51 1.000000
242 55 0.000000
241 58 0.000000
239 61 0.000000
245 30 1.000000
245 29 1.000000
245 28 1.000000
245 27 0.000000
245 26 0.000000
240 4 1.000000
166 118 1.000000
165 119 1.000000
165 119 0.000000
164 117 0.000000
165 119 1.000000
165 119 0.000000
164 117 1.000000
166 118 0.000000
164 117 0.000000
138 74 0.000000
138 73 0.000000
141 70 0.000000
141 69 0.000000
77 147 0.000000
75 147 1.000000
51 197 1.000000
52 197 1.000000
52 196 1.000000
51 196 1.000000
51 195 1.000000
52 195 1.000000
1 169 0.000000
3 168 1.000000
5 167 1.000000
8 163 0.000000
8 162 0.000000
7 162 0.000000
4 161 0.000000
3 161 0.000000
128 108 0.000000
128 109 0.000000
127 108 0.000000
124 109 0.000000
123 109 0.000000
110 116 1.000000
119 118 1.000000
108 130 1.000000
102 137 1.000000
103 137 1.000000
106 123 1.000000
144 164 0.000000
102 196 1.000000
103 196 1.000000
104 196 1.000000
105 196 1.000000
106 196 1.000000
107 196 1.000000
105 190 0.000000
106 190 0.000000
118 190 1.000000
119 190 1.000000
120 190 1.000000
133 173 0.000000
127 184 1.000000
122 189 1.000000
121 189 1.000000
116 191 1.000000
144 164 1.000000
253 105 0.000000
254 105 0.000000
254 104 0.000000
253 104 0.000000
253 103 0.000000
250 103 1.000000
251 102 0.000000
250 100 1.000000
249 97 1.000000
249 96 1.000000
249 95 1.000000
249 94 1.000000
250 91 1.000000
250 90 1.000000
251 89 0.000000
253 91 0.000000
254 91 0.000000
253 92 0.000000
252 92 0.000000
252 93 0.000000
253 93 0.000000
253 94 0.000000
253 95 0.000000
254 95 0.000000
254 96 0.000000
255 96 0.000000
256 96 0.000000
257 96 0.000000
258 96 0.000000
257 95 0.000000
258 95 0.000000
258 94 0.000000
259 94 0.000000
259 93 0.000000
260 92 0.000000
261 92 0.000000
262 92 0.000000
260 91 0.000000
261 91 0.000000
262 91 0.000000
263 91 0.000000
263 90 0.000000
262 90 0.000000
261 90 0.000000
261 89 0.000000
261 88 0.000000
260 88 0.000000
262 88 0.000000
263 88 0.000000
264 88 0.000000
264 87 0.000000
263 87 0.000000
263 86 0.000000
264 86 0.000000
265 86 0.000000
265 85 0.000000
264 85 0.000000
263 85 0.000000
264 84 0.000000
265 84 0.000000
264 83 0.000000
265 83 0.000000
266 83 0.000000
266 82 0.000000
266 81 0.000000
266 80 0.000000
267 80 0.000000
267 79 0.000000
266 79 0.000000
265 80 0.000000
265 81 0.000000
265 82 0.000000
264 82 0.000000
264 89 0.000000
263 89 0.000000
262 89 0.000000
263 81 1.000000
264 71 1.000000
264 70 1.000000
264 69 1.000000
264 68 1.000000
264 67 1.000000
264 66 1.000000
264 65 1.000000
264 64 1.000000
265 61 1.000000
266 59 1.000000
250 56 1.000000
250 55 1.000000
251 55 1.000000
251 54 1.000000
250 54 1.000000
251 53 1.000000
267 57 1.000000
267 56 1.000000
268 53 1.000000
272 43 1.000000
293 0 0.000000
291 9 0.000000
290 19 1.000000
289 21 1.000000
289 22 1.000000
289 22 0.000000
279 35 0.000000
288 24 1.000000
288 23 1.000000
287 29 1.000000
292 2 1.000000
258 90 1.000000
0 16 0.000000
1 16 0.000000
1 15 0.000000
0 15 0.000000
13 18 0.000000
12 17 0.000000
13 12 0.000000
12 11 0.000000
29 8 0.000000
16 21 0.000000
17 21 0.000000
33 0 0.000000
21 19 0.000000
19 20 0.000000
22 18 0.000000
32 0 0.000000
14 23 0.000000
16 22 0.000000
17 22 0.000000
13 18 0.000000
12 18 0.000000
13 11 0.000000
13 13 0.000000
27 6 0.000000
28 9 0.000000
28 6 1.000000
27 6 1.000000
33 0 0.000000
32 3 0.000000
33 6 1.000000
33 9 0.000000
38 0 0.000000
37 4 1.000000
37 4 0.000000
35 5 0.000000
36 4 0.000000
37 3 0.000000
19 23 0.000000
21 22 0.000000
22 22 0.000000
17 18 0.000000
18 18 0.000000
18 17 0.000000
18 11 0.000000
18 13 0.000000
5 16 0.000000
35 5 1.000000
40 21 0.000000
39 21 0.000000
39 23 0.000000
36 26 0.000000
37 25 0.000000
39 36 0.000000
40 33 0.000000
40 33 1.000000
39 36 1.000000
44 43 0.000000
45 43 0.000000
69 19 0.000000
70 18 0.000000
71 16 0.000000
68 18 0.000000
70 16 0.000000
78 0 0.000000
79 0 0.000000
77 0 0.000000
77 1 0.000000
55 38 0.000000
52 40 0.000000
66 27 0.000000
70 16 1.000000
