45
-171418.516 3996209.00
-171418.516 3990635.75
-171418.516 3985064.75
-171418.516 3979497.75
-171418.516 3973932.50
-171418.516 3968369.50
-171418.516 3962809.50
-171418.516 3957252.50
-171418.516 3951697.50
-171418.516 3946146.25
-171418.516 3940597.00
-171418.516 3935050.25
-171418.516 3929506.75
-171418.516 3923965.25
-171418.516 3918426.50
-171418.516 3912890.75
-171418.516 3907357.75
-171418.516 3901827.00
-171418.516 3896299.50
-171418.516 3890773.50
-171418.516 3885250.50
-171418.516 3879731.00
-171418.516 3874213.00
-171418.516 3868698.00
-171418.516 3863185.50
-171418.516 3857675.75
-171418.516 3852168.50
-171418.516 3846663.50
-171418.516 3841161.50
-171418.516 3835662.00
-171418.516 3830164.75
-171418.516 3824670.25
-171418.516 3819178.50
-171418.516 3813689.50
-171418.516 3808202.50
-171418.516 3802717.75
-171418.516 3797236.75
-171418.516 3791757.00
-171418.516 3786280.00
-171418.516 3780806.50
-171418.516 3775334.00
-171418.516 3769865.00
-171418.516 3764398.75
-171418.516 3758933.75
-171418.516 3753471.75
81
-171418.516 3753471.75
-166785.047 3753471.75
-162151.547 3753471.75
-157519.766 3753471.75
-152886.281 3753471.75
-148252.812 3753471.75
-143621.016 3753471.75
-138987.531 3753471.75
-134354.047 3753471.75
-129722.266 3753471.75
-125088.781 3753471.75
-120455.305 3753471.75
-115823.500 3753471.75
-111190.031 3753471.75
-106556.539 3753471.75
-101924.758 3753471.75
-97291.2734 3753471.75
-92657.7891 3753471.75
-88026.0000 3753471.75
-83392.5234 3753471.75
-78759.0391 3753471.75
-74127.2500 3753471.75
-69493.7656 3753471.75
-64860.2773 3753471.75
-60228.4922 3753471.75
-55595.0156 3753471.75
-50961.5273 3753471.75
-46329.7422 3753471.75
-41696.2617 3753471.75
-37062.7773 3753471.75
-32430.9902 3753471.75
-27797.5078 3753471.75
-23164.0234 3753471.75
-18532.2363 3753471.75
-13898.7539 3753471.75
-9265.26953 3753471.75
-4633.48340 3753471.75
0.00000000 3753471.75
4633.48340 3753471.75
9265.26953 3753471.75
13898.7539 3753471.75
18532.2363 3753471.75
23164.0234 3753471.75
27797.5078 3753471.75
32430.9902 3753471.75
37062.7773 3753471.75
41696.2617 3753471.75
46329.7422 3753471.75
50961.5273 3753471.75
55595.0156 3753471.75
60228.4922 3753471.75
64860.2773 3753471.75
69493.7656 3753471.75
74127.2500 3753471.75
78759.0391 3753471.75
83392.5234 3753471.75
88026.0000 3753471.75
92657.7891 3753471.75
97291.2734 3753471.75
101924.758 3753471.75
106556.539 3753471.75
111190.031 3753471.75
115823.500 3753471.75
120455.305 3753471.75
125088.781 3753471.75
129722.266 3753471.75
134354.047 3753471.75
138987.531 3753471.75
143621.016 3753471.75
148252.812 3753471.75
152886.281 3753471.75
157519.766 3753471.75
162151.547 3753471.75
166785.047 3753471.75
171418.516 3753471.75
176050.297 3753471.75
180683.797 3753471.75
185317.266 3753471.75
189949.078 3753471.75
194582.547 3753471.75
199216.016 3753471.75
45
199216.016 3753471.75
199216.016 3758933.75
199216.016 3764398.75
199216.016 3769865.00
199216.016 3775334.00
199216.016 3780806.50
199216.016 3786280.00
199216.016 3791757.00
199216.016 3797236.75
199216.016 3802717.75
199216.016 3808202.50
199216.016 3813689.50
199216.016 3819178.50
199216.016 3824670.25
199216.016 3830164.75
199216.016 3835662.00
199216.016 3841161.50
199216.016 3846663.50
199216.016 3852168.50
199216.016 3857675.75
199216.016 3863185.50
199216.016 3868698.00
199216.016 3874213.00
199216.016 3879731.00
199216.016 3885250.50
199216.016 3890773.50
199216.016 3896299.50
199216.016 3901827.00
199216.016 3907357.75
199216.016 3912890.75
199216.016 3918426.50
199216.016 3923965.25
199216.016 3929506.75
199216.016 3935050.25
199216.016 3940597.00
199216.016 3946146.25
199216.016 3951697.50
199216.016 3957252.50
199216.016 3962809.50
199216.016 3968369.50
199216.016 3973932.50
199216.016 3979497.75
199216.016 3985064.75
199216.016 3990635.75
199216.016 3996209.00
81
199216.016 3996209.00
194582.547 3996209.00
189949.078 3996209.00
185317.266 3996209.00
180683.797 3996209.00
176050.297 3996209.00
171418.516 3996209.00
166785.047 3996209.00
162151.547 3996209.00
157519.766 3996209.00
152886.281 3996209.00
148252.812 3996209.00
143621.016 3996209.00
138987.531 3996209.00
134354.047 3996209.00
129722.266 3996209.00
125088.781 3996209.00
120455.305 3996209.00
115823.500 3996209.00
111190.031 3996209.00
106556.539 3996209.00
101924.758 3996209.00
97291.2734 3996209.00
92657.7891 3996209.00
88026.0000 3996209.00
83392.5234 3996209.00
78759.0391 3996209.00
74127.2500 3996209.00
69493.7656 3996209.00
64860.2773 3996209.00
60228.4922 3996209.00
55595.0156 3996209.00
50961.5273 3996209.00
46329.7422 3996209.00
41696.2617 3996209.00
37062.7773 3996209.00
32430.9902 3996209.00
27797.5078 3996209.00
23164.0234 3996209.00
18532.2363 3996209.00
13898.7539 3996209.00
9265.26953 3996209.00
4633.48340 3996209.00
0.00000000 3996209.00
-4633.48340 3996209.00
-9265.26953 3996209.00
-13898.7539 3996209.00
-18532.2363 3996209.00
-23164.0234 3996209.00
-27797.5078 3996209.00
-32430.9902 3996209.00
-37062.7773 3996209.00
-41696.2617 3996209.00
-46329.7422 3996209.00
-50961.5273 3996209.00
-55595.0156 3996209.00
-60228.4922 3996209.00
-64860.2773 3996209.00
-69493.7656 3996209.00
-74127.2500 3996209.00
-78759.0391 3996209.00
-83392.5234 3996209.00
-88026.0000 3996209.00
-92657.7891 3996209.00
-97291.2734 3996209.00
-101924.758 3996209.00
-106556.539 3996209.00
-111190.031 3996209.00
-115823.500 3996209.00
-120455.305 3996209.00
-125088.781 3996209.00
-129722.266 3996209.00
-134354.047 3996209.00
-138987.531 3996209.00
-143621.016 3996209.00
-148252.812 3996209.00
-152886.281 3996209.00
-157519.766 3996209.00
-162151.547 3996209.00
-166785.047 3996209.00
-171418.516 3996209.00
