   1.6249922e+01   1.4637918e+02
   1.6249922e+01   1.4636875e+02
   1.6249922e+01   1.4635831e+02
   1.6249923e+01   1.4634788e+02
   1.6249923e+01   1.4633744e+02
   1.6249924e+01   1.4632701e+02
   1.6249924e+01   1.4631657e+02
   1.6249924e+01   1.4630614e+02
   1.6249925e+01   1.4629570e+02
   1.6249925e+01   1.4628538e+02
   1.6249926e+01   1.4627505e+02
   1.6249926e+01   1.4626472e+02
   1.6249926e+01   1.4625439e+02
   1.6249927e+01   1.4624407e+02
   1.6249927e+01   1.4623374e+02
   1.6249927e+01   1.4622341e+02
   1.6249928e+01   1.4621308e+02
   1.6249928e+01   1.4620286e+02
   1.6249929e+01   1.4619264e+02
   1.6249929e+01   1.4618242e+02
   1.6249929e+01   1.4617220e+02
   1.6249930e+01   1.4616198e+02
   1.6249930e+01   1.4615176e+02
   1.6249931e+01   1.4614154e+02
   1.6249931e+01   1.4613132e+02
   1.6249931e+01   1.4612121e+02
   1.6249932e+01   1.4611109e+02
   1.6249932e+01   1.4610098e+02
   1.6249932e+01   1.4609087e+02
   1.6249933e+01   1.4608075e+02
   1.6249933e+01   1.4607064e+02
   1.6249934e+01   1.4606052e+02
   1.6249934e+01   1.4605041e+02
   1.6249934e+01   1.4604040e+02
   1.6249935e+01   1.4603040e+02
   1.6249935e+01   1.4602039e+02
   1.6249935e+01   1.4601038e+02
   1.6249936e+01   1.4600038e+02
   1.6249936e+01   1.4599037e+02
   1.6249937e+01   1.4598037e+02
   1.6249937e+01   1.4597036e+02
   1.6249937e+01   1.4596046e+02
   1.6249938e+01   1.4595056e+02
   1.6249938e+01   1.4594066e+02
   1.6249938e+01   1.4593076e+02
   1.6249939e+01   1.4592086e+02
   1.6249939e+01   1.4591096e+02
   1.6249940e+01   1.4590106e+02
   1.6249940e+01   1.4589116e+02
   1.6249940e+01   1.4588137e+02
   1.6249941e+01   1.4587158e+02
   1.6249941e+01   1.4586178e+02
   1.6249941e+01   1.4585199e+02
   1.6249942e+01   1.4584220e+02
   1.6249942e+01   1.4583241e+02
   1.6249943e+01   1.4582261e+02
   1.6249943e+01   1.4581282e+02
   1.6249943e+01   1.4580314e+02
   1.6249944e+01   1.4579345e+02
   1.6249944e+01   1.4578377e+02
   1.6249944e+01   1.4577408e+02
   1.6249945e+01   1.4576439e+02
   1.6249945e+01   1.4575471e+02
   1.6249945e+01   1.4574502e+02
   1.6249946e+01   1.4573534e+02
   1.6249946e+01   1.4572576e+02
   1.6249946e+01   1.4571618e+02
   1.6249947e+01   1.4570660e+02
   1.6249947e+01   1.4569702e+02
   1.6249948e+01   1.4568745e+02
   1.6249948e+01   1.4567787e+02
   1.6249948e+01   1.4566829e+02
   1.6249949e+01   1.4565871e+02
   1.6249949e+01   1.4564918e+02
   1.6249949e+01   1.4563966e+02
   1.6249950e+01   1.4563013e+02
   1.6249950e+01   1.4562061e+02
   1.6249950e+01   1.4561108e+02
   1.6249951e+01   1.4560156e+02
   1.6249951e+01   1.4559203e+02
   1.6249951e+01   1.4558251e+02
   1.6249952e+01   1.4557298e+02
   1.6249952e+01   1.4556346e+02
   1.6249952e+01   1.4555393e+02
   1.6249953e+01   1.4554441e+02
   1.6249953e+01   1.4553488e+02
   1.6249953e+01   1.4552536e+02
   1.6249954e+01   1.4551583e+02
   1.6249954e+01   1.4550631e+02
   1.6249954e+01   1.4549678e+02
   1.6249955e+01   1.4548726e+02
   1.6249955e+01   1.4547773e+02
   1.6249955e+01   1.4546821e+02
   1.6249956e+01   1.4545868e+02
   1.6249956e+01   1.4544916e+02
   1.6249956e+01   1.4543963e+02
   1.6249957e+01   1.4543011e+02
   1.6249957e+01   1.4542058e+02
   1.6249957e+01   1.4541106e+02
   1.6249958e+01   1.4540153e+02
   1.6249958e+01   1.4539201e+02
   1.6249958e+01   1.4538248e+02
   1.6249959e+01   1.4537296e+02
   1.6249959e+01   1.4536343e+02
   1.6249959e+01   1.4535391e+02
   1.6249960e+01   1.4534438e+02
   1.6249960e+01   1.4533486e+02
   1.6249960e+01   1.4532533e+02
   1.6249961e+01   1.4531581e+02
   1.6249961e+01   1.4530628e+02
   1.6249961e+01   1.4529676e+02
   1.6249962e+01   1.4528723e+02
   1.6249962e+01   1.4527771e+02
   1.6249962e+01   1.4526818e+02
   1.6249963e+01   1.4525866e+02
   1.6249963e+01   1.4524913e+02
   1.6249963e+01   1.4523961e+02
   1.6249964e+01   1.4523008e+02
   1.6249964e+01   1.4522056e+02
   1.6249964e+01   1.4521103e+02
   1.6249965e+01   1.4520151e+02
   1.6249965e+01   1.4519198e+02
   1.6249965e+01   1.4518246e+02
   1.6249966e+01   1.4517293e+02
   1.6249966e+01   1.4516341e+02
   1.6249966e+01   1.4515388e+02
   1.6249967e+01   1.4514436e+02
   1.6249967e+01   1.4513484e+02
   1.6249967e+01   1.4512531e+02
   1.6249968e+01   1.4511579e+02
   1.6249968e+01   1.4510626e+02
   1.6249968e+01   1.4509674e+02
   1.6249968e+01   1.4508721e+02
   1.6249969e+01   1.4507769e+02
   1.6249969e+01   1.4506816e+02
   1.6249969e+01   1.4505864e+02
   1.6249970e+01   1.4504911e+02
   1.6249970e+01   1.4503959e+02
   1.6249970e+01   1.4503006e+02
   1.6249971e+01   1.4502054e+02
   1.6249971e+01   1.4501101e+02
   1.6249971e+01   1.4500149e+02
   1.6249972e+01   1.4499196e+02
   1.6249972e+01   1.4498244e+02
   1.6249972e+01   1.4497291e+02
   1.6249972e+01   1.4496339e+02
   1.6249973e+01   1.4495386e+02
   1.6249973e+01   1.4494434e+02
   1.6249973e+01   1.4493481e+02
   1.6249974e+01   1.4492529e+02
   1.6249974e+01   1.4491576e+02
   1.6249974e+01   1.4490624e+02
   1.6249975e+01   1.4489671e+02
   1.6249975e+01   1.4488719e+02
   1.6249975e+01   1.4487766e+02
   1.6249975e+01   1.4486814e+02
   1.6249976e+01   1.4485861e+02
   1.6249976e+01   1.4484909e+02
   1.6249976e+01   1.4483956e+02
   1.6249977e+01   1.4483004e+02
   1.6249977e+01   1.4482051e+02
   1.6249977e+01   1.4481099e+02
   1.6249978e+01   1.4480146e+02
   1.6249978e+01   1.4479194e+02
   1.6249978e+01   1.4478241e+02
   1.6249978e+01   1.4477289e+02
   1.6249979e+01   1.4476336e+02
   1.6249979e+01   1.4475384e+02
   1.6249979e+01   1.4474431e+02
   1.6249980e+01   1.4473479e+02
   1.6249980e+01   1.4472526e+02
   1.6249980e+01   1.4471574e+02
   1.6249980e+01   1.4470621e+02
   1.6249981e+01   1.4469669e+02
   1.6249981e+01   1.4468717e+02
   1.6249981e+01   1.4467764e+02
   1.6249982e+01   1.4466812e+02
   1.6249982e+01   1.4465859e+02
   1.6249982e+01   1.4464907e+02
   1.6249982e+01   1.4463954e+02
   1.6249983e+01   1.4463002e+02
   1.6249983e+01   1.4462049e+02
   1.6249983e+01   1.4461097e+02
   1.6249984e+01   1.4460144e+02
   1.6249984e+01   1.4459192e+02
   1.6249984e+01   1.4458239e+02
   1.6249984e+01   1.4457287e+02
   1.6249985e+01   1.4456334e+02
   1.6249985e+01   1.4455382e+02
   1.6249985e+01   1.4454429e+02
   1.6249986e+01   1.4453477e+02
   1.6249986e+01   1.4452524e+02
   1.6249986e+01   1.4451572e+02
   1.6249986e+01   1.4450619e+02
   1.6249987e+01   1.4449667e+02
   1.6249987e+01   1.4448714e+02
   1.6249987e+01   1.4447762e+02
   1.6249988e+01   1.4446809e+02
   1.6249988e+01   1.4445857e+02
   1.6249988e+01   1.4444904e+02
   1.6249988e+01   1.4443952e+02
   1.6249989e+01   1.4443000e+02
   1.6249989e+01   1.4442047e+02
   1.6249989e+01   1.4441095e+02
   1.6249989e+01   1.4440142e+02
   1.6249990e+01   1.4439190e+02
   1.6249990e+01   1.4438237e+02
   1.6249990e+01   1.4437285e+02
   1.6249991e+01   1.4436332e+02
   1.6249991e+01   1.4435380e+02
   1.6249991e+01   1.4434427e+02
   1.6249991e+01   1.4433475e+02
   1.6249992e+01   1.4432522e+02
   1.6249992e+01   1.4431570e+02
   1.6249992e+01   1.4430617e+02
   1.6249992e+01   1.4429665e+02
   1.6249993e+01   1.4428712e+02
   1.6249993e+01   1.4427760e+02
   1.6249993e+01   1.4426807e+02
   1.6249994e+01   1.4425855e+02
   1.6249994e+01   1.4424902e+02
   1.6249994e+01   1.4423950e+02
   1.6249994e+01   1.4422998e+02
   1.6249995e+01   1.4422045e+02
   1.6249995e+01   1.4421093e+02
   1.6249995e+01   1.4420140e+02
   1.6249995e+01   1.4419188e+02
   1.6249996e+01   1.4418235e+02
   1.6249996e+01   1.4417283e+02
   1.6249996e+01   1.4416330e+02
   1.6249996e+01   1.4415378e+02
   1.6249997e+01   1.4414425e+02
   1.6249997e+01   1.4413473e+02
   1.6249997e+01   1.4412520e+02
   1.6249997e+01   1.4411568e+02
   1.6249998e+01   1.4410615e+02
   1.6249998e+01   1.4409663e+02
   1.6249998e+01   1.4408710e+02
   1.6249998e+01   1.4407758e+02
   1.6249999e+01   1.4406806e+02
   1.6249999e+01   1.4405853e+02
   1.6249999e+01   1.4404901e+02
   1.6249999e+01   1.4403948e+02
   1.6250000e+01   1.4402996e+02
   1.6250000e+01   1.4402043e+02
   1.6250000e+01   1.4401091e+02
   1.6250000e+01   1.4400138e+02
   1.6250001e+01   1.4399186e+02
   1.6250001e+01   1.4398233e+02
   1.6250001e+01   1.4397281e+02
   1.6250001e+01   1.4396328e+02
   1.6250002e+01   1.4395376e+02
   1.6250002e+01   1.4394423e+02
   1.6250002e+01   1.4393471e+02
   1.6250002e+01   1.4392519e+02
   1.6250003e+01   1.4391566e+02
   1.6250003e+01   1.4390614e+02
   1.6250003e+01   1.4389661e+02
   1.6250003e+01   1.4388709e+02
   1.6250004e+01   1.4387756e+02
   1.6250004e+01   1.4386804e+02
   1.6250004e+01   1.4385851e+02
   1.6250004e+01   1.4384899e+02
   1.6250005e+01   1.4383946e+02
   1.6250005e+01   1.4382994e+02
   1.6250005e+01   1.4382041e+02
   1.6250005e+01   1.4381089e+02
   1.6250006e+01   1.4380136e+02
   1.6250006e+01   1.4379184e+02
   1.6250006e+01   1.4378232e+02
   1.6250006e+01   1.4377279e+02
   1.6250007e+01   1.4376327e+02
   1.6250007e+01   1.4375374e+02
   1.6250007e+01   1.4374422e+02
   1.6250007e+01   1.4373469e+02
   1.6250008e+01   1.4372517e+02
   1.6250008e+01   1.4371564e+02
   1.6250008e+01   1.4370612e+02
   1.6250008e+01   1.4369659e+02
   1.6250009e+01   1.4368707e+02
   1.6250009e+01   1.4367754e+02
   1.6250009e+01   1.4366802e+02
   1.6250009e+01   1.4365850e+02
   1.6250009e+01   1.4364897e+02
   1.6250010e+01   1.4363945e+02
   1.6250010e+01   1.4362992e+02
   1.6250010e+01   1.4362040e+02
   1.6250010e+01   1.4361087e+02
   1.6250011e+01   1.4360135e+02
