          22
  -111190.031         3990635.75    
  -111190.031         3979501.75    
  -111190.031         3968365.50    
  -111190.031         3957252.50    
  -111190.031         3946150.50    
  -111190.031         3935046.50    
  -111190.031         3923965.25    
  -111190.031         3912894.75    
  -111190.031         3901823.00    
  -111190.031         3890773.50    
  -111190.031         3879734.50    
  -111190.031         3868694.00    
  -111190.031         3857675.75    
  -111190.031         3846668.00    
  -111190.031         3835657.50    
  -111190.031         3824670.25    
  -111190.031         3813693.50    
  -111190.031         3802713.25    
  -111190.031         3791757.00    
  -111190.031         3780810.00    
  -111190.031         3769861.00    
  -111190.031         3758933.75    
          34
  -111190.031         3758933.75    
  -101961.242         3758933.75    
  -92621.3047         3758933.75    
  -83392.5234         3758933.75    
  -74163.7266         3758933.75    
  -64823.8047         3758933.75    
  -55595.0156         3758933.75    
  -46366.2188         3758933.75    
  -37026.3008         3758933.75    
  -27797.5078         3758933.75    
  -18568.7148         3758933.75    
  -9228.79297         3758933.75    
   0.00000000         3758933.75    
   9228.79297         3758933.75    
   18568.7148         3758933.75    
   27797.5078         3758933.75    
   37026.3008         3758933.75    
   46366.2188         3758933.75    
   55595.0156         3758933.75    
   64823.8047         3758933.75    
   74163.7266         3758933.75    
   83392.5234         3758933.75    
   92621.3047         3758933.75    
   101961.242         3758933.75    
   111190.031         3758933.75    
   120418.812         3758933.75    
   129758.742         3758933.75    
   138987.531         3758933.75    
   148216.328         3758933.75    
   157556.234         3758933.75    
   166785.047         3758933.75    
   176013.828         3758933.75    
   185353.750         3758933.75    
   194582.547         3758933.75    
          22
   194582.547         3758933.75    
   194582.547         3769861.00    
   194582.547         3780810.00    
   194582.547         3791757.00    
   194582.547         3802713.25    
   194582.547         3813693.50    
   194582.547         3824670.25    
   194582.547         3835657.50    
   194582.547         3846668.00    
   194582.547         3857675.75    
   194582.547         3868694.00    
   194582.547         3879734.50    
   194582.547         3890773.50    
   194582.547         3901823.00    
   194582.547         3912894.75    
   194582.547         3923965.25    
   194582.547         3935046.50    
   194582.547         3946150.50    
   194582.547         3957252.50    
   194582.547         3968365.50    
   194582.547         3979501.75    
   194582.547         3990635.75    
          34
   194582.547         3990635.75    
   185353.750         3990635.75    
   176013.828         3990635.75    
   166785.047         3990635.75    
   157556.234         3990635.75    
   148216.328         3990635.75    
   138987.531         3990635.75    
   129758.742         3990635.75    
   120418.812         3990635.75    
   111190.031         3990635.75    
   101961.242         3990635.75    
   92621.3047         3990635.75    
   83392.5234         3990635.75    
   74163.7266         3990635.75    
   64823.8047         3990635.75    
   55595.0156         3990635.75    
   46366.2188         3990635.75    
   37026.3008         3990635.75    
   27797.5078         3990635.75    
   18568.7148         3990635.75    
   9228.79297         3990635.75    
   0.00000000         3990635.75    
  -9228.79297         3990635.75    
  -18568.7148         3990635.75    
  -27797.5078         3990635.75    
  -37026.3008         3990635.75    
  -46366.2188         3990635.75    
  -55595.0156         3990635.75    
  -64823.8047         3990635.75    
  -74163.7266         3990635.75    
  -83392.5234         3990635.75    
  -92621.3047         3990635.75    
  -101961.242         3990635.75    
  -111190.031         3990635.75    
