270 97 0.000000
269 97 0.000000
269 96 0.000000
268 95 0.000000
267 95 0.000000
266 95 0.000000
265 95 0.000000
265 94 0.000000
264 94 0.000000
263 94 0.000000
263 96 1.000000
260 99 0.000000
261 99 0.000000
261 99 1.000000
255 101 0.000000
257 100 1.000000
257 99 1.000000
257 98 1.000000
259 99 0.000000
259 98 0.000000
260 98 0.000000
261 99 0.000000
261 98 0.000000
262 98 0.000000
263 97 0.000000
263 96 0.000000
251 101 0.000000
251 99 0.000000
251 98 0.000000
251 100 0.000000
250 98 0.000000
253 101 0.000000
251 101 1.000000
251 101 0.000000
252 101 0.000000
252 100 0.000000
253 100 0.000000
254 100 0.000000
255 100 0.000000
256 100 0.000000
257 100 0.000000
226 101 0.000000
227 101 0.000000
228 101 0.000000
229 101 0.000000
230 101 0.000000
230 100 0.000000
231 100 0.000000
231 101 0.000000
232 100 0.000000
233 100 0.000000
234 100 0.000000
235 99 0.000000
236 99 0.000000
240 98 0.000000
241 98 0.000000
2 63 1.000000
3 63 1.000000
10 62 0.000000
10 62 1.000000
13 62 1.000000
14 62 1.000000
38 71 1.000000
39 70 1.000000
39 69 1.000000
39 68 1.000000
38 68 1.000000
38 70 1.000000
38 69 1.000000
37 68 1.000000
37 67 1.000000
36 67 1.000000
36 66 1.000000
35 66 1.000000
35 65 1.000000
34 65 1.000000
34 64 1.000000
33 65 1.000000
33 64 1.000000
33 63 1.000000
33 62 1.000000
33 61 1.000000
51 59 0.000000
30 65 0.000000
31 66 1.000000
68 54 0.000000
67 54 1.000000
66 54 1.000000
65 54 1.000000
63 55 1.000000
59 56 1.000000
58 57 1.000000
58 58 1.000000
57 58 1.000000
56 59 1.000000
55 59 1.000000
54 59 1.000000
53 59 1.000000
139 49 0.000000
137 48 0.000000
136 47 0.000000
135 47 0.000000
134 46 0.000000
131 47 1.000000
129 48 0.000000
122 48 0.000000
120 47 0.000000
114 48 1.000000
107 49 1.000000
103 50 1.000000
92 51 1.000000
87 52 1.000000
86 52 1.000000
82 52 1.000000
81 52 1.000000
80 52 1.000000
74 52 1.000000
71 53 1.000000
68 54 1.000000
57 59 1.000000
191 75 0.000000
190 75 0.000000
190 74 0.000000
189 75 0.000000
189 74 0.000000
182 79 0.000000
183 79 0.000000
183 78 0.000000
184 78 0.000000
183 77 0.000000
183 76 0.000000
183 76 1.000000
185 75 0.000000
183 76 0.000000
184 75 0.000000
183 75 0.000000
182 75 0.000000
182 74 0.000000
181 74 0.000000
181 73 0.000000
181 72 0.000000
180 72 0.000000
180 71 0.000000
180 70 0.000000
180 69 0.000000
180 67 1.000000
181 65 0.000000
181 64 0.000000
180 64 0.000000
179 64 0.000000
178 64 0.000000
178 63 0.000000
177 63 0.000000
176 62 0.000000
175 55 1.000000
176 49 0.000000
175 51 0.000000
175 52 0.000000
176 52 0.000000
177 53 0.000000
177 52 0.000000
176 54 0.000000
174 56 0.000000
175 46 0.000000
174 46 0.000000
174 45 0.000000
173 45 0.000000
172 45 0.000000
171 45 0.000000
171 44 0.000000
170 44 0.000000
170 45 0.000000
168 45 0.000000
167 46 1.000000
167 47 1.000000
167 48 1.000000
166 48 1.000000
163 47 0.000000
163 46 0.000000
162 45 0.000000
162 44 0.000000
161 43 0.000000
159 43 0.000000
157 44 1.000000
155 45 1.000000
150 46 1.000000
149 47 1.000000
149 48 1.000000
147 49 1.000000
157 58 0.000000
157 57 0.000000
157 56 0.000000
156 58 0.000000
156 57 0.000000
156 56 0.000000
155 58 0.000000
155 57 0.000000
155 56 0.000000
155 55 0.000000
154 58 0.000000
154 57 0.000000
154 56 0.000000
154 55 0.000000
153 57 0.000000
153 56 0.000000
147 51 0.000000
147 49 0.000000
148 49 0.000000
142 50 1.000000
143 49 1.000000
210 85 1.000000
211 85 1.000000
211 84 1.000000
210 84 1.000000
211 83 1.000000
211 83 0.000000
214 84 1.000000
213 84 1.000000
212 84 1.000000
212 84 0.000000
212 84 1.000000
211 83 1.000000
215 83 0.000000
215 82 0.000000
211 81 0.000000
213 81 0.000000
213 81 1.000000
211 81 1.000000
212 81 0.000000
213 81 0.000000
208 87 0.000000
208 86 0.000000
207 86 0.000000
206 86 0.000000
207 87 0.000000
205 86 0.000000
205 84 0.000000
205 85 0.000000
205 83 0.000000
206 78 0.000000
206 77 0.000000
205 77 0.000000
203 76 0.000000
203 75 0.000000
202 75 0.000000
201 75 0.000000
200 75 0.000000
199 74 0.000000
194 74 0.000000
199 96 1.000000
199 95 1.000000
198 96 1.000000
198 95 1.000000
197 95 1.000000
197 96 1.000000
196 96 1.000000
196 95 1.000000
195 95 1.000000
194 96 1.000000
193 96 1.000000
192 97 1.000000
191 97 1.000000
277 31 0.000000
277 30 0.000000
276 31 0.000000
276 30 0.000000
275 31 0.000000
275 30 0.000000
275 29 0.000000
274 29 0.000000
274 28 0.000000
273 28 0.000000
273 28 1.000000
274 31 0.000000
274 30 0.000000
273 29 0.000000
273 28 0.000000
309 45 0.000000
308 46 0.000000
308 45 0.000000
308 44 0.000000
308 43 0.000000
308 42 0.000000
308 41 0.000000
308 39 0.000000
308 40 0.000000
308 39 1.000000
309 44 0.000000
309 43 0.000000
309 42 0.000000
309 41 0.000000
309 40 0.000000
309 39 0.000000
309 38 0.000000
309 37 0.000000
309 36 0.000000
309 34 0.000000
308 34 0.000000
308 35 0.000000
308 36 0.000000
308 37 0.000000
308 38 0.000000
308 39 0.000000
309 35 0.000000
10 58 0.000000
9 58 0.000000
9 57 0.000000
8 57 0.000000
8 56 0.000000
7 57 0.000000
7 56 0.000000
7 55 0.000000
7 54 0.000000
7 53 0.000000
6 53 0.000000
6 52 0.000000
5 53 0.000000
5 54 0.000000
5 55 0.000000
5 56 0.000000
6 56 0.000000
6 55 0.000000
6 54 0.000000
15 57 1.000000
13 58 1.000000
17 56 1.000000
18 55 1.000000
18 55 0.000000
24 48 1.000000
23 49 1.000000
22 50 1.000000
23 50 1.000000
22 51 1.000000
21 52 1.000000
21 53 1.000000
24 59 0.000000
25 59 0.000000
26 59 0.000000
26 58 0.000000
25 58 0.000000
25 57 0.000000
26 57 0.000000
26 56 0.000000
25 56 0.000000
28 59 0.000000
27 59 0.000000
27 58 0.000000
28 58 0.000000
28 58 1.000000
30 59 0.000000
30 58 0.000000
29 59 0.000000
29 58 0.000000
30 57 0.000000
29 57 0.000000
30 56 0.000000
29 56 0.000000
30 55 0.000000
29 55 0.000000
30 54 0.000000
29 54 0.000000
27 55 0.000000
28 55 0.000000
28 56 0.000000
27 56 0.000000
27 57 0.000000
28 57 0.000000
28 58 0.000000
19 54 1.000000
18 55 1.000000
31 58 0.000000
31 57 0.000000
32 57 0.000000
32 56 0.000000
31 56 0.000000
31 55 0.000000
32 55 0.000000
32 54 0.000000
31 54 0.000000
33 57 0.000000
33 56 0.000000
34 56 0.000000
34 55 0.000000
33 55 0.000000
33 54 0.000000
33 53 0.000000
34 52 0.000000
34 53 0.000000
34 54 0.000000
35 56 0.000000
35 55 0.000000
36 55 0.000000
36 54 0.000000
35 54 0.000000
35 53 0.000000
36 53 0.000000
36 52 0.000000
35 52 0.000000
35 51 0.000000
36 51 0.000000
37 53 0.000000
38 53 0.000000
38 52 0.000000
37 52 0.000000
37 51 0.000000
38 51 0.000000
38 50 0.000000
39 50 0.000000
39 52 0.000000
39 51 0.000000
40 51 0.000000
41 50 0.000000
40 50 0.000000
40 49 0.000000
39 49 0.000000
40 48 0.000000
41 49 0.000000
41 48 0.000000
41 47 0.000000
42 48 0.000000
42 47 0.000000
2 53 1.000000
69 58 0.000000
70 57 0.000000
71 57 0.000000
71 56 0.000000
72 56 0.000000
72 55 0.000000
73 54 0.000000
73 53 0.000000
74 52 0.000000
74 51 0.000000
74 50 0.000000
74 49 0.000000
75 47 0.000000
76 46 0.000000
77 45 0.000000
77 44 0.000000
76 43 1.000000
75 43 1.000000
74 43 1.000000
72 41 1.000000
71 40 1.000000
70 40 1.000000
69 40 1.000000
66 41 1.000000
65 42 1.000000
64 43 1.000000
63 44 1.000000
62 45 1.000000
63 45 1.000000
64 44 1.000000
61 45 1.000000
61 46 1.000000
60 46 1.000000
59 46 1.000000
58 46 1.000000
56 46 1.000000
54 47 0.000000
53 47 0.000000
52 47 0.000000
52 46 0.000000
51 45 0.000000
51 44 0.000000
51 43 0.000000
51 42 0.000000
40 40 0.000000
32 42 1.000000
32 43 1.000000
28 45 1.000000
29 45 1.000000
31 44 1.000000
33 40 0.000000
43 41 0.000000
44 41 0.000000
68 59 0.000000
79 56 1.000000
80 55 1.000000
81 54 1.000000
81 53 1.000000
81 52 1.000000
82 51 1.000000
82 50 1.000000
83 49 1.000000
84 48 1.000000
84 47 1.000000
85 46 1.000000
86 45 1.000000
87 44 1.000000
88 43 1.000000
88 42 1.000000
89 41 1.000000
89 37 1.000000
89 36 1.000000
90 35 1.000000
90 34 1.000000
90 33 1.000000
90 32 1.000000
90 31 1.000000
91 30 1.000000
91 29 1.000000
91 28 1.000000
91 27 1.000000
92 26 1.000000
93 25 1.000000
94 25 1.000000
94 24 1.000000
100 21 1.000000
104 18 1.000000
82 16 0.000000
82 18 0.000000
81 19 0.000000
79 20 1.000000
78 20 1.000000
77 20 1.000000
76 20 1.000000
74 21 0.000000
73 22 0.000000
71 23 1.000000
71 23 0.000000
72 23 0.000000
111 0 0.000000
110 0 0.000000
110 3 1.000000
109 3 1.000000
109 4 1.000000
110 4 1.000000
110 5 1.000000
110 6 1.000000
109 7 1.000000
108 8 1.000000
107 10 1.000000
107 11 1.000000
107 12 1.000000
107 13 1.000000
107 14 1.000000
107 15 1.000000
106 16 1.000000
105 17 1.000000
105 18 1.000000
92 10 0.000000
92 9 0.000000
90 7 0.000000
90 6 0.000000
85 2 0.000000
86 14 0.000000
82 18 1.000000
68 11 0.000000
90 13 0.000000
91 12 0.000000
61 10 1.000000
61 9 1.000000
61 8 1.000000
61 7 1.000000
61 6 1.000000
61 5 1.000000
61 4 1.000000
61 3 1.000000
61 2 1.000000
61 0 1.000000
61 1 1.000000
56 1 0.000000
55 3 0.000000
54 4 0.000000
52 5 1.000000
53 8 0.000000
56 11 0.000000
56 12 0.000000
55 14 0.000000
56 15 0.000000
56 16 0.000000
56 17 0.000000
55 17 0.000000
55 16 0.000000
51 15 1.000000
52 15 1.000000
46 18 0.000000
43 19 1.000000
43 18 1.000000
42 19 1.000000
42 18 1.000000
43 17 1.000000
42 17 1.000000
37 21 0.000000
38 20 0.000000
38 19 0.000000
39 19 0.000000
34 23 1.000000
36 22 0.000000
46 25 1.000000
47 26 1.000000
46 26 1.000000
46 24 1.000000
49 26 0.000000
55 28 1.000000
54 27 1.000000
53 26 1.000000
60 30 0.000000
61 30 0.000000
58 29 1.000000
58 29 0.000000
57 21 1.000000
59 20 1.000000
60 19 1.000000
61 19 1.000000
61 18 1.000000
62 18 1.000000
62 17 1.000000
63 17 1.000000
64 15 0.000000
65 14 0.000000
66 14 0.000000
66 13 0.000000
67 13 0.000000
67 13 1.000000
67 13 0.000000
67 12 0.000000
63 16 1.000000
62 15 1.000000
61 14 1.000000
60 12 1.000000
51 23 0.000000
44 19 1.000000
45 19 0.000000
44 19 0.000000
54 17 1.000000
53 16 1.000000
0 17 0.000000
0 16 0.000000
0 15 0.000000
0 14 0.000000
1 14 0.000000
1 15 0.000000
1 16 0.000000
1 17 0.000000
1 18 0.000000
2 17 0.000000
3 17 0.000000
3 16 0.000000
2 16 0.000000
2 15 0.000000
3 15 0.000000
4 17 0.000000
5 18 0.000000
6 18 0.000000
6 17 0.000000
5 17 0.000000
6 16 0.000000
5 16 0.000000
4 16 0.000000
4 15 0.000000
4 14 0.000000
6 13 0.000000
6 14 0.000000
6 15 0.000000
5 15 0.000000
5 14 0.000000
7 17 0.000000
7 16 0.000000
8 16 0.000000
8 15 0.000000
7 15 0.000000
7 14 0.000000
7 13 0.000000
8 14 0.000000
9 15 0.000000
9 14 0.000000
10 14 0.000000
10 13 0.000000
11 13 0.000000
11 12 0.000000
10 12 0.000000
10 11 0.000000
11 11 0.000000
11 10 0.000000
11 9 0.000000
10 10 0.000000
9 11 0.000000
9 12 0.000000
9 13 0.000000
8 13 0.000000
8 12 0.000000
33 22 1.000000
32 22 1.000000
30 22 1.000000
29 22 1.000000
28 22 1.000000
24 27 0.000000
25 27 0.000000
22 26 0.000000
23 26 0.000000
25 24 1.000000
29 29 0.000000
29 30 0.000000
29 31 0.000000
28 32 0.000000
27 33 0.000000
24 34 1.000000
24 34 0.000000
14 42 0.000000
13 42 0.000000
12 42 1.000000
11 42 1.000000
11 41 1.000000
11 40 1.000000
10 40 1.000000
10 39 1.000000
11 39 1.000000
10 38 1.000000
14 41 0.000000
15 40 0.000000
15 35 0.000000
15 35 1.000000
18 33 0.000000
17 33 0.000000
17 34 0.000000
16 34 0.000000
15 35 0.000000
25 34 1.000000
24 34 1.000000
18 27 1.000000
18 26 1.000000
16 28 1.000000
15 29 1.000000
14 30 1.000000
12 31 0.000000
11 32 1.000000
11 33 1.000000
11 34 1.000000
11 35 1.000000
11 36 1.000000
10 35 1.000000
10 34 1.000000
0 41 0.000000
4 38 0.000000
2 39 1.000000
4 35 0.000000
3 34 0.000000
3 33 0.000000
4 34 0.000000
4 29 0.000000
5 29 1.000000
11 27 1.000000
13 27 0.000000
12 27 0.000000
13 26 0.000000
11 27 0.000000
1 41 0.000000
1 40 0.000000
7 52 0.000000
46 40 1.000000
46 39 1.000000
47 39 1.000000
47 38 1.000000
50 37 0.000000
45 41 1.000000
44 41 1.000000
67 41 1.000000
69 59 0.000000
71 57 1.000000
78 57 1.000000
90 40 1.000000
90 39 1.000000
110 6 0.000000
90 6 1.000000
64 28 1.000000
58 29 1.000000
54 23 1.000000
23 26 1.000000
23 25 1.000000
4 34 1.000000
7 52 1.000000
7 53 1.000000
7 53 0.000000
51 6 1.000000
51 5 1.000000
95 0 1.000000
110 2 1.000000
110 2 0.000000
86 1 0.000000
0 58 0.000000
10 52 1.000000
14 51 0.000000
14 52 0.000000
15 52 0.000000
15 53 0.000000
15 54 0.000000
16 55 0.000000
17 56 0.000000
18 57 0.000000
17 57 0.000000
16 56 0.000000
15 56 0.000000
15 55 0.000000
14 55 0.000000
14 54 0.000000
14 53 0.000000
13 55 0.000000
13 54 0.000000
13 53 0.000000
13 52 0.000000
21 57 1.000000
23 56 1.000000
25 55 1.000000
26 54 1.000000
27 53 1.000000
29 52 1.000000
29 51 1.000000
30 50 1.000000
30 49 1.000000
31 49 1.000000
32 47 1.000000
31 48 1.000000
32 58 0.000000
33 58 0.000000
34 58 0.000000
34 57 0.000000
33 57 0.000000
33 56 0.000000
34 56 0.000000
34 55 0.000000
33 55 0.000000
35 58 0.000000
36 58 0.000000
36 57 0.000000
35 57 0.000000
35 56 0.000000
36 56 0.000000
38 58 0.000000
37 58 0.000000
37 57 0.000000
38 57 0.000000
38 56 0.000000
37 56 0.000000
37 55 0.000000
38 55 0.000000
38 54 0.000000
37 54 0.000000
37 53 0.000000
38 53 0.000000
36 54 0.000000
36 56 1.000000
35 55 0.000000
35 54 0.000000
36 56 0.000000
36 55 0.000000
39 57 0.000000
39 56 0.000000
40 56 0.000000
40 55 0.000000
39 55 0.000000
39 54 0.000000
39 53 0.000000
41 56 0.000000
41 55 0.000000
41 54 0.000000
40 54 0.000000
40 53 0.000000
41 53 0.000000
41 52 0.000000
43 55 0.000000
42 55 0.000000
42 54 0.000000
43 54 0.000000
43 53 0.000000
42 53 0.000000
42 52 0.000000
43 52 0.000000
43 51 0.000000
42 51 0.000000
43 50 0.000000
44 54 0.000000
44 53 0.000000
44 52 0.000000
45 52 0.000000
46 52 0.000000
46 51 0.000000
46 50 0.000000
46 49 0.000000
45 50 0.000000
45 51 0.000000
44 51 0.000000
44 50 0.000000
47 51 0.000000
47 50 0.000000
48 50 0.000000
48 49 0.000000
47 49 0.000000
47 48 0.000000
48 48 0.000000
49 49 0.000000
49 48 0.000000
48 47 0.000000
49 47 0.000000
49 46 0.000000
50 47 0.000000
50 46 0.000000
51 40 0.000000
48 39 0.000000
40 41 1.000000
40 42 1.000000
39 43 1.000000
36 44 1.000000
37 44 1.000000
53 40 1.000000
54 39 1.000000
54 38 1.000000
55 38 1.000000
55 37 1.000000
58 36 0.000000
59 41 0.000000
59 42 0.000000
59 43 0.000000
59 44 0.000000
60 45 0.000000
60 46 0.000000
61 46 0.000000
62 46 0.000000
64 45 1.000000
66 45 1.000000
67 45 1.000000
68 45 1.000000
69 44 1.000000
70 44 1.000000
71 44 1.000000
71 43 1.000000
72 42 1.000000
72 42 0.000000
72 43 1.000000
72 42 1.000000
73 41 1.000000
74 40 1.000000
77 39 1.000000
78 39 1.000000
79 39 1.000000
80 40 1.000000
82 42 1.000000
83 42 1.000000
84 42 1.000000
85 43 0.000000
85 44 0.000000
84 45 0.000000
82 46 1.000000
82 48 0.000000
82 46 0.000000
83 46 0.000000
76 58 0.000000
77 58 0.000000
77 57 0.000000
78 56 0.000000
79 56 0.000000
79 55 0.000000
80 55 0.000000
80 54 0.000000
81 53 0.000000
81 52 0.000000
82 51 0.000000
82 50 0.000000
82 49 0.000000
86 56 1.000000
87 55 1.000000
88 54 1.000000
89 53 1.000000
89 52 1.000000
89 51 1.000000
90 50 1.000000
90 49 1.000000
91 48 1.000000
92 46 1.000000
93 45 1.000000
94 44 1.000000
96 43 1.000000
97 43 1.000000
95 43 1.000000
97 43 0.000000
96 43 0.000000
96 41 1.000000
97 40 1.000000
96 42 1.000000
97 36 1.000000
97 35 1.000000
98 39 1.000000
98 38 1.000000
98 34 1.000000
98 32 1.000000
98 33 1.000000
98 31 1.000000
98 30 1.000000
99 29 1.000000
99 28 1.000000
99 27 1.000000
99 26 1.000000
100 25 1.000000
101 24 1.000000
102 24 1.000000
102 22 0.000000
103 22 1.000000
102 23 1.000000
102 22 1.000000
108 20 1.000000
112 17 1.000000
113 17 1.000000
113 15 0.000000
113 16 1.000000
113 15 1.000000
114 15 1.000000
115 14 1.000000
115 13 1.000000
115 12 1.000000
115 11 1.000000
115 10 1.000000
115 9 1.000000
116 7 1.000000
117 5 0.000000
117 3 1.000000
117 2 1.000000
118 3 1.000000
118 4 1.000000
117 5 1.000000
117 6 1.000000
100 9 0.000000
100 8 0.000000
98 6 0.000000
93 1 0.000000
94 13 0.000000
90 15 0.000000
90 17 0.000000
89 18 0.000000
87 19 1.000000
86 19 1.000000
85 19 1.000000
84 19 1.000000
82 20 0.000000
81 21 0.000000
72 27 1.000000
69 29 0.000000
68 29 0.000000
66 28 1.000000
63 27 1.000000
62 26 1.000000
61 25 1.000000
54 25 1.000000
54 24 1.000000
54 23 1.000000
62 22 1.000000
65 20 1.000000
67 19 1.000000
68 18 1.000000
69 18 1.000000
69 17 1.000000
71 17 1.000000
72 14 0.000000
73 13 0.000000
75 13 1.000000
74 12 0.000000
74 13 0.000000
75 13 0.000000
75 12 0.000000
75 11 0.000000
76 10 0.000000
71 17 0.000000
70 17 1.000000
71 16 1.000000
71 15 1.000000
70 16 1.000000
70 14 1.000000
69 13 1.000000
68 11 1.000000
69 9 1.000000
69 8 1.000000
69 7 1.000000
69 6 1.000000
69 4 1.000000
69 3 1.000000
69 6 0.000000
69 5 1.000000
69 6 1.000000
68 2 0.000000
69 0 1.000000
69 1 1.000000
70 1 1.000000
70 0 1.000000
69 2 1.000000
68 2 1.000000
63 2 0.000000
60 4 1.000000
60 6 1.000000
61 7 0.000000
64 10 0.000000
64 11 0.000000
63 13 0.000000
64 14 0.000000
64 15 0.000000
63 16 0.000000
63 15 0.000000
60 14 1.000000
59 14 1.000000
53 18 0.000000
51 18 1.000000
50 18 1.000000
51 17 1.000000
50 17 1.000000
51 16 1.000000
50 16 1.000000
46 18 0.000000
46 18 1.000000
45 20 0.000000
44 21 0.000000
42 22 1.000000
41 21 1.000000
40 21 1.000000
38 21 1.000000
37 21 1.000000
36 21 1.000000
31 24 1.000000
30 25 0.000000
33 23 1.000000
33 33 1.000000
32 33 1.000000
21 41 0.000000
22 41 0.000000
22 40 0.000000
20 41 1.000000
19 41 1.000000
19 40 1.000000
18 39 1.000000
19 39 1.000000
18 38 1.000000
19 38 1.000000
18 37 1.000000
19 34 1.000000
19 35 1.000000
19 33 1.000000
19 32 1.000000
19 31 1.000000
18 33 1.000000
18 34 1.000000
23 34 0.000000
24 33 0.000000
25 33 0.000000
25 32 0.000000
26 32 0.000000
26 26 1.000000
26 25 1.000000
24 27 1.000000
23 28 1.000000
22 29 1.000000
21 30 1.000000
20 26 0.000000
21 26 0.000000
21 25 0.000000
21 26 1.000000
13 28 1.000000
12 34 0.000000
11 33 0.000000
11 32 0.000000
12 37 0.000000
10 38 1.000000
8 40 0.000000
5 40 1.000000
6 40 1.000000
5 39 1.000000
6 39 1.000000
5 38 1.000000
4 37 1.000000
3 36 1.000000
3 35 1.000000
2 35 1.000000
2 34 1.000000
1 34 1.000000
1 33 1.000000
1 32 1.000000
0 33 1.000000
0 32 1.000000
3 19 1.000000
3 18 1.000000
8 17 1.000000
15 17 1.000000
16 17 1.000000
15 16 0.000000
17 16 1.000000
16 16 1.000000
15 16 1.000000
17 15 1.000000
18 15 1.000000
18 14 1.000000
19 13 1.000000
20 8 1.000000
20 10 1.000000
20 10 0.000000
20 11 1.000000
20 10 1.000000
20 9 1.000000
20 12 1.000000
19 14 1.000000
23 36 1.000000
2 52 0.000000
9 52 1.000000
13 51 0.000000
13 52 0.000000
14 52 0.000000
14 53 0.000000
14 54 0.000000
14 55 0.000000
15 55 0.000000
15 56 0.000000
16 56 0.000000
16 57 0.000000
17 57 0.000000
14 56 0.000000
13 55 0.000000
13 54 0.000000
13 53 0.000000
12 55 0.000000
12 54 0.000000
12 53 0.000000
12 52 0.000000
20 57 1.000000
21 57 1.000000
22 56 1.000000
24 55 1.000000
25 54 1.000000
26 53 1.000000
28 52 1.000000
28 51 1.000000
29 50 1.000000
29 49 1.000000
30 49 1.000000
30 48 1.000000
31 47 1.000000
35 44 1.000000
37 44 1.000000
37 44 0.000000
36 44 1.000000
38 43 1.000000
39 42 1.000000
39 41 1.000000
40 39 0.000000
31 58 0.000000
32 58 0.000000
33 58 0.000000
33 57 0.000000
33 55 0.000000
32 55 0.000000
32 56 0.000000
32 57 0.000000
33 56 0.000000
34 58 0.000000
35 58 0.000000
35 57 0.000000
34 57 0.000000
34 56 0.000000
35 56 0.000000
35 55 0.000000
34 55 0.000000
34 54 0.000000
35 54 0.000000
36 58 0.000000
37 58 0.000000
36 57 0.000000
37 57 0.000000
36 56 0.000000
37 56 0.000000
38 57 0.000000
38 55 0.000000
38 54 0.000000
38 56 0.000000
37 55 0.000000
36 55 0.000000
36 54 0.000000
36 53 0.000000
37 54 0.000000
37 53 0.000000
38 53 0.000000
39 56 0.000000
40 56 0.000000
39 55 0.000000
40 55 0.000000
41 55 0.000000
41 54 0.000000
41 53 0.000000
41 52 0.000000
41 51 0.000000
40 52 0.000000
40 53 0.000000
40 54 0.000000
39 54 0.000000
39 53 0.000000
42 55 0.000000
42 54 0.000000
43 54 0.000000
43 53 0.000000
42 53 0.000000
43 52 0.000000
44 52 0.000000
44 51 0.000000
44 50 0.000000
43 51 0.000000
43 50 0.000000
42 52 0.000000
42 51 0.000000
42 50 0.000000
45 52 0.000000
45 51 0.000000
46 51 0.000000
46 50 0.000000
45 50 0.000000
45 49 0.000000
47 50 0.000000
47 49 0.000000
46 49 0.000000
46 48 0.000000
47 48 0.000000
48 49 0.000000
48 48 0.000000
48 47 0.000000
49 47 0.000000
49 46 0.000000
48 46 0.000000
47 47 0.000000
50 40 0.000000
52 40 1.000000
53 39 1.000000
47 39 0.000000
53 38 1.000000
54 38 1.000000
54 37 1.000000
57 36 0.000000
58 41 0.000000
58 42 0.000000
73 41 1.000000
60 46 0.000000
59 46 0.000000
59 45 0.000000
58 44 0.000000
58 43 0.000000
63 45 1.000000
65 45 1.000000
61 46 0.000000
66 45 1.000000
67 45 1.000000
68 45 1.000000
68 44 1.000000
69 44 1.000000
70 44 1.000000
70 43 1.000000
71 43 1.000000
71 42 1.000000
72 41 1.000000
73 41 0.000000
73 40 1.000000
74 40 1.000000
76 39 1.000000
77 39 1.000000
78 39 1.000000
79 40 1.000000
81 42 1.000000
82 42 1.000000
83 42 1.000000
84 43 0.000000
84 44 0.000000
83 45 0.000000
81 46 1.000000
82 46 0.000000
81 46 0.000000
76 58 0.000000
76 57 0.000000
75 58 0.000000
77 56 0.000000
78 55 0.000000
79 55 0.000000
79 54 0.000000
80 53 0.000000
80 52 0.000000
81 51 0.000000
81 50 0.000000
81 49 0.000000
81 48 0.000000
85 56 1.000000
86 55 1.000000
87 54 1.000000
88 53 1.000000
88 52 1.000000
88 51 1.000000
89 50 1.000000
89 49 1.000000
90 48 1.000000
91 47 1.000000
91 46 1.000000
92 45 1.000000
93 44 1.000000
94 43 1.000000
95 42 1.000000
95 41 1.000000
96 40 1.000000
96 36 1.000000
96 35 1.000000
97 33 1.000000
97 32 1.000000
97 31 1.000000
97 30 1.000000
98 30 1.000000
98 29 1.000000
98 28 1.000000
98 27 1.000000
98 26 1.000000
99 25 1.000000
100 24 1.000000
101 24 1.000000
101 23 1.000000
102 22 1.000000
107 20 1.000000
108 19 1.000000
111 17 1.000000
112 17 1.000000
112 16 1.000000
113 15 1.000000
114 14 1.000000
114 13 1.000000
114 12 1.000000
114 11 1.000000
114 10 1.000000
114 9 1.000000
115 7 1.000000
116 6 1.000000
117 4 1.000000
117 3 1.000000
117 2 1.000000
116 3 1.000000
116 2 1.000000
117 4 0.000000
117 3 0.000000
117 2 0.000000
92 1 0.000000
97 6 0.000000
99 8 0.000000
99 9 0.000000
98 11 0.000000
97 12 0.000000
93 13 0.000000
89 15 0.000000
88 18 0.000000
86 19 1.000000
85 19 1.000000
84 19 1.000000
83 19 1.000000
81 20 0.000000
80 21 0.000000
79 22 0.000000
71 28 0.000000
68 29 0.000000
67 29 0.000000
71 28 1.000000
71 27 1.000000
65 28 1.000000
62 27 1.000000
61 26 1.000000
60 25 1.000000
53 25 1.000000
53 23 1.000000
53 24 1.000000
61 22 1.000000
64 20 1.000000
66 19 1.000000
67 18 1.000000
68 18 1.000000
68 17 1.000000
69 17 1.000000
69 16 1.000000
70 16 1.000000
70 15 1.000000
71 14 0.000000
72 13 0.000000
73 13 0.000000
73 12 0.000000
74 12 0.000000
74 11 0.000000
75 10 0.000000
69 14 1.000000
68 13 1.000000
67 11 1.000000
68 9 1.000000
68 8 1.000000
68 7 1.000000
68 5 1.000000
68 6 1.000000
68 4 1.000000
68 3 1.000000
68 2 1.000000
68 1 1.000000
68 0 1.000000
62 2 0.000000
61 3 0.000000
59 4 1.000000
59 6 1.000000
60 7 0.000000
63 10 0.000000
63 11 0.000000
62 13 0.000000
63 14 0.000000
63 15 0.000000
62 16 0.000000
62 15 0.000000
63 16 0.000000
59 14 1.000000
58 14 1.000000
52 18 0.000000
50 18 1.000000
49 18 1.000000
50 17 1.000000
49 17 1.000000
50 16 1.000000
49 16 1.000000
45 18 0.000000
45 19 0.000000
44 20 0.000000
43 21 0.000000
41 22 1.000000
40 21 1.000000
39 21 1.000000
37 21 1.000000
36 21 1.000000
35 21 1.000000
32 23 1.000000
30 24 1.000000
31 26 0.000000
32 26 0.000000
29 26 1.000000
29 25 0.000000
29 26 0.000000
34 32 0.000000
32 33 1.000000
31 33 1.000000
22 39 0.000000
21 40 0.000000
21 41 0.000000
20 41 0.000000
19 41 1.000000
18 41 1.000000
18 40 1.000000
17 39 1.000000
18 39 1.000000
18 38 1.000000
17 38 1.000000
22 34 0.000000
24 33 0.000000
24 32 0.000000
25 32 0.000000
23 33 0.000000
17 37 1.000000
18 35 1.000000
18 34 1.000000
18 33 1.000000
18 32 1.000000
18 31 1.000000
17 34 1.000000
17 33 1.000000
19 30 0.000000
21 29 1.000000
22 28 1.000000
23 27 1.000000
25 26 1.000000
25 25 1.000000
19 26 0.000000
20 25 0.000000
12 28 1.000000
10 32 0.000000
10 34 1.000000
11 34 0.000000
10 34 0.000000
10 33 0.000000
11 37 0.000000
9 38 1.000000
7 41 0.000000
7 40 0.000000
7 41 1.000000
5 40 1.000000
4 40 1.000000
5 39 1.000000
4 39 1.000000
4 38 1.000000
3 37 1.000000
2 36 1.000000
2 35 1.000000
1 35 1.000000
1 34 1.000000
1 33 1.000000
0 33 1.000000
0 34 1.000000
0 20 0.000000
0 19 0.000000
0 18 0.000000
0 17 0.000000
0 16 0.000000
0 15 0.000000
0 14 0.000000
0 13 0.000000
0 12 0.000000
2 11 0.000000
2 12 0.000000
1 12 0.000000
1 19 0.000000
1 18 0.000000
2 17 0.000000
1 17 0.000000
2 16 0.000000
1 16 0.000000
2 15 0.000000
0 15 1.000000
1 15 0.000000
0 15 0.000000
1 14 0.000000
2 14 0.000000
2 13 0.000000
1 13 0.000000
3 16 0.000000
4 16 0.000000
4 15 0.000000
3 15 0.000000
3 14 0.000000
4 14 0.000000
4 13 0.000000
3 13 0.000000
3 12 0.000000
4 12 0.000000
3 11 0.000000
5 16 0.000000
5 15 0.000000
5 14 0.000000
5 13 0.000000
5 12 0.000000
7 13 0.000000
6 14 0.000000
6 16 0.000000
7 16 0.000000
7 15 0.000000
6 15 0.000000
6 13 0.000000
7 14 0.000000
8 13 0.000000
9 14 0.000000
8 14 0.000000
8 15 0.000000
9 15 0.000000
9 16 0.000000
8 16 0.000000
8 17 0.000000
10 16 0.000000
11 16 0.000000
11 15 0.000000
10 15 0.000000
10 14 0.000000
11 14 0.000000
11 13 0.000000
12 17 0.000000
13 17 0.000000
12 16 0.000000
13 16 0.000000
12 15 0.000000
13 15 0.000000
12 14 0.000000
13 14 0.000000
11 13 1.000000
13 13 0.000000
11 13 0.000000
12 13 0.000000
13 12 0.000000
14 12 0.000000
14 16 0.000000
14 15 0.000000
15 15 0.000000
14 14 0.000000
15 14 0.000000
14 13 0.000000
15 13 0.000000
16 14 0.000000
16 13 0.000000
17 13 0.000000
16 12 0.000000
15 12 0.000000
15 11 0.000000
16 11 0.000000
16 10 0.000000
17 12 0.000000
18 12 0.000000
18 11 0.000000
17 11 0.000000
18 10 0.000000
17 10 0.000000
17 9 0.000000
18 9 0.000000
18 8 0.000000
2 52 1.000000
2 52 0.000000
74 40 0.000000
78 56 0.000000
97 38 1.000000
97 39 1.000000
97 34 1.000000
98 30 0.000000
110 18 1.000000
117 4 1.000000
117 3 1.000000
92 1 1.000000
92 0 1.000000
89 17 0.000000
58 22 0.000000
69 1 1.000000
69 0 1.000000
69 1 0.000000
69 0 0.000000
69 1 1.000000
69 0 1.000000
63 16 1.000000
63 15 1.000000
63 13 0.000000
63 12 0.000000
52 18 1.000000
51 18 1.000000
1 58 0.000000
0 58 0.000000
0 57 0.000000
14 52 0.000000
16 56 0.000000
12 51 0.000000
8 53 0.000000
7 53 0.000000
6 53 0.000000
4 53 0.000000
1 58 0.000000
0 58 0.000000
0 57 0.000000
0 29 0.000000
0 28 0.000000
0 27 0.000000
0 25 0.000000
1 32 0.000000
2 34 0.000000
0 26 0.000000
2 20 0.000000
3 18 0.000000
3 17 0.000000
4 16 0.000000
3 16 0.000000
5 17 0.000000
10 17 0.000000
32 58 0.000000
33 58 0.000000
34 58 0.000000
34 57 0.000000
33 57 0.000000
33 56 0.000000
34 56 0.000000
34 54 0.000000
33 54 0.000000
33 55 0.000000
34 55 0.000000
35 58 0.000000
36 58 0.000000
36 56 0.000000
35 57 0.000000
35 56 0.000000
36 57 0.000000
36 55 0.000000
35 55 0.000000
35 54 0.000000
36 54 0.000000
36 53 0.000000
37 58 0.000000
38 58 0.000000
38 57 0.000000
37 57 0.000000
37 56 0.000000
38 56 0.000000
38 55 0.000000
37 55 0.000000
37 54 0.000000
38 54 0.000000
38 53 0.000000
37 53 0.000000
39 52 0.000000
40 53 0.000000
39 53 0.000000
39 54 0.000000
39 57 0.000000
39 57 1.000000
39 57 0.000000
39 56 0.000000
40 56 0.000000
40 55 0.000000
39 55 0.000000
39 55 1.000000
39 55 0.000000
40 54 0.000000
41 56 0.000000
42 56 0.000000
43 56 0.000000
43 55 0.000000
42 55 0.000000
41 55 0.000000
41 54 0.000000
42 54 0.000000
43 54 0.000000
44 54 0.000000
44 53 0.000000
43 53 0.000000
42 53 0.000000
41 53 0.000000
41 52 0.000000
42 52 0.000000
42 51 0.000000
43 49 0.000000
44 50 0.000000
44 49 0.000000
44 51 0.000000
44 52 0.000000
43 52 0.000000
43 51 0.000000
43 50 0.000000
45 53 0.000000
45 52 0.000000
47 52 0.000000
47 51 0.000000
46 52 0.000000
46 51 0.000000
45 51 0.000000
45 50 0.000000
46 50 0.000000
46 49 0.000000
45 49 0.000000
48 51 0.000000
49 50 0.000000
48 50 0.000000
47 50 0.000000
47 49 0.000000
48 49 0.000000
49 49 0.000000
50 48 0.000000
51 47 0.000000
51 46 0.000000
51 45 0.000000
50 44 0.000000
50 45 0.000000
49 45 0.000000
49 46 0.000000
50 46 0.000000
50 48 1.000000
49 48 0.000000
49 47 0.000000
48 47 0.000000
48 48 0.000000
47 48 0.000000
50 48 0.000000
50 47 0.000000
5 53 0.000000
2 52 0.000000
22 57 0.000000
21 57 0.000000
23 56 0.000000
25 55 0.000000
26 54 0.000000
40 39 0.000000
40 40 0.000000
41 39 0.000000
42 39 0.000000
59 44 1.000000
55 36 0.000000
53 40 0.000000
54 39 0.000000
50 40 0.000000
62 26 0.000000
61 25 0.000000
60 24 0.000000
56 25 0.000000
54 24 0.000000
54 23 0.000000
55 22 0.000000
56 22 0.000000
58 22 0.000000
51 18 0.000000
52 18 0.000000
46 18 0.000000
44 18 0.000000
44 19 0.000000
41 21 0.000000
34 22 1.000000
32 23 1.000000
28 25 1.000000
30 25 0.000000
27 25 1.000000
30 25 1.000000
29 25 1.000000
29 26 1.000000
28 26 1.000000
27 26 0.000000
28 26 0.000000
29 26 0.000000
30 26 0.000000
31 26 0.000000
32 26 0.000000
36 30 1.000000
18 37 0.000000
18 36 0.000000
19 35 0.000000
19 35 1.000000
19 40 0.000000
27 33 0.000000
31 30 0.000000
32 29 0.000000
32 28 0.000000
30 30 0.000000
30 29 0.000000
31 29 0.000000
23 33 1.000000
19 34 0.000000
28 31 0.000000
25 34 0.000000
19 31 0.000000
19 30 0.000000
23 28 0.000000
24 27 0.000000
25 27 0.000000
26 26 0.000000
24 24 1.000000
26 24 0.000000
22 24 0.000000
23 24 0.000000
25 24 0.000000
25 24 1.000000
20 26 0.000000
19 26 0.000000
12 37 1.000000
33 45 0.000000
32 46 0.000000
30 49 0.000000
31 48 0.000000
30 49 1.000000
30 50 0.000000
29 51 0.000000
29 52 0.000000
27 53 0.000000
40 41 0.000000
39 43 0.000000
38 44 0.000000
37 44 0.000000
50 40 1.000000
20 11 0.000000
19 13 0.000000
18 14 0.000000
16 17 0.000000
18 5 0.000000
20 10 0.000000
20 7 0.000000
13 12 1.000000
25 24 0.000000
24 24 0.000000
30 23 1.000000
30 24 0.000000
30 23 0.000000
20 30 0.000000
21 30 0.000000
17 26 0.000000
18 26 0.000000
22 29 0.000000
29 30 0.000000
28 29 0.000000
28 30 0.000000
27 30 0.000000
11 28 0.000000
1 20 0.000000
0 20 0.000000
0 32 0.000000
1 12 0.000000
63 35 0.000000
68 29 0.000000
67 29 0.000000
66 28 0.000000
69 28 1.000000
73 26 1.000000
69 18 0.000000
71 15 0.000000
72 14 0.000000
73 14 0.000000
74 14 0.000000
74 13 0.000000
78 11 0.000000
77 11 0.000000
72 13 0.000000
73 13 0.000000
73 12 0.000000
74 12 0.000000
74 11 0.000000
74 11 1.000000
75 13 0.000000
75 12 0.000000
75 11 0.000000
75 10 0.000000
74 11 0.000000
76 12 0.000000
76 11 0.000000
76 10 0.000000
77 10 0.000000
77 9 0.000000
70 14 0.000000
69 13 0.000000
68 12 0.000000
68 11 0.000000
68 9 0.000000
67 9 0.000000
68 10 0.000000
68 9 1.000000
67 9 1.000000
91 1 0.000000
90 1 0.000000
90 2 0.000000
90 13 0.000000
91 13 0.000000
92 13 0.000000
96 12 0.000000
69 0 0.000000
69 1 0.000000
69 2 0.000000
69 5 0.000000
69 6 0.000000
118 5 1.000000
118 4 1.000000
119 5 1.000000
119 4 1.000000
120 5 1.000000
120 4 1.000000
121 5 1.000000
122 5 1.000000
122 6 1.000000
123 5 1.000000
123 6 1.000000
124 6 1.000000
124 5 1.000000
125 5 1.000000
125 6 1.000000
125 7 1.000000
121 6 1.000000
120 6 1.000000
117 1 0.000000
117 0 0.000000
117 6 0.000000
116 7 0.000000
115 10 0.000000
115 11 0.000000
115 12 0.000000
115 13 0.000000
125 7 0.000000
99 26 0.000000
100 25 0.000000
102 23 0.000000
103 22 0.000000
104 21 0.000000
105 21 0.000000
108 20 0.000000
110 18 0.000000
111 18 0.000000
113 16 0.000000
114 15 0.000000
98 31 0.000000
98 30 0.000000
104 21 1.000000
85 57 0.000000
86 56 0.000000
87 55 0.000000
88 54 0.000000
90 49 0.000000
91 47 0.000000
92 46 0.000000
94 44 0.000000
95 43 0.000000
95 42 0.000000
96 41 0.000000
97 40 0.000000
97 37 0.000000
97 36 0.000000
97 35 0.000000
76 58 0.000000
78 56 0.000000
79 55 0.000000
84 43 0.000000
81 44 0.000000
81 43 0.000000
80 43 0.000000
80 42 1.000000
74 40 0.000000
63 35 1.000000
58 24 0.000000
59 24 0.000000
63 1 0.000000
58 5 0.000000
61 3 0.000000
63 15 0.000000
63 16 0.000000
62 16 0.000000
62 14 0.000000
61 15 0.000000
60 14 0.000000
59 14 0.000000
58 14 0.000000
50 15 0.000000
51 16 0.000000
51 15 0.000000
51 14 0.000000
51 13 0.000000
50 14 0.000000
50 13 0.000000
49 12 0.000000
58 5 1.000000
58 4 1.000000
70 17 0.000000
62 21 0.000000
28 31 1.000000
28 30 1.000000
29 31 1.000000
29 30 1.000000
29 29 1.000000
30 30 1.000000
30 29 1.000000
31 29 1.000000
31 28 1.000000
32 29 1.000000
32 28 1.000000
21 41 0.000000
0 19 0.000000
1 19 0.000000
1 17 0.000000
0 18 0.000000
0 17 0.000000
1 18 0.000000
1 16 0.000000
1 15 0.000000
1 14 0.000000
1 13 0.000000
0 13 0.000000
0 14 0.000000
0 15 0.000000
0 16 0.000000
2 19 0.000000
2 18 0.000000
2 17 0.000000
2 16 0.000000
2 15 0.000000
3 15 0.000000
4 15 0.000000
4 14 0.000000
3 14 0.000000
2 14 0.000000
2 13 0.000000
3 13 0.000000
4 13 0.000000
4 12 0.000000
4 11 0.000000
3 12 0.000000
3 11 0.000000
2 12 0.000000
2 11 0.000000
5 16 0.000000
6 17 0.000000
6 16 0.000000
6 15 0.000000
6 14 0.000000
6 13 0.000000
6 12 0.000000
5 15 0.000000
5 14 0.000000
5 13 0.000000
5 12 0.000000
5 11 0.000000
7 12 0.000000
8 12 0.000000
8 13 0.000000
8 14 0.000000
8 15 0.000000
8 16 0.000000
8 17 0.000000
7 17 0.000000
7 16 0.000000
7 15 0.000000
7 14 0.000000
7 13 0.000000
9 17 0.000000
10 16 0.000000
9 16 0.000000
10 15 0.000000
9 15 0.000000
10 14 0.000000
9 14 0.000000
10 13 0.000000
10 13 1.000000
11 16 0.000000
11 15 0.000000
11 14 0.000000
11 13 0.000000
10 13 0.000000
9 13 0.000000
13 17 0.000000
13 16 0.000000
12 16 0.000000
12 15 0.000000
13 15 0.000000
13 14 0.000000
12 14 0.000000
12 13 0.000000
13 13 0.000000
13 12 0.000000
14 17 0.000000
15 17 0.000000
15 16 0.000000
14 16 0.000000
14 15 0.000000
15 15 0.000000
15 14 0.000000
14 14 0.000000
14 13 0.000000
15 13 0.000000
15 12 0.000000
14 12 0.000000
14 12 1.000000
16 16 0.000000
16 15 0.000000
17 15 0.000000
17 14 0.000000
16 14 0.000000
16 13 0.000000
17 13 0.000000
17 12 0.000000
17 11 0.000000
17 10 0.000000
16 11 0.000000
16 12 0.000000
15 11 0.000000
14 12 0.000000
18 13 0.000000
18 12 0.000000
19 12 0.000000
18 11 0.000000
19 11 0.000000
18 10 0.000000
19 10 0.000000
20 9 0.000000
20 8 0.000000
19 9 0.000000
19 8 0.000000
18 9 0.000000
18 8 0.000000
18 7 0.000000
18 6 0.000000
19 7 0.000000
19 6 0.000000
18 38 0.000000
18 38 1.000000
18 38 0.000000
18 38 1.000000
18 38 0.000000
18 38 1.000000
18 38 0.000000
18 38 1.000000
18 38 0.000000
18 38 1.000000
18 38 0.000000
18 38 1.000000
18 38 0.000000
18 38 1.000000
18 38 0.000000
18 38 1.000000
18 38 0.000000
18 38 1.000000
18 38 0.000000
18 38 1.000000
18 38 0.000000
18 38 1.000000
18 38 0.000000
18 38 1.000000
18 38 0.000000
18 38 1.000000
18 38 0.000000
18 38 1.000000
18 38 0.000000
18 38 1.000000
18 38 0.000000
18 38 1.000000
18 38 0.000000
18 38 1.000000
18 38 0.000000
18 38 1.000000
18 38 0.000000
18 38 1.000000
18 38 0.000000
18 38 1.000000
18 38 0.000000
18 38 1.000000
18 38 0.000000
18 38 1.000000
18 38 0.000000
18 38 1.000000
18 38 0.000000
18 38 1.000000
18 38 0.000000
18 36 1.000000
6 40 0.000000
18 36 0.000000
19 35 0.000000
19 36 0.000000
20 36 0.000000
20 35 0.000000
21 34 0.000000
21 35 0.000000
22 35 0.000000
22 34 0.000000
23 34 0.000000
23 33 0.000000
24 34 0.000000
24 33 0.000000
24 32 0.000000
25 33 0.000000
25 32 0.000000
26 33 0.000000
26 32 0.000000
26 31 0.000000
27 32 0.000000
27 31 0.000000
28 31 0.000000
28 30 0.000000
29 31 0.000000
29 30 0.000000
29 29 0.000000
30 30 0.000000
30 29 0.000000
31 29 0.000000
31 28 0.000000
32 29 0.000000
32 28 0.000000
30 25 0.000000
29 25 0.000000
27 25 0.000000
26 25 0.000000
28 25 0.000000
18 35 0.000000
