   1.2029002e+01   1.4689336e+02
   1.2097287e+01   1.4689343e+02
   1.2163626e+01   1.4689351e+02
   1.2226920e+01   1.4689358e+02
   1.2285690e+01   1.4689364e+02
   1.2338244e+01   1.4689370e+02
   1.2383113e+01   1.4689375e+02
   1.2419627e+01   1.4689379e+02
   1.2448241e+01   1.4689382e+02
   1.2470309e+01   1.4689384e+02
   1.2487522e+01   1.4689386e+02
   1.2501422e+01   1.4689388e+02
   1.2513187e+01   1.4689389e+02
   1.2523628e+01   1.4689390e+02
   1.2533266e+01   1.4689391e+02
   1.2542424e+01   1.4689392e+02
   1.2551582e+01   1.4689393e+02
   1.2560740e+01   1.4689394e+02
   1.2569898e+01   1.4689395e+02
   1.2579056e+01   1.4689396e+02
   1.2588213e+01   1.4689397e+02
   1.2597371e+01   1.4689398e+02
   1.2606529e+01   1.4689399e+02
   1.2615687e+01   1.4689400e+02
   1.2624843e+01   1.4689402e+02
   1.2633998e+01   1.4689403e+02
   1.2643153e+01   1.4689404e+02
   1.2652309e+01   1.4689405e+02
   1.2661464e+01   1.4689406e+02
   1.2670620e+01   1.4689407e+02
   1.2679775e+01   1.4689408e+02
   1.2688930e+01   1.4689409e+02
   1.2698083e+01   1.4689410e+02
   1.2707236e+01   1.4689411e+02
   1.2716388e+01   1.4689412e+02
   1.2725541e+01   1.4689413e+02
   1.2734694e+01   1.4689414e+02
   1.2743847e+01   1.4689415e+02
   1.2752999e+01   1.4689416e+02
   1.2762152e+01   1.4689417e+02
   1.2771302e+01   1.4689418e+02
   1.2780452e+01   1.4689419e+02
   1.2789602e+01   1.4689420e+02
   1.2798752e+01   1.4689421e+02
   1.2807902e+01   1.4689422e+02
   1.2817053e+01   1.4689423e+02
   1.2826203e+01   1.4689424e+02
   1.2835353e+01   1.4689425e+02
   1.2844500e+01   1.4689426e+02
   1.2853648e+01   1.4689427e+02
   1.2862795e+01   1.4689428e+02
   1.2871942e+01   1.4689429e+02
   1.2881090e+01   1.4689430e+02
   1.2890237e+01   1.4689431e+02
   1.2899385e+01   1.4689432e+02
   1.2908532e+01   1.4689433e+02
   1.2917677e+01   1.4689434e+02
   1.2926822e+01   1.4689435e+02
   1.2935966e+01   1.4689436e+02
   1.2945111e+01   1.4689437e+02
   1.2954256e+01   1.4689438e+02
   1.2963401e+01   1.4689439e+02
   1.2972545e+01   1.4689440e+02
   1.2981690e+01   1.4689441e+02
   1.2990832e+01   1.4689442e+02
   1.2999974e+01   1.4689443e+02
   1.3009116e+01   1.4689444e+02
   1.3018259e+01   1.4689445e+02
   1.3027401e+01   1.4689446e+02
   1.3036543e+01   1.4689447e+02
   1.3045685e+01   1.4689448e+02
   1.3054827e+01   1.4689449e+02
   1.3063966e+01   1.4689450e+02
   1.3073106e+01   1.4689451e+02
   1.3082245e+01   1.4689452e+02
   1.3091384e+01   1.4689453e+02
   1.3100524e+01   1.4689454e+02
   1.3109663e+01   1.4689455e+02
   1.3118803e+01   1.4689456e+02
   1.3127942e+01   1.4689457e+02
   1.3137079e+01   1.4689458e+02
   1.3146215e+01   1.4689459e+02
   1.3155352e+01   1.4689460e+02
   1.3164489e+01   1.4689461e+02
   1.3173625e+01   1.4689462e+02
   1.3182762e+01   1.4689463e+02
   1.3191899e+01   1.4689464e+02
   1.3201035e+01   1.4689465e+02
   1.3210169e+01   1.4689466e+02
   1.3219303e+01   1.4689467e+02
   1.3228437e+01   1.4689468e+02
   1.3237571e+01   1.4689469e+02
   1.3246705e+01   1.4689470e+02
   1.3255839e+01   1.4689471e+02
   1.3264973e+01   1.4689472e+02
   1.3274107e+01   1.4689473e+02
   1.3283238e+01   1.4689474e+02
   1.3292369e+01   1.4689475e+02
   1.3301500e+01   1.4689476e+02
   1.3310632e+01   1.4689477e+02
   1.3319763e+01   1.4689478e+02
   1.3328894e+01   1.4689479e+02
   1.3338025e+01   1.4689480e+02
   1.3347156e+01   1.4689481e+02
   1.3356285e+01   1.4689482e+02
   1.3365413e+01   1.4689483e+02
   1.3374542e+01   1.4689484e+02
   1.3383670e+01   1.4689485e+02
   1.3392799e+01   1.4689486e+02
   1.3401927e+01   1.4689487e+02
   1.3411056e+01   1.4689488e+02
   1.3420184e+01   1.4689489e+02
   1.3429310e+01   1.4689490e+02
   1.3438435e+01   1.4689491e+02
   1.3447561e+01   1.4689492e+02
   1.3456687e+01   1.4689493e+02
   1.3465812e+01   1.4689494e+02
   1.3474938e+01   1.4689496e+02
   1.3484064e+01   1.4689497e+02
   1.3493189e+01   1.4689498e+02
   1.3502312e+01   1.4689499e+02
   1.3511435e+01   1.4689500e+02
   1.3520558e+01   1.4689501e+02
   1.3529681e+01   1.4689502e+02
   1.3538804e+01   1.4689503e+02
   1.3547927e+01   1.4689504e+02
   1.3557050e+01   1.4689505e+02
   1.3566173e+01   1.4689506e+02
   1.3575293e+01   1.4689507e+02
   1.3584413e+01   1.4689508e+02
   1.3593533e+01   1.4689509e+02
   1.3602653e+01   1.4689510e+02
   1.3611773e+01   1.4689511e+02
   1.3620893e+01   1.4689512e+02
   1.3630013e+01   1.4689513e+02
   1.3639134e+01   1.4689514e+02
   1.3648251e+01   1.4689515e+02
   1.3657368e+01   1.4689516e+02
   1.3666485e+01   1.4689517e+02
   1.3675603e+01   1.4689518e+02
   1.3684720e+01   1.4689519e+02
   1.3693837e+01   1.4689520e+02
   1.3702955e+01   1.4689521e+02
   1.3712072e+01   1.4689522e+02
   1.3721186e+01   1.4689523e+02
   1.3730301e+01   1.4689524e+02
   1.3739415e+01   1.4689525e+02
   1.3748530e+01   1.4689526e+02
   1.3757644e+01   1.4689527e+02
   1.3766759e+01   1.4689528e+02
   1.3775873e+01   1.4689529e+02
   1.3784988e+01   1.4689530e+02
   1.3794099e+01   1.4689531e+02
   1.3803211e+01   1.4689532e+02
   1.3812323e+01   1.4689533e+02
   1.3821434e+01   1.4689534e+02
   1.3830546e+01   1.4689535e+02
   1.3839657e+01   1.4689536e+02
   1.3848769e+01   1.4689537e+02
   1.3857881e+01   1.4689538e+02
   1.3866990e+01   1.4689539e+02
   1.3876098e+01   1.4689540e+02
   1.3885207e+01   1.4689541e+02
   1.3894316e+01   1.4689542e+02
   1.3903425e+01   1.4689543e+02
   1.3912533e+01   1.4689544e+02
   1.3921642e+01   1.4689545e+02
   1.3930751e+01   1.4689546e+02
   1.3939857e+01   1.4689547e+02
   1.3948963e+01   1.4689548e+02
   1.3958069e+01   1.4689549e+02
   1.3967175e+01   1.4689550e+02
   1.3976281e+01   1.4689551e+02
   1.3985387e+01   1.4689552e+02
   1.3994492e+01   1.4689553e+02
   1.4003598e+01   1.4689554e+02
   1.4012701e+01   1.4689555e+02
   1.4021804e+01   1.4689556e+02
   1.4030907e+01   1.4689557e+02
   1.4040011e+01   1.4689558e+02
   1.4049114e+01   1.4689559e+02
   1.4058217e+01   1.4689560e+02
   1.4067320e+01   1.4689561e+02
   1.4076423e+01   1.4689562e+02
   1.4085523e+01   1.4689563e+02
   1.4094623e+01   1.4689564e+02
   1.4103723e+01   1.4689565e+02
   1.4112823e+01   1.4689566e+02
   1.4121923e+01   1.4689567e+02
   1.4131024e+01   1.4689568e+02
   1.4140124e+01   1.4689569e+02
   1.4149224e+01   1.4689570e+02
   1.4158321e+01   1.4689571e+02
   1.4167418e+01   1.4689572e+02
   1.4176516e+01   1.4689573e+02
   1.4185613e+01   1.4689574e+02
   1.4194710e+01   1.4689575e+02
   1.4203807e+01   1.4689576e+02
   1.4212905e+01   1.4689577e+02
   1.4222002e+01   1.4689578e+02
   1.4231096e+01   1.4689579e+02
   1.4240190e+01   1.4689580e+02
   1.4249285e+01   1.4689581e+02
   1.4258379e+01   1.4689582e+02
   1.4267473e+01   1.4689583e+02
   1.4276568e+01   1.4689584e+02
   1.4285662e+01   1.4689585e+02
   1.4294756e+01   1.4689586e+02
   1.4303848e+01   1.4689587e+02
   1.4312939e+01   1.4689588e+02
   1.4322030e+01   1.4689589e+02
   1.4331122e+01   1.4689590e+02
   1.4340213e+01   1.4689591e+02
   1.4349305e+01   1.4689592e+02
   1.4358396e+01   1.4689593e+02
   1.4367487e+01   1.4689594e+02
   1.4376576e+01   1.4689595e+02
   1.4385664e+01   1.4689596e+02
   1.4394753e+01   1.4689597e+02
   1.4403841e+01   1.4689598e+02
   1.4412930e+01   1.4689599e+02
   1.4422018e+01   1.4689600e+02
   1.4431106e+01   1.4689601e+02
   1.4440195e+01   1.4689602e+02
   1.4449280e+01   1.4689603e+02
   1.4458366e+01   1.4689604e+02
   1.4467451e+01   1.4689605e+02
   1.4476537e+01   1.4689606e+02
   1.4485622e+01   1.4689607e+02
   1.4494708e+01   1.4689608e+02
   1.4503793e+01   1.4689609e+02
   1.4512879e+01   1.4689610e+02
   1.4521961e+01   1.4689611e+02
   1.4531044e+01   1.4689612e+02
   1.4540126e+01   1.4689613e+02
   1.4549209e+01   1.4689614e+02
   1.4558291e+01   1.4689615e+02
   1.4567374e+01   1.4689616e+02
   1.4576456e+01   1.4689617e+02
   1.4585539e+01   1.4689618e+02
   1.4594618e+01   1.4689619e+02
   1.4603698e+01   1.4689620e+02
   1.4612777e+01   1.4689621e+02
   1.4621857e+01   1.4689622e+02
   1.4630936e+01   1.4689623e+02
   1.4640016e+01   1.4689624e+02
   1.4649095e+01   1.4689625e+02
   1.4658175e+01   1.4689626e+02
   1.4667251e+01   1.4689627e+02
   1.4676328e+01   1.4689628e+02
   1.4685404e+01   1.4689629e+02
   1.4694481e+01   1.4689630e+02
   1.4703557e+01   1.4689631e+02
   1.4712634e+01   1.4689632e+02
   1.4721710e+01   1.4689633e+02
   1.4730787e+01   1.4689634e+02
   1.4739860e+01   1.4689635e+02
   1.4748934e+01   1.4689636e+02
   1.4758007e+01   1.4689637e+02
   1.4767081e+01   1.4689638e+02
   1.4776154e+01   1.4689639e+02
   1.4785228e+01   1.4689640e+02
   1.4794301e+01   1.4689641e+02
   1.4803375e+01   1.4689642e+02
   1.4812445e+01   1.4689643e+02
   1.4821516e+01   1.4689644e+02
   1.4830586e+01   1.4689645e+02
   1.4839657e+01   1.4689646e+02
   1.4848727e+01   1.4689647e+02
   1.4857798e+01   1.4689648e+02
   1.4866868e+01   1.4689649e+02
   1.4875939e+01   1.4689650e+02
   1.4885006e+01   1.4689651e+02
   1.4894074e+01   1.4689652e+02
   1.4903141e+01   1.4689653e+02
   1.4912208e+01   1.4689654e+02
   1.4921276e+01   1.4689655e+02
   1.4930343e+01   1.4689656e+02
   1.4939411e+01   1.4689657e+02
   1.4948478e+01   1.4689658e+02
   1.4957542e+01   1.4689659e+02
   1.4966607e+01   1.4689660e+02
   1.4975671e+01   1.4689661e+02
   1.4984736e+01   1.4689662e+02
   1.4993800e+01   1.4689663e+02
   1.5002864e+01   1.4689664e+02
   1.5011929e+01   1.4689665e+02
   1.5020993e+01   1.4689666e+02
   1.5030054e+01   1.4689667e+02
   1.5039116e+01   1.4689668e+02
   1.5048177e+01   1.4689669e+02
   1.5057238e+01   1.4689670e+02
   1.5066299e+01   1.4689671e+02
   1.5075361e+01   1.4689672e+02
   1.5084422e+01   1.4689673e+02
   1.5093483e+01   1.4689674e+02
   1.5102542e+01   1.4689675e+02
   1.5111600e+01   1.4689676e+02
   1.5120658e+01   1.4689677e+02
   1.5129716e+01   1.4689678e+02
   1.5138774e+01   1.4689679e+02
   1.5147833e+01   1.4689680e+02
   1.5156891e+01   1.4689681e+02
   1.5165949e+01   1.4689682e+02
   1.5175004e+01   1.4689683e+02
   1.5184059e+01   1.4689684e+02
   1.5193114e+01   1.4689685e+02
   1.5202169e+01   1.4689686e+02
   1.5211225e+01   1.4689687e+02
   1.5220280e+01   1.4689688e+02
   1.5229335e+01   1.4689689e+02
   1.5238390e+01   1.4689690e+02
   1.5247445e+01   1.4689691e+02
   1.5256973e+01   1.4689692e+02
   1.5267292e+01   1.4689693e+02
   1.5278916e+01   1.4689695e+02
   1.5292644e+01   1.4689696e+02
   1.5309637e+01   1.4689698e+02
   1.5331413e+01   1.4689700e+02
   1.5359640e+01   1.4689704e+02
   1.5395652e+01   1.4689707e+02
   1.5439895e+01   1.4689712e+02
   1.5491713e+01   1.4689718e+02
   1.5549654e+01   1.4689724e+02
   1.5612054e+01   1.4689731e+02
   1.5677456e+01   1.4689738e+02
   1.5744774e+01   1.4689746e+02
