   1.5744774e+01   1.4689746e+02
   1.5744776e+01   1.4683006e+02
   1.5744779e+01   1.4676454e+02
   1.5744781e+01   1.4670195e+02
   1.5744784e+01   1.4664372e+02
   1.5744786e+01   1.4659148e+02
   1.5744787e+01   1.4654664e+02
   1.5744789e+01   1.4650985e+02
   1.5744790e+01   1.4648067e+02
   1.5744791e+01   1.4645780e+02
   1.5744791e+01   1.4643961e+02
   1.5744792e+01   1.4642460e+02
   1.5744792e+01   1.4641166e+02
   1.5744793e+01   1.4639999e+02
   1.5744793e+01   1.4638909e+02
   1.5744794e+01   1.4637866e+02
   1.5744794e+01   1.4636822e+02
   1.5744794e+01   1.4635779e+02
   1.5744795e+01   1.4634736e+02
   1.5744795e+01   1.4633692e+02
   1.5744796e+01   1.4632649e+02
   1.5744796e+01   1.4631605e+02
   1.5744796e+01   1.4630562e+02
   1.5744797e+01   1.4629519e+02
   1.5744797e+01   1.4628486e+02
   1.5744798e+01   1.4627453e+02
   1.5744798e+01   1.4626421e+02
   1.5744798e+01   1.4625388e+02
   1.5744799e+01   1.4624355e+02
   1.5744799e+01   1.4623323e+02
   1.5744800e+01   1.4622290e+02
   1.5744800e+01   1.4621257e+02
   1.5744800e+01   1.4620235e+02
   1.5744801e+01   1.4619213e+02
   1.5744801e+01   1.4618191e+02
   1.5744801e+01   1.4617169e+02
   1.5744802e+01   1.4616147e+02
   1.5744802e+01   1.4615125e+02
   1.5744803e+01   1.4614103e+02
   1.5744803e+01   1.4613081e+02
   1.5744803e+01   1.4612070e+02
   1.5744804e+01   1.4611059e+02
   1.5744804e+01   1.4610047e+02
   1.5744804e+01   1.4609036e+02
   1.5744805e+01   1.4608025e+02
   1.5744805e+01   1.4607013e+02
   1.5744806e+01   1.4606002e+02
   1.5744806e+01   1.4604991e+02
   1.5744806e+01   1.4603990e+02
   1.5744807e+01   1.4602990e+02
   1.5744807e+01   1.4601989e+02
   1.5744807e+01   1.4600989e+02
   1.5744808e+01   1.4599988e+02
   1.5744808e+01   1.4598987e+02
   1.5744809e+01   1.4597987e+02
   1.5744809e+01   1.4596986e+02
   1.5744809e+01   1.4595996e+02
   1.5744810e+01   1.4595006e+02
   1.5744810e+01   1.4594016e+02
   1.5744810e+01   1.4593027e+02
   1.5744811e+01   1.4592037e+02
   1.5744811e+01   1.4591047e+02
   1.5744812e+01   1.4590057e+02
   1.5744812e+01   1.4589067e+02
   1.5744812e+01   1.4588088e+02
   1.5744813e+01   1.4587109e+02
   1.5744813e+01   1.4586129e+02
   1.5744813e+01   1.4585150e+02
   1.5744814e+01   1.4584171e+02
   1.5744814e+01   1.4583192e+02
   1.5744814e+01   1.4582213e+02
   1.5744815e+01   1.4581233e+02
   1.5744815e+01   1.4580265e+02
   1.5744815e+01   1.4579296e+02
   1.5744816e+01   1.4578328e+02
   1.5744816e+01   1.4577359e+02
   1.5744817e+01   1.4576391e+02
   1.5744817e+01   1.4575422e+02
   1.5744817e+01   1.4574454e+02
   1.5744818e+01   1.4573486e+02
   1.5744818e+01   1.4572528e+02
   1.5744818e+01   1.4571570e+02
   1.5744819e+01   1.4570612e+02
   1.5744819e+01   1.4569654e+02
   1.5744819e+01   1.4568697e+02
   1.5744820e+01   1.4567739e+02
   1.5744820e+01   1.4566781e+02
   1.5744820e+01   1.4565823e+02
   1.5744821e+01   1.4564871e+02
   1.5744821e+01   1.4563918e+02
   1.5744821e+01   1.4562966e+02
   1.5744822e+01   1.4562013e+02
   1.5744822e+01   1.4561061e+02
   1.5744822e+01   1.4560108e+02
   1.5744823e+01   1.4559156e+02
   1.5744823e+01   1.4558204e+02
   1.5744823e+01   1.4557251e+02
   1.5744824e+01   1.4556299e+02
   1.5744824e+01   1.4555346e+02
   1.5744824e+01   1.4554394e+02
   1.5744825e+01   1.4553441e+02
   1.5744825e+01   1.4552489e+02
   1.5744825e+01   1.4551536e+02
   1.5744826e+01   1.4550584e+02
   1.5744826e+01   1.4549632e+02
   1.5744826e+01   1.4548679e+02
   1.5744827e+01   1.4547727e+02
   1.5744827e+01   1.4546774e+02
   1.5744827e+01   1.4545822e+02
   1.5744828e+01   1.4544869e+02
   1.5744828e+01   1.4543917e+02
   1.5744828e+01   1.4542964e+02
   1.5744829e+01   1.4542012e+02
   1.5744829e+01   1.4541060e+02
   1.5744829e+01   1.4540107e+02
   1.5744830e+01   1.4539155e+02
   1.5744830e+01   1.4538202e+02
   1.5744830e+01   1.4537250e+02
   1.5744831e+01   1.4536297e+02
   1.5744831e+01   1.4535345e+02
   1.5744831e+01   1.4534393e+02
   1.5744832e+01   1.4533440e+02
   1.5744832e+01   1.4532488e+02
   1.5744832e+01   1.4531535e+02
   1.5744833e+01   1.4530583e+02
   1.5744833e+01   1.4529630e+02
   1.5744833e+01   1.4528678e+02
   1.5744834e+01   1.4527725e+02
   1.5744834e+01   1.4526773e+02
   1.5744834e+01   1.4525821e+02
   1.5744835e+01   1.4524868e+02
   1.5744835e+01   1.4523916e+02
   1.5744835e+01   1.4522963e+02
   1.5744836e+01   1.4522011e+02
   1.5744836e+01   1.4521058e+02
   1.5744836e+01   1.4520106e+02
   1.5744836e+01   1.4519153e+02
   1.5744837e+01   1.4518201e+02
   1.5744837e+01   1.4517249e+02
   1.5744837e+01   1.4516296e+02
   1.5744838e+01   1.4515344e+02
   1.5744838e+01   1.4514391e+02
   1.5744838e+01   1.4513439e+02
   1.5744839e+01   1.4512486e+02
   1.5744839e+01   1.4511534e+02
   1.5744839e+01   1.4510582e+02
   1.5744840e+01   1.4509629e+02
   1.5744840e+01   1.4508677e+02
   1.5744840e+01   1.4507724e+02
   1.5744841e+01   1.4506772e+02
   1.5744841e+01   1.4505819e+02
   1.5744841e+01   1.4504867e+02
   1.5744841e+01   1.4503914e+02
   1.5744842e+01   1.4502962e+02
   1.5744842e+01   1.4502010e+02
   1.5744842e+01   1.4501057e+02
   1.5744843e+01   1.4500105e+02
   1.5744843e+01   1.4499152e+02
   1.5744843e+01   1.4498200e+02
   1.5744844e+01   1.4497247e+02
   1.5744844e+01   1.4496295e+02
   1.5744844e+01   1.4495343e+02
   1.5744844e+01   1.4494390e+02
   1.5744845e+01   1.4493438e+02
   1.5744845e+01   1.4492485e+02
   1.5744845e+01   1.4491533e+02
   1.5744846e+01   1.4490580e+02
   1.5744846e+01   1.4489628e+02
   1.5744846e+01   1.4488676e+02
   1.5744847e+01   1.4487723e+02
   1.5744847e+01   1.4486771e+02
   1.5744847e+01   1.4485818e+02
   1.5744847e+01   1.4484866e+02
   1.5744848e+01   1.4483913e+02
   1.5744848e+01   1.4482961e+02
   1.5744848e+01   1.4482009e+02
   1.5744849e+01   1.4481056e+02
   1.5744849e+01   1.4480104e+02
   1.5744849e+01   1.4479151e+02
   1.5744849e+01   1.4478199e+02
   1.5744850e+01   1.4477246e+02
   1.5744850e+01   1.4476294e+02
   1.5744850e+01   1.4475341e+02
   1.5744851e+01   1.4474389e+02
   1.5744851e+01   1.4473437e+02
   1.5744851e+01   1.4472484e+02
   1.5744851e+01   1.4471532e+02
   1.5744852e+01   1.4470579e+02
   1.5744852e+01   1.4469627e+02
   1.5744852e+01   1.4468674e+02
   1.5744853e+01   1.4467722e+02
   1.5744853e+01   1.4466770e+02
   1.5744853e+01   1.4465817e+02
   1.5744853e+01   1.4464865e+02
   1.5744854e+01   1.4463912e+02
   1.5744854e+01   1.4462960e+02
   1.5744854e+01   1.4462007e+02
   1.5744854e+01   1.4461055e+02
   1.5744855e+01   1.4460103e+02
   1.5744855e+01   1.4459150e+02
   1.5744855e+01   1.4458198e+02
   1.5744856e+01   1.4457245e+02
   1.5744856e+01   1.4456293e+02
   1.5744856e+01   1.4455341e+02
   1.5744856e+01   1.4454388e+02
   1.5744857e+01   1.4453436e+02
   1.5744857e+01   1.4452483e+02
   1.5744857e+01   1.4451531e+02
   1.5744858e+01   1.4450578e+02
   1.5744858e+01   1.4449626e+02
   1.5744858e+01   1.4448674e+02
   1.5744858e+01   1.4447721e+02
   1.5744859e+01   1.4446769e+02
   1.5744859e+01   1.4445816e+02
   1.5744859e+01   1.4444864e+02
   1.5744859e+01   1.4443911e+02
   1.5744860e+01   1.4442959e+02
   1.5744860e+01   1.4442007e+02
   1.5744860e+01   1.4441054e+02
   1.5744860e+01   1.4440102e+02
   1.5744861e+01   1.4439149e+02
   1.5744861e+01   1.4438197e+02
   1.5744861e+01   1.4437244e+02
   1.5744862e+01   1.4436292e+02
   1.5744862e+01   1.4435340e+02
   1.5744862e+01   1.4434387e+02
   1.5744862e+01   1.4433435e+02
   1.5744863e+01   1.4432482e+02
   1.5744863e+01   1.4431530e+02
   1.5744863e+01   1.4430577e+02
   1.5744863e+01   1.4429625e+02
   1.5744864e+01   1.4428673e+02
   1.5744864e+01   1.4427720e+02
   1.5744864e+01   1.4426768e+02
   1.5744864e+01   1.4425815e+02
   1.5744865e+01   1.4424863e+02
   1.5744865e+01   1.4423911e+02
   1.5744865e+01   1.4422958e+02
   1.5744865e+01   1.4422006e+02
   1.5744866e+01   1.4421053e+02
   1.5744866e+01   1.4420101e+02
   1.5744866e+01   1.4419148e+02
   1.5744866e+01   1.4418196e+02
   1.5744867e+01   1.4417244e+02
   1.5744867e+01   1.4416291e+02
   1.5744867e+01   1.4415339e+02
   1.5744867e+01   1.4414386e+02
   1.5744868e+01   1.4413434e+02
   1.5744868e+01   1.4412482e+02
   1.5744868e+01   1.4411529e+02
   1.5744868e+01   1.4410577e+02
   1.5744869e+01   1.4409624e+02
   1.5744869e+01   1.4408672e+02
   1.5744869e+01   1.4407719e+02
   1.5744869e+01   1.4406767e+02
   1.5744870e+01   1.4405815e+02
   1.5744870e+01   1.4404862e+02
   1.5744870e+01   1.4403910e+02
   1.5744870e+01   1.4402957e+02
   1.5744871e+01   1.4402005e+02
   1.5744871e+01   1.4401053e+02
   1.5744871e+01   1.4400100e+02
   1.5744871e+01   1.4399148e+02
   1.5744872e+01   1.4398195e+02
   1.5744872e+01   1.4397243e+02
   1.5744872e+01   1.4396290e+02
   1.5744872e+01   1.4395338e+02
   1.5744873e+01   1.4394386e+02
   1.5744873e+01   1.4393433e+02
   1.5744873e+01   1.4392481e+02
   1.5744873e+01   1.4391528e+02
   1.5744874e+01   1.4390576e+02
   1.5744874e+01   1.4389624e+02
   1.5744874e+01   1.4388671e+02
   1.5744874e+01   1.4387719e+02
   1.5744875e+01   1.4386766e+02
   1.5744875e+01   1.4385814e+02
   1.5744875e+01   1.4384862e+02
   1.5744875e+01   1.4383909e+02
   1.5744876e+01   1.4382957e+02
   1.5744876e+01   1.4382004e+02
   1.5744876e+01   1.4381052e+02
   1.5744876e+01   1.4380099e+02
   1.5744876e+01   1.4379147e+02
   1.5744877e+01   1.4378195e+02
   1.5744877e+01   1.4377242e+02
   1.5744877e+01   1.4376290e+02
   1.5744877e+01   1.4375337e+02
   1.5744878e+01   1.4374385e+02
   1.5744878e+01   1.4373433e+02
   1.5744878e+01   1.4372480e+02
   1.5744878e+01   1.4371528e+02
   1.5744879e+01   1.4370575e+02
   1.5744879e+01   1.4369623e+02
   1.5744879e+01   1.4368671e+02
   1.5744879e+01   1.4367718e+02
   1.5744879e+01   1.4366766e+02
   1.5744880e+01   1.4365813e+02
   1.5744880e+01   1.4364861e+02
   1.5744880e+01   1.4363909e+02
   1.5744880e+01   1.4362956e+02
   1.5744881e+01   1.4362004e+02
   1.5744881e+01   1.4361051e+02
   1.5744881e+01   1.4360099e+02
   1.5744881e+01   1.4359146e+02
   1.5744881e+01   1.4358144e+02
   1.5744882e+01   1.4357059e+02
   1.5744882e+01   1.4355836e+02
   1.5744882e+01   1.4354391e+02
   1.5744883e+01   1.4352602e+02
   1.5744883e+01   1.4350309e+02
   1.5744884e+01   1.4347336e+02
   1.5744885e+01   1.4343543e+02
   1.5744886e+01   1.4338883e+02
   1.5744887e+01   1.4333424e+02
   1.5744889e+01   1.4327320e+02
   1.5744890e+01   1.4320747e+02
   1.5744891e+01   1.4313857e+02
   1.5744893e+01   1.4306765e+02
