   1.2029051e+01   1.4306507e+02
   1.2029051e+01   1.4313596e+02
   1.2029050e+01   1.4320483e+02
   1.2029050e+01   1.4327055e+02
   1.2029049e+01   1.4333156e+02
   1.2029049e+01   1.4338613e+02
   1.2029048e+01   1.4343272e+02
   1.2029048e+01   1.4347063e+02
   1.2029048e+01   1.4350035e+02
   1.2029047e+01   1.4352327e+02
   1.2029047e+01   1.4354115e+02
   1.2029047e+01   1.4355559e+02
   1.2029047e+01   1.4356782e+02
   1.2029047e+01   1.4357867e+02
   1.2029047e+01   1.4358869e+02
   1.2029047e+01   1.4359821e+02
   1.2029047e+01   1.4360773e+02
   1.2029047e+01   1.4361725e+02
   1.2029047e+01   1.4362677e+02
   1.2029046e+01   1.4363629e+02
   1.2029046e+01   1.4364581e+02
   1.2029046e+01   1.4365533e+02
   1.2029046e+01   1.4366485e+02
   1.2029046e+01   1.4367437e+02
   1.2029046e+01   1.4368389e+02
   1.2029046e+01   1.4369341e+02
   1.2029046e+01   1.4370294e+02
   1.2029046e+01   1.4371246e+02
   1.2029046e+01   1.4372198e+02
   1.2029046e+01   1.4373150e+02
   1.2029046e+01   1.4374102e+02
   1.2029045e+01   1.4375054e+02
   1.2029045e+01   1.4376006e+02
   1.2029045e+01   1.4376958e+02
   1.2029045e+01   1.4377910e+02
   1.2029045e+01   1.4378862e+02
   1.2029045e+01   1.4379814e+02
   1.2029045e+01   1.4380766e+02
   1.2029045e+01   1.4381718e+02
   1.2029045e+01   1.4382670e+02
   1.2029045e+01   1.4383622e+02
   1.2029045e+01   1.4384574e+02
   1.2029044e+01   1.4385526e+02
   1.2029044e+01   1.4386478e+02
   1.2029044e+01   1.4387430e+02
   1.2029044e+01   1.4388382e+02
   1.2029044e+01   1.4389334e+02
   1.2029044e+01   1.4390287e+02
   1.2029044e+01   1.4391239e+02
   1.2029044e+01   1.4392191e+02
   1.2029044e+01   1.4393143e+02
   1.2029044e+01   1.4394095e+02
   1.2029044e+01   1.4395047e+02
   1.2029043e+01   1.4395999e+02
   1.2029043e+01   1.4396951e+02
   1.2029043e+01   1.4397903e+02
   1.2029043e+01   1.4398855e+02
   1.2029043e+01   1.4399807e+02
   1.2029043e+01   1.4400759e+02
   1.2029043e+01   1.4401711e+02
   1.2029043e+01   1.4402663e+02
   1.2029043e+01   1.4403615e+02
   1.2029043e+01   1.4404567e+02
   1.2029043e+01   1.4405519e+02
   1.2029042e+01   1.4406471e+02
   1.2029042e+01   1.4407423e+02
   1.2029042e+01   1.4408375e+02
   1.2029042e+01   1.4409327e+02
   1.2029042e+01   1.4410280e+02
   1.2029042e+01   1.4411232e+02
   1.2029042e+01   1.4412184e+02
   1.2029042e+01   1.4413136e+02
   1.2029042e+01   1.4414088e+02
   1.2029042e+01   1.4415040e+02
   1.2029042e+01   1.4415992e+02
   1.2029041e+01   1.4416944e+02
   1.2029041e+01   1.4417896e+02
   1.2029041e+01   1.4418848e+02
   1.2029041e+01   1.4419800e+02
   1.2029041e+01   1.4420752e+02
   1.2029041e+01   1.4421704e+02
   1.2029041e+01   1.4422656e+02
   1.2029041e+01   1.4423608e+02
   1.2029041e+01   1.4424560e+02
   1.2029041e+01   1.4425512e+02
   1.2029040e+01   1.4426464e+02
   1.2029040e+01   1.4427416e+02
   1.2029040e+01   1.4428368e+02
   1.2029040e+01   1.4429320e+02
   1.2029040e+01   1.4430273e+02
   1.2029040e+01   1.4431225e+02
   1.2029040e+01   1.4432177e+02
   1.2029040e+01   1.4433129e+02
   1.2029040e+01   1.4434081e+02
   1.2029040e+01   1.4435033e+02
   1.2029039e+01   1.4435985e+02
   1.2029039e+01   1.4436937e+02
   1.2029039e+01   1.4437889e+02
   1.2029039e+01   1.4438841e+02
   1.2029039e+01   1.4439793e+02
   1.2029039e+01   1.4440745e+02
   1.2029039e+01   1.4441697e+02
   1.2029039e+01   1.4442649e+02
   1.2029039e+01   1.4443601e+02
   1.2029039e+01   1.4444553e+02
   1.2029038e+01   1.4445505e+02
   1.2029038e+01   1.4446457e+02
   1.2029038e+01   1.4447409e+02
   1.2029038e+01   1.4448361e+02
   1.2029038e+01   1.4449314e+02
   1.2029038e+01   1.4450266e+02
   1.2029038e+01   1.4451218e+02
   1.2029038e+01   1.4452170e+02
   1.2029038e+01   1.4453122e+02
   1.2029038e+01   1.4454074e+02
   1.2029037e+01   1.4455026e+02
   1.2029037e+01   1.4455978e+02
   1.2029037e+01   1.4456930e+02
   1.2029037e+01   1.4457882e+02
   1.2029037e+01   1.4458834e+02
   1.2029037e+01   1.4459786e+02
   1.2029037e+01   1.4460738e+02
   1.2029037e+01   1.4461690e+02
   1.2029037e+01   1.4462642e+02
   1.2029036e+01   1.4463594e+02
   1.2029036e+01   1.4464546e+02
   1.2029036e+01   1.4465498e+02
   1.2029036e+01   1.4466450e+02
   1.2029036e+01   1.4467402e+02
   1.2029036e+01   1.4468355e+02
   1.2029036e+01   1.4469307e+02
   1.2029036e+01   1.4470259e+02
   1.2029036e+01   1.4471211e+02
   1.2029035e+01   1.4472163e+02
   1.2029035e+01   1.4473115e+02
   1.2029035e+01   1.4474067e+02
   1.2029035e+01   1.4475019e+02
   1.2029035e+01   1.4475971e+02
   1.2029035e+01   1.4476923e+02
   1.2029035e+01   1.4477875e+02
   1.2029035e+01   1.4478827e+02
   1.2029035e+01   1.4479779e+02
   1.2029034e+01   1.4480731e+02
   1.2029034e+01   1.4481683e+02
   1.2029034e+01   1.4482635e+02
   1.2029034e+01   1.4483587e+02
   1.2029034e+01   1.4484539e+02
   1.2029034e+01   1.4485491e+02
   1.2029034e+01   1.4486443e+02
   1.2029034e+01   1.4487396e+02
   1.2029034e+01   1.4488348e+02
   1.2029033e+01   1.4489300e+02
   1.2029033e+01   1.4490252e+02
   1.2029033e+01   1.4491204e+02
   1.2029033e+01   1.4492156e+02
   1.2029033e+01   1.4493108e+02
   1.2029033e+01   1.4494060e+02
   1.2029033e+01   1.4495012e+02
   1.2029033e+01   1.4495964e+02
   1.2029032e+01   1.4496916e+02
   1.2029032e+01   1.4497868e+02
   1.2029032e+01   1.4498820e+02
   1.2029032e+01   1.4499772e+02
   1.2029032e+01   1.4500724e+02
   1.2029032e+01   1.4501676e+02
   1.2029032e+01   1.4502628e+02
   1.2029032e+01   1.4503580e+02
   1.2029032e+01   1.4504532e+02
   1.2029031e+01   1.4505485e+02
   1.2029031e+01   1.4506437e+02
   1.2029031e+01   1.4507389e+02
   1.2029031e+01   1.4508341e+02
   1.2029031e+01   1.4509293e+02
   1.2029031e+01   1.4510245e+02
   1.2029031e+01   1.4511197e+02
   1.2029031e+01   1.4512149e+02
   1.2029030e+01   1.4513101e+02
   1.2029030e+01   1.4514053e+02
   1.2029030e+01   1.4515005e+02
   1.2029030e+01   1.4515957e+02
   1.2029030e+01   1.4516909e+02
   1.2029030e+01   1.4517861e+02
   1.2029030e+01   1.4518813e+02
   1.2029030e+01   1.4519765e+02
   1.2029029e+01   1.4520717e+02
   1.2029029e+01   1.4521669e+02
   1.2029029e+01   1.4522621e+02
   1.2029029e+01   1.4523574e+02
   1.2029029e+01   1.4524526e+02
   1.2029029e+01   1.4525478e+02
   1.2029029e+01   1.4526430e+02
   1.2029028e+01   1.4527382e+02
   1.2029028e+01   1.4528334e+02
   1.2029028e+01   1.4529286e+02
   1.2029028e+01   1.4530238e+02
   1.2029028e+01   1.4531190e+02
   1.2029028e+01   1.4532142e+02
   1.2029028e+01   1.4533094e+02
   1.2029028e+01   1.4534046e+02
   1.2029027e+01   1.4534998e+02
   1.2029027e+01   1.4535950e+02
   1.2029027e+01   1.4536902e+02
   1.2029027e+01   1.4537854e+02
   1.2029027e+01   1.4538806e+02
   1.2029027e+01   1.4539758e+02
   1.2029027e+01   1.4540710e+02
   1.2029026e+01   1.4541663e+02
   1.2029026e+01   1.4542615e+02
   1.2029026e+01   1.4543567e+02
   1.2029026e+01   1.4544519e+02
   1.2029026e+01   1.4545471e+02
   1.2029026e+01   1.4546423e+02
   1.2029026e+01   1.4547375e+02
   1.2029026e+01   1.4548327e+02
   1.2029025e+01   1.4549279e+02
   1.2029025e+01   1.4550231e+02
   1.2029025e+01   1.4551183e+02
   1.2029025e+01   1.4552135e+02
   1.2029025e+01   1.4553087e+02
   1.2029025e+01   1.4554039e+02
   1.2029025e+01   1.4554991e+02
   1.2029024e+01   1.4555943e+02
   1.2029024e+01   1.4556895e+02
   1.2029024e+01   1.4557847e+02
   1.2029024e+01   1.4558800e+02
   1.2029024e+01   1.4559752e+02
   1.2029024e+01   1.4560704e+02
   1.2029024e+01   1.4561656e+02
   1.2029023e+01   1.4562608e+02
   1.2029023e+01   1.4563560e+02
   1.2029023e+01   1.4564512e+02
   1.2029023e+01   1.4565464e+02
   1.2029023e+01   1.4566421e+02
   1.2029023e+01   1.4567379e+02
   1.2029022e+01   1.4568336e+02
   1.2029022e+01   1.4569294e+02
   1.2029022e+01   1.4570251e+02
   1.2029022e+01   1.4571208e+02
   1.2029022e+01   1.4572166e+02
   1.2029022e+01   1.4573123e+02
   1.2029022e+01   1.4574091e+02
   1.2029021e+01   1.4575059e+02
   1.2029021e+01   1.4576027e+02
   1.2029021e+01   1.4576995e+02
   1.2029021e+01   1.4577964e+02
   1.2029021e+01   1.4578932e+02
   1.2029021e+01   1.4579900e+02
   1.2029021e+01   1.4580868e+02
   1.2029020e+01   1.4581847e+02
   1.2029020e+01   1.4582825e+02
   1.2029020e+01   1.4583804e+02
   1.2029020e+01   1.4584783e+02
   1.2029020e+01   1.4585762e+02
   1.2029020e+01   1.4586741e+02
   1.2029019e+01   1.4587719e+02
   1.2029019e+01   1.4588698e+02
   1.2029019e+01   1.4589688e+02
   1.2029019e+01   1.4590677e+02
   1.2029019e+01   1.4591667e+02
   1.2029019e+01   1.4592656e+02
   1.2029019e+01   1.4593646e+02
   1.2029018e+01   1.4594635e+02
   1.2029018e+01   1.4595625e+02
   1.2029018e+01   1.4596614e+02
   1.2029018e+01   1.4597614e+02
   1.2029018e+01   1.4598614e+02
   1.2029018e+01   1.4599615e+02
   1.2029017e+01   1.4600615e+02
   1.2029017e+01   1.4601615e+02
   1.2029017e+01   1.4602615e+02
   1.2029017e+01   1.4603615e+02
   1.2029017e+01   1.4604616e+02
   1.2029017e+01   1.4605626e+02
   1.2029016e+01   1.4606637e+02
   1.2029016e+01   1.4607648e+02
   1.2029016e+01   1.4608659e+02
   1.2029016e+01   1.4609670e+02
   1.2029016e+01   1.4610681e+02
   1.2029016e+01   1.4611692e+02
   1.2029015e+01   1.4612703e+02
   1.2029015e+01   1.4613724e+02
   1.2029015e+01   1.4614746e+02
   1.2029015e+01   1.4615767e+02
   1.2029015e+01   1.4616789e+02
   1.2029015e+01   1.4617810e+02
   1.2029014e+01   1.4618832e+02
   1.2029014e+01   1.4619854e+02
   1.2029014e+01   1.4620875e+02
   1.2029014e+01   1.4621907e+02
   1.2029014e+01   1.4622940e+02
   1.2029013e+01   1.4623972e+02
   1.2029013e+01   1.4625004e+02
   1.2029013e+01   1.4626036e+02
   1.2029013e+01   1.4627069e+02
   1.2029013e+01   1.4628101e+02
   1.2029013e+01   1.4629133e+02
   1.2029012e+01   1.4630176e+02
   1.2029012e+01   1.4631219e+02
   1.2029012e+01   1.4632262e+02
   1.2029012e+01   1.4633305e+02
   1.2029012e+01   1.4634348e+02
   1.2029012e+01   1.4635391e+02
   1.2029011e+01   1.4636434e+02
   1.2029011e+01   1.4637477e+02
   1.2029011e+01   1.4638520e+02
   1.2029011e+01   1.4639609e+02
   1.2029011e+01   1.4640776e+02
   1.2029010e+01   1.4642070e+02
   1.2029010e+01   1.4643569e+02
   1.2029010e+01   1.4645388e+02
   1.2029009e+01   1.4647674e+02
   1.2029009e+01   1.4650591e+02
   1.2029008e+01   1.4654268e+02
   1.2029007e+01   1.4658750e+02
   1.2029006e+01   1.4663972e+02
   1.2029005e+01   1.4669793e+02
   1.2029004e+01   1.4676049e+02
   1.2029003e+01   1.4682599e+02
   1.2029002e+01   1.4689336e+02
