         327
  -260421.422         195382.438    
  -260504.875         187894.422    
  -260582.906         180619.750    
  -260659.078         173679.125    
  -260730.203         167234.609    
  -260792.672         161471.484    
  -260846.469         156550.781    
  -260890.891         152545.719    
  -260924.781         149406.359    
  -260949.641         146984.547    
  -260972.328         145094.656    
  -260988.000         143567.922    
  -261001.312         142275.250    
  -261014.750         141127.609    
  -261027.250         140068.078    
  -261037.594         139061.047    
  -261047.953         138053.922    
  -261059.922         137046.906    
  -261070.250         136039.891    
  -261082.219         135032.891    
  -261092.578         134025.906    
  -261102.922         133018.766    
  -261114.906         132011.906    
  -261125.250         131004.883    
  -261137.250         129997.578    
  -261147.578         128990.156    
  -261157.922         127982.852    
  -261169.922         126975.555    
  -261180.281         125968.148    
  -261192.250         124960.875    
  -261202.578         123953.562    
  -261212.922         122946.273    
  -261224.922         121938.477    
  -261235.281         120930.875    
  -261247.250         119923.172    
  -261257.609         118915.570    
  -261267.953         117907.961    
  -261279.938         116900.289    
  -261290.312         115892.586    
  -261302.312         114884.906    
  -261312.656         113877.000    
  -261323.016         112869.109    
  -261334.984         111861.008    
  -261345.359         110853.117    
  -261357.344         109845.133    
  -261367.688         108837.133    
  -261378.047         107829.141    
  -261390.047         106821.273    
  -261402.016         105812.867    
  -261412.375         104804.688    
  -261422.750         103796.258    
  -261433.094         102788.078    
  -261445.094         101779.688    
  -261457.078         100771.523    
  -261467.453         99763.1328    
  -261477.812         98754.9453    
  -261488.188         97746.2266    
  -261500.156         96737.6484    
  -261510.531         95729.0469    
  -261520.859         94720.4453    
  -261532.891         93711.8750    
  -261544.891         92703.1875    
  -261555.250         91694.7188    
  -261565.594         90686.0156    
  -261575.969         89677.0000    
  -261587.969         88668.2266    
  -261599.984         87659.2344    
  -261610.328         86650.3359    
  -261620.703         85641.3359    
  -261632.703         84632.4609    
  -261643.062         83623.5703    
  -261655.062         82614.5938    
  -261665.438         81605.3906    
  -261675.797         80596.0781    
  -261687.797         79586.7891    
  -261698.203         78577.5938    
  -261710.203         77568.4141    
  -261720.547         76559.1094    
  -261730.906         75549.9297    
  -261742.906         74540.6406    
  -261753.281         73531.1328    
  -261765.281         72521.5391    
  -261775.688         71511.9297    
  -261786.047         70502.4297    
  -261798.047         69492.8438    
  -261808.422         68483.1328    
  -261820.422         67473.6562    
  -261830.812         66464.0547    
  -261841.188         65454.2383    
  -261853.219         64444.3438    
  -261865.219         63434.4492    
  -261875.594         62424.6367    
  -261885.953         61414.6172    
  -261896.328         60404.7148    
  -261908.359         59394.9297    
  -261920.359         58385.0391    
  -261930.734         57374.8164    
  -261941.125         56364.5938    
  -261953.141         55354.3906    
  -261963.531         54344.1719    
  -261975.531         53333.9727    
  -261985.906         52323.8633    
  -261996.281         51313.5469    
  -262008.312         50303.3477    
  -262018.688         49292.9219    
  -262029.078         48282.2891    
  -262041.078         47271.8828    
  -262051.453         46261.2539    
  -262063.484         45250.7422    
  -262073.891         44240.2188    
  -262084.250         43229.6992    
  -262096.266         42219.1953    
  -262106.656         41208.3555    
  -262118.688         40197.5312    
  -262129.094         39186.5898    
  -262139.438         38175.8594    
  -262151.469         37164.9375    
  -262163.531         36154.1172    
  -262173.875         35143.2852    
  -262184.281         34132.4531    
  -262194.625         33121.2031    
  -262206.688         32110.1738    
  -262218.719         31098.9355    
  -262229.094         30087.7910    
  -262239.500         29076.5371    
  -262251.500         28065.5176    
  -262261.906         27054.2656    
  -262273.938         26043.1387    
  -262284.312         25031.5703    
  -262294.750         24020.1074    
  -262306.750         23008.6660    
  -262317.156         21997.0996    
  -262329.188         20985.6602    
  -262339.594         19974.3066    
  -262349.969         18962.7422    
  -262362.000         17951.3008    
  -262372.406         16939.4199    
  -262384.469         15927.6631    
  -262394.844         14915.7812    
  -262405.219         13904.0078    
  -262417.281         12892.1445    
  -262429.312         11880.3887    
  -262439.688         10868.6162    
  -262450.094         9856.73730    
  -262462.125         8844.66309    
  -262472.531         7832.57275    
  -262484.594         6820.49951    
  -262494.969         5808.30273    
  -262505.375         4796.10693    
  -262517.438         3784.03418    
  -262527.812         2771.94482    
  -262538.219         1759.85498    
  -262550.250         747.358276    
  -262560.688        -265.049347    
  -262572.688        -1277.43994    
  -262583.094        -2289.95361    
  -262593.531        -3302.46753    
  -262605.562        -4314.85840    
  -262615.969        -5327.37256    
  -262628.000        -6339.76416    
  -262638.406        -7352.59570    
  -262648.812        -8365.32227    
  -262660.844        -9378.13770    
  -262672.875        -10390.8477    
  -262683.312        -11403.5762    
  -262693.688        -12416.4092    
  -262705.750        -13429.0137    
  -262716.156        -14441.8477    
  -262728.219        -15454.8770    
  -262738.625        -16468.0293    
  -262749.031        -17481.1836    
  -262761.094        -18494.2168    
  -262771.500        -19507.2637    
  -262783.562        -20520.4004    
  -262793.938        -21533.4512    
  -262804.375        -22546.6055    
  -262816.438        -23560.0645    
  -262828.500        -24573.3105    
  -262838.906        -25586.7852    
  -262849.344        -26600.1582    
  -262859.719        -27613.6328    
  -262871.781        -28626.9883    
  -262883.844        -29640.3418    
  -262894.250        -30653.8242    
  -262904.656        -31667.6230    
  -262916.719        -32681.2988    
  -262927.125        -33694.8828    
  -262939.219        -34708.6719    
  -262949.625        -35722.3633    
  -262960.031        -36736.1641    
  -262972.094        -37749.8438    
  -262982.531        -38763.6484    
  -262994.594        -39777.6484    
  -263005.031        -40791.6719    
  -263015.438        -41805.7930    
  -263027.500        -42819.7969    
  -263037.906        -43833.8203    
  -263048.312        -44847.9492    
  -263060.406        -45861.9570    
  -263072.438        -46875.9648    
  -263082.875        -47890.3047    
  -263093.281        -48904.6523    
  -263103.719        -49919.1094    
  -263115.812        -50933.5430    
  -263127.875        -51947.8750    
  -263138.312        -52962.2305    
  -263148.719        -53976.5781    
  -263160.781        -54990.9180    
  -263171.188        -56005.6953    
  -263183.281        -57020.3477    
  -263193.719        -58035.0234    
  -263204.125        -59049.7070    
  -263216.219        -60064.3711    
  -263228.281        -61079.0312    
  -263238.719        -62093.8203    
  -263249.125        -63108.5000    
  -263259.562        -64123.5000    
  -263271.625        -65138.4883    
  -263283.719        -66153.4844    
  -263294.156        -67168.5938    
  -263304.594        -68183.5000    
  -263316.688        -69198.4922    
  -263327.094        -70213.6172    
  -263339.188        -71228.5078    
  -263349.625        -72243.9375    
  -263360.031        -73259.1719    
  -263372.156        -74274.5000    
  -263384.219        -75289.9219    
  -263394.656        -76305.1641    
  -263405.094        -77320.6094    
  -263415.500        -78335.8594    
  -263427.594        -79351.2891    
  -263439.719        -80366.9453    
  -263450.125        -81382.5078    
  -263460.562        -82398.1719    
  -263472.656        -83413.8359    
  -263483.062        -84429.3984    
  -263495.156        -85445.0703    
  -263505.594        -86460.8516    
  -263516.031        -87476.4297    
  -263528.156        -88492.4219    
  -263538.562        -89508.4297    
  -263549.031        -90524.3281    
  -263561.094        -91540.3203    
  -263571.562        -92556.3281    
  -263583.625        -93572.2266    
  -263594.094        -94588.2500    
  -263604.531        -95604.2656    
  -263616.625        -96620.5859    
  -263628.750        -97636.8047    
  -263639.156        -98653.1562    
  -263649.625        -99669.3906    
  -263661.688        -100685.727    
  -263672.156        -101702.078    
  -263684.219        -102718.312    
  -263694.688        -103734.672    
  -263705.156        -104751.242    
  -263717.250        -105767.805    
  -263729.344        -106784.469    
  -263739.781        -107801.055    
  -263750.250        -108817.633    
  -263760.688        -109834.328    
  -263772.781        -110851.000    
  -263784.906        -111867.586    
  -263795.312        -112884.492    
  -263805.812        -113901.406    
  -263817.906        -114918.312    
  -263828.344        -115935.352    
  -263840.469        -116952.242    
  -263850.875        -117969.172    
  -263861.375        -118986.102    
  -263873.469        -120003.016    
  -263885.562        -121020.367    
  -263896.031        -122037.625    
  -263906.469        -123054.875    
  -263918.594        -124072.141    
  -263929.031        -125089.398    
  -263941.156        -126106.664    
  -263951.625        -127123.930    
  -263962.062        -128141.211    
  -263974.188        -129158.781    
  -263984.656        -130176.273    
  -263996.750        -131193.969    
  -264007.250        -132211.500    
  -264017.656        -133229.078    
  -264029.781        -134246.688    
  -264040.250        -135264.297    
  -264050.688        -136281.828    
  -264062.812        -137299.766    
  -264074.938        -138317.578    
  -264085.406        -139335.531    
  -264095.875        -140353.484    
  -264108.000        -141371.312    
  -264118.438        -142389.281    
  -264130.562        -143407.219    
  -264141.031        -144425.094    
  -264151.469        -145443.375    
  -264163.625        -146461.547    
  -264174.094        -147479.750    
  -264186.188        -148498.031    
  -264196.688        -149516.219    
  -264207.156        -150534.547    
  -264219.281        -151552.625    
  -264231.406        -152570.922    
  -264241.875        -153589.453    
  -264252.344        -154608.000    
  -264264.438        -155626.625    
  -264274.938        -156645.156    
  -264287.062        -157663.594    
  -264297.531        -158682.156    
  -264308.000        -159700.812    
  -264320.156        -160719.359    
  -264332.250        -161737.906    
  -264343.281        -162809.828    
  -264355.219        -163971.047    
  -264370.344        -165279.719    
  -264387.875        -166825.672    
  -264407.531        -168740.234    
  -264436.094        -171194.688    
  -264470.500        -174377.375    
  -264513.875        -178438.922    
  -264568.531        -183429.797    
  -264633.625        -189275.547    
  -264704.156        -195812.891    
  -264783.188        -202853.828    
  -264864.062        -210233.875    
  -264947.188        -217830.516    
         319
  -264947.188        -217830.516    
  -257233.641        -217908.688    
  -249739.203        -217982.562    
  -242588.422        -218050.875    
  -235950.656        -218112.641    
  -230013.516        -218166.344    
  -224943.016        -218211.219    
  -220818.891        -218246.906    
  -217584.641        -218274.422    
  -215090.906        -218295.469    
  -213145.047        -218311.641    
  -211574.422        -218324.594    
  -210242.859        -218335.516    
  -209062.406        -218345.125    
  -207973.250        -218353.938    
  -206937.203        -218362.281    
  -205901.188        -218370.562    
  -204865.172        -218378.828    
  -203829.156        -218387.062    
  -202793.109        -218395.344    
  -201757.125        -218403.484    
  -200721.094        -218411.578    
  -199685.062        -218419.609    
  -198649.031        -218427.625    
  -197614.656        -218435.578    
  -196578.656        -218443.516    
  -195540.969        -218451.422    
  -194504.922        -218459.250    
  -193468.906        -218467.062    
  -192432.859        -218474.828    
  -191398.516        -218482.547    
  -190362.484        -218490.297    
  -189326.453        -218497.938    
  -188290.422        -218505.516    
  -187254.391        -218513.078    
  -186218.359        -218520.594    
  -185182.328        -218528.078    
  -184146.297        -218535.516    
  -183110.266        -218542.891    
  -182074.234        -218550.219    
  -181038.203        -218557.516    
  -180003.844        -218564.766    
  -178967.828        -218572.094    
  -177931.781        -218579.281    
  -176895.750        -218586.422    
  -175859.719        -218593.500    
  -174823.688        -218600.547    
  -173787.641        -218607.578    
  -172751.625        -218614.516    
  -171715.578        -218621.469    
  -170679.562        -218628.359    
  -169643.516        -218635.188    
  -168607.484        -218641.984    
  -167571.453        -218648.891    
  -166535.406        -218655.594    
  -165499.375        -218662.266    
  -164463.328        -218668.891    
  -163427.297        -218675.500    
  -162392.922        -218682.031    
  -161356.891        -218688.547    
  -160320.844        -218695.000    
  -159284.812        -218701.438    
  -158248.781        -218707.812    
  -157212.734        -218714.172    
  -156176.703        -218720.562    
  -155140.656        -218726.828    
  -154104.609        -218733.047    
  -153068.594        -218739.234    
  -152032.547        -218745.359    
  -150996.516        -218751.469    
  -149960.453        -218757.516    
  -148924.438        -218763.531    
  -147888.391        -218769.484    
  -146852.359        -218775.453    
  -145816.297        -218781.328    
  -144781.922        -218787.250    
  -143745.891        -218793.062    
  -142709.828        -218798.828    
  -141673.781        -218804.531    
  -140637.734        -218810.203    
  -139601.703        -218815.859    
  -138565.672        -218821.469    
  -137529.625        -218827.016    
  -136493.578        -218832.516    
  -135457.531        -218837.984    
  -134423.156        -218843.500    
  -133387.109        -218848.906    
  -132351.047        -218854.234    
  -131315.016        -218859.547    
  -130277.312        -218864.812    
  -129241.273        -218870.031    
  -128205.219        -218875.234    
  -127170.828        -218880.344    
  -126134.789        -218885.422    
  -125098.742        -218890.469    
  -124062.703        -218895.594    
  -123026.648        -218900.578    
  -121990.594        -218905.500    
  -120954.555        -218910.375    
  -119918.516        -218915.234    
  -118882.453        -218920.031    
  -117846.414        -218924.781    
  -116812.016        -218929.500    
  -115775.977        -218934.188    
  -114739.922        -218938.812    
  -113703.883        -218943.500    
  -112667.828        -218948.078    
  -111631.789        -218952.578    
  -110595.734        -218957.047    
  -109559.680        -218961.484    
  -108523.633        -218965.891    
  -107487.578        -218970.219    
  -106451.539        -218974.500    
  -105415.484        -218978.781    
  -104379.430        -218982.984    
  -103343.375        -218987.266    
  -102307.328        -218991.406    
  -101271.281        -218995.531    
  -100235.234        -218999.547    
  -99200.8359        -219003.547    
  -98164.7812        -219007.531    
  -97128.7344        -219011.453    
  -96092.6875        -219015.359    
  -95056.6328        -219019.203    
  -94020.5781        -219023.203    
  -92984.5234        -219026.969    
  -91948.4766        -219030.672    
  -90912.4219        -219034.359    
  -89876.3672        -219037.984    
  -88840.3125        -219041.594    
  -87804.2656        -219045.125    
  -86768.2109        -219048.656    
  -85732.1484        -219052.141    
  -84696.0938        -219055.641    
  -83660.0391        -219059.047    
  -82623.9922        -219062.406    
  -81589.5938        -219065.703    
  -80553.5391        -219068.953    
  -79517.4922        -219072.172    
  -78481.4297        -219075.344    
  -77445.3750        -219078.484    
  -76409.3203        -219081.594    
  -75373.2734        -219084.750    
  -74337.2188        -219087.781    
  -73301.1562        -219090.734    
  -72265.1016        -219093.672    
  -71230.7031        -219096.531    
  -70194.6484        -219099.375    
  -69158.5938        -219102.188    
  -68120.8750        -219104.938    
  -67084.8203        -219107.656    
  -66048.7656        -219110.438    
  -65012.7070        -219113.078    
  -63978.3125        -219115.672    
  -62942.2500        -219118.234    
  -61906.1992        -219120.734    
  -60870.1445        -219123.188    
  -59834.0859        -219125.625    
  -58798.0352        -219128.016    
  -57761.9688        -219130.453    
  -56725.9180        -219132.781    
  -55689.8555        -219135.047    
  -54653.8008        -219137.250    
  -53619.4023        -219139.422    
  -52583.3398        -219141.578    
  -51547.2852        -219143.656    
  -50511.2227        -219145.719    
  -49475.1641        -219147.719    
  -48437.4531        -219149.781    
  -47401.3906        -219151.734    
  -46366.9922        -219153.609    
  -45330.9336        -219155.453    
  -44294.8789        -219157.250    
  -43258.8164        -219159.016    
  -42222.7617        -219160.734    
  -41186.6992        -219162.422    
  -40150.6406        -219164.156    
  -39114.5820        -219165.750    
  -38078.5234        -219167.328    
  -37042.4648        -219168.812    
  -36008.0664        -219170.281    
  -34972.0078        -219171.703    
  -33935.9492        -219173.109    
  -32899.8906        -219174.438    
  -31863.8301        -219175.859    
  -30827.7695        -219177.109    
  -29791.7109        -219178.312    
  -28755.6465        -219179.516    
  -27719.5918        -219180.656    
  -26683.5293        -219181.750    
  -25647.4688        -219182.781    
  -24611.4082        -219183.922    
  -23575.3516        -219184.859    
  -22539.2910        -219185.797    
  -21503.2285        -219186.672    
  -20467.1719        -219187.547    
  -19431.1113        -219188.328    
  -18396.7109        -219189.094    
  -17360.6504        -219189.812    
  -16324.5908        -219190.594    
  -15288.5312        -219191.250    
  -14252.4717        -219191.828    
  -13216.4102        -219192.359    
  -12180.3506        -219192.891    
  -11144.2900        -219193.344    
  -10108.2295        -219193.781    
  -9072.16992        -219194.281    
  -8036.10938        -219194.641    
  -7000.04834        -219194.922    
  -5963.98877        -219195.172    
  -4927.92822        -219195.406    
  -3891.86768        -219195.578    
  -2855.80737        -219195.719    
  -1819.74719        -219195.812    
  -785.347046        -219195.953    
   250.713333        -219195.984    
   1286.77368        -219195.953    
   2322.83423        -219195.906    
   3358.89453        -219195.766    
   4394.95459        -219195.594    
   5431.01514        -219195.406    
   6467.07617        -219195.281    
   7503.13574        -219194.984    
   8539.19531        -219194.688    
   9575.25684        -219194.312    
   10611.3164        -219193.906    
   11647.3770        -219193.453    
   12683.4375        -219192.969    
   13719.4980        -219192.547    
   14755.5586        -219191.969    
   15791.6182        -219191.344    
   16826.0176        -219190.688    
   17868.7188        -219190.016    
   18911.4199        -219189.250    
   19952.4609        -219188.594    
   20995.1621        -219187.766    
   22036.2031        -219186.859    
   23077.2461        -219185.969    
   24119.9453        -219185.000    
   25160.9863        -219184.016    
   26213.6504        -219182.969    
   27267.9766        -219181.984    
   28320.6367        -219180.859    
   29373.2988        -219179.656    
   30427.6250        -219178.453    
   31481.9492        -219177.156    
   32534.6133        -219175.859    
   33588.9375        -219174.500    
   34653.2227        -219173.203    
   35717.5039        -219171.766    
   36783.4531        -219170.250    
   37847.7344        -219168.719    
   38913.6797        -219167.125    
   39979.6250        -219165.500    
   41043.9102        -219163.922    
   42108.1953        -219162.203    
   43185.7656        -219160.422    
   44261.6719        -219158.578    
   45339.2344        -219156.719    
   46415.1484        -219154.812    
   47492.7109        -219152.828    
   48568.6211        -219150.953    
   49646.1836        -219148.875    
   50722.0938        -219146.797    
   51809.6250        -219144.625    
   52898.8164        -219142.406    
   53987.9961        -219140.141    
   55075.5312        -219137.938    
   56163.0547        -219135.609    
   57252.2500        -219133.188    
   58339.7695        -219130.781    
   59428.9648        -219128.266    
   60528.1094        -219125.719    
   61628.9297        -219123.312    
   62728.0742        -219120.656    
   63828.8828        -219117.953    
   64928.0391        -219115.203    
   66028.8516        -219112.391    
   67127.9922        -219109.562    
   68228.8047        -219106.766    
   69339.5781        -219103.812    
   70452.0078        -219100.797    
   71562.7812        -219097.734    
   72675.2109        -219094.609    
   73785.9844        -219091.469    
   74898.4219        -219088.359    
   76010.8438        -219085.125    
   77121.6250        -219081.781    
   78244.0078        -219078.422    
   79368.0625        -219074.969    
   80490.4531        -219071.609    
   81614.5078        -219068.047    
   82736.8984        -219064.484    
   83860.9531        -219060.828    
   84983.3516        -219057.156    
   86107.3984        -219053.422    
   87241.4141        -219049.719    
   88377.0859        -219045.859    
   89511.1016        -219041.938    
   90646.7734        -219037.953    
   91780.7812        -219033.938    
   92916.4609        -219029.875    
   94050.4688        -219025.859    
   95186.1406        -219021.703    
   96320.1562        -219017.469    
   97505.6406        -219013.016    
   98775.7969        -219008.156    
   100183.766        -219002.859    
   101814.227        -218996.438    
   103793.344        -218988.531    
   106282.188        -218978.500    
   109455.102        -218965.203    
   113456.508        -218948.000    
   118332.898        -218926.172    
   124016.234        -218899.547    
   130350.383        -218868.375    
   137156.078        -218833.141    
   144283.859        -218794.297    
   151614.172        -218752.312    
         327
   151614.172        -218752.312    
   151577.750        -211155.453    
   151542.609        -203775.438    
   151509.469        -196734.328    
   151477.609        -190196.719    
   151449.828        -184350.766    
   151425.422        -179359.875    
   151404.812        -175298.312    
   151389.406        -172115.562    
   151378.266        -169660.953    
   151368.641        -167746.422    
   151361.219        -166200.391    
   151355.156        -164891.766    
   151349.984        -163730.453    
   151343.672        -162658.500    
   151339.328        -161639.891    
   151335.000        -160621.281    
   151328.984        -159602.688    
   151324.672        -158584.172    
   151320.312        -157565.578    
   151314.328        -156547.094    
   151310.000        -155528.531    
   151305.641        -154509.922    
   151299.656        -153491.344    
   151295.312        -152473.094    
   151290.984        -151454.844    
   151286.641        -150436.594    
   151280.641        -149418.234    
   151276.297        -148400.094    
   151271.969        -147381.766    
   151265.953        -146363.516    
   151261.625        -145345.391    
   151257.281        -144327.391    
   151251.297        -143309.359    
   151246.969        -142291.562    
   151242.625        -141273.562    
   151236.625        -140255.672    
   151232.297        -139237.672    
   151227.953        -138219.781    
   151221.969        -137201.906    
   151217.625        -136184.234    
   151213.281        -135166.688    
   151207.297        -134149.016    
   151202.969        -133131.453    
   151198.625        -132113.812    
   151192.641        -131096.172    
   151188.297        -130078.516    
   151183.953        -129060.969    
   151177.969        -128043.758    
   151173.625        -127026.336    
   151169.297        -126009.125    
   151163.312        -124991.930    
   151158.984        -123974.492    
   151154.625        -122957.305    
   151148.656        -121939.891    
   151144.312        -120922.688    
   151138.312        -119905.719    
   151134.000        -118888.742    
   151129.656        -117871.883    
   151123.672        -116854.805    
   151119.344        -115837.828    
   151115.000        -114820.867    
   151109.016        -113804.023    
   151104.656        -112786.961    
   151100.344        -111770.320    
   151094.375        -110753.688    
   151090.031        -109737.047    
   151085.688        -108720.312    
   151079.703        -107703.688    
   151075.391        -106687.062    
   151071.047        -105670.445    
   151065.047        -104653.820    
   151060.734        -103637.531    
   151056.391        -102621.117    
   151050.406        -101604.836    
   151046.078        -100588.539    
   151041.750        -99572.1562    
   151035.766        -98555.8750    
   151031.422        -97539.4844    
   151027.094        -96523.2031    
   151021.109        -95507.1484    
   151016.781        -94491.1797    
   151012.453        -93475.2266    
   151006.469        -92459.1797    
   151002.125        -91443.2266    
   150996.156        -90427.1719    
   150991.844        -89411.1172    
   150987.500        -88395.2812    
   150981.516        -87379.5547    
   150977.172        -86363.8359    
   150972.859        -85348.1094    
   150966.875        -84332.5000    
   150962.547        -83316.7734    
   150958.203        -82301.0547    
   150952.219        -81285.4531    
   150947.906        -80269.7422    
   150943.578        -79254.3359    
   150937.594        -78239.0625    
   150933.266        -77223.6641    
   150928.953        -76208.2891    
   150922.953        -75192.8984    
   150918.641        -74177.6250    
   150914.297        -73162.2344    
   150908.312        -72146.9766    
   150903.984        -71131.8047    
   150899.672        -70116.8516    
   150893.703        -69101.7031    
   150889.359        -68086.7500    
   150885.031        -67071.5781    
   150879.062        -66056.6406    
   150874.734        -65041.5938    
   150870.391        -64026.5430    
   150864.422        -63011.8203    
   150860.094        -61997.2070    
   150854.125        -60982.3789    
   150849.797        -59967.6523    
   150845.484        -58953.0273    
   150841.141        -57938.2070    
   150836.812        -56923.4844    
   150830.844        -55908.8789    
   150826.531        -54894.4805    
   150822.188        -53880.0781    
   150816.219        -52865.5898    
   150811.891        -51851.1875    
   150807.578        -50836.7969    
   150801.594        -49822.4102    
   150797.266        -48808.0195    
   150792.953        -47793.6289    
   150786.969        -46779.5664    
   150782.641        -45765.5000    
   150778.328        -44751.4258    
   150772.328        -43737.3672    
   150768.031        -42723.3008    
   150763.688        -41709.2344    
   150757.719        -40695.0742    
   150753.406        -39680.9062    
   150749.078        -38667.2695    
   150743.094        -37653.5312    
   150738.797        -36639.7891    
   150734.469        -35625.9414    
   150728.484        -34612.2070    
   150724.156        -33598.4688    
   150718.203        -32584.6309    
   150713.859        -31570.8965    
   150709.547        -30557.5801    
   150703.578        -29544.0664    
   150699.266        -28530.6465    
   150694.938        -27517.1230    
   150688.969        -26503.8223    
   150684.641        -25490.3027    
   150680.328        -24476.8867    
   150674.344        -23463.3770    
   150670.047        -22450.3867    
   150665.719        -21437.1855    
   150659.750        -20424.0996    
   150655.422        -19411.0059    
   150651.094        -18397.8047    
   150645.141        -17384.8281    
   150640.812        -16371.6289    
   150636.484        -15358.5342    
   150630.531        -14345.6660    
   150626.203        -13332.9980    
   150621.875        -12320.1172    
   150615.922        -11307.3555    
   150611.594        -10294.4756    
   150607.297        -9281.80957    
   150601.312        -8268.94141    
   150597.000        -7256.16992    
   150592.672        -6243.71533    
   150586.719        -5231.16553    
   150582.375        -4218.71191    
   150576.422        -3206.26831    
   150572.094        -2193.70923    
   150567.781        -1181.25598    
   150561.828        -168.918518    
   150557.500         843.640747    
   150553.188         1855.77576    
   150547.219         2867.90112    
   150542.906         3880.03638    
   150538.578         4892.38379    
   150532.625         5904.50977    
   150528.297         6916.64551    
   150523.984         7928.78076    
   150518.031         8940.90723    
   150513.703         9952.72559    
   150509.375         10964.5430    
   150503.422         11976.3535    
   150499.109         12988.1709    
   150494.797         14000.0967    
   150488.844         15012.0137    
   150484.516         16023.8320    
   150480.203         17035.6504    
   150474.234         18047.1465    
   150469.922         19058.5410    
   150465.609         20070.1523    
   150459.641         21081.6465    
   150455.328         22093.1523    
   150451.016         23104.6543    
   150445.047         24116.2578    
   150440.750         25127.7637    
   150434.781         26138.9434    
   150430.453         27150.0273    
   150426.141         28161.3242    
   150420.188         29172.5039    
   150415.875         30183.6973    
   150411.562         31194.9941    
   150405.594         32206.0762    
   150401.281         33217.2695    
   150396.984         34228.2500    
   150391.016         35239.0117    
   150386.703         36249.8906    
   150382.375         37260.8789    
   150376.422         38271.6406    
   150372.109         39282.6250    
   150367.781         40293.4023    
   150361.844         41304.2773    
   150357.531         42314.9492    
   150353.219         43325.4102    
   150347.250         44336.0742    
   150342.938         45346.5391    
   150338.641         46357.1133    
   150332.672         47367.6758    
   150328.375         48378.1406    
   150324.062         49388.8164    
   150318.109         50398.9609    
   150313.781         51409.3242    
   150309.469         52419.4805    
   150303.516         53429.7266    
   150299.203         54439.9883    
   150293.250         55450.2500    
   150288.953         56460.4141    
   150284.625         57470.7773    
   150278.688         58480.6172    
   150274.359         59490.5625    
   150270.047         60500.4141    
   150264.094         61510.3594    
   150259.781         62520.3086    
   150255.484         63530.2734    
   150249.516         64540.1133    
   150245.219         65550.0703    
   150240.906         66559.6172    
   150234.938         67569.2500    
   150230.656         68578.7891    
   150226.328         69588.4375    
   150220.375         70597.9844    
   150216.078         71607.6250    
   150211.766         72617.1797    
   150205.812         73626.9297    
   150201.516         74636.0625    
   150197.188         75645.3984    
   150191.234         76654.6328    
   150186.938         77663.9844    
   150182.609         78673.2109    
   150176.688         79682.5547    
   150172.359         80691.8047    
   150168.047         81701.1562    
   150162.109         82709.9766    
   150157.797         83719.0078    
   150153.484         84727.9531    
   150147.547         85736.9922    
   150143.234         86745.8203    
   150137.281         87754.8594    
   150132.969         88763.8047    
   150128.656         89772.8594    
   150122.719         90781.3750    
   150118.406         91790.1094    
   150114.109         92798.7422    
   150108.156         93807.3828    
   150103.859         94816.0078    
   150099.531         95824.6562    
   150093.609         96833.2969    
   150089.281         97842.0391    
   150084.984         98850.2656    
   150079.047         99858.7031    
   150074.734         100866.930    
   150070.422         101875.172    
   150064.469         102883.609    
   150060.172         103891.844    
   150055.859         104900.297    
   150049.922         105908.531    
   150045.609         106916.562    
   150041.312         107924.602    
   150035.359         108932.523    
   150031.062         109940.664    
   150026.750         110948.609    
   150020.812         111956.547    
   150016.500         112964.594    
   150012.203         113972.641    
   150006.250         114980.266    
   150001.953         115988.008    
   149996.016         116995.641    
   149991.703         118003.273    
   149987.391         119011.031    
   149981.453         120018.766    
   149977.156         121026.414    
   149972.844         122034.070    
   149966.906         123041.500    
   149962.594         124048.836    
   149958.297         125056.203    
   149952.359         126063.539    
   149948.047         127070.883    
   149943.750         128078.336    
   149937.812         129085.680    
   149933.500         130093.047    
   149929.188         131100.109    
   149923.266         132107.125    
   149918.969         133114.188    
   149914.656         134121.234    
   149908.703         135128.281    
   149904.422         136135.359    
   149900.109         137142.406    
   149894.172         138149.469    
   149889.875         139156.547    
   149885.250         140216.219    
   149878.469         141363.828    
   149874.125         142656.656    
   149865.125         144183.328    
   149855.609         146073.312    
   149844.594         148495.234    
   149829.344         151634.609    
   149808.984         155639.875    
   149786.500         160560.703    
   149759.031         166324.172    
   149727.547         172768.891    
   149693.125         179709.703    
   149658.359         186984.719    
   149622.328         194473.062    
         319
   149622.328         194473.062    
   142406.266         194431.703    
   135391.125         194393.578    
   128689.664         194358.875    
   122455.461         194328.406    
   116861.633         194302.203    
   112061.789         194280.656    
   108122.906         194263.750    
   104997.602         194250.734    
   102548.680         194240.812    
   100601.289         194233.000    
   98995.3516         194226.766    
   97609.9453         194221.391    
   96360.1641         194216.719    
   95192.0547         194212.328    
   94076.2344         194208.266    
   92958.7734         194204.141    
   91841.3203         194200.062    
   90725.4844         194196.156    
   89606.3828         194192.156    
   88490.5547         194188.344    
   87373.0938         194184.469    
   86255.6328         194180.672    
   85139.8047         194176.984    
   84033.7734         194173.297    
   82927.7500         194169.750    
   81821.7188         194166.172    
   80715.6953         194162.625    
   79609.6719         194159.219    
   78505.2734         194155.781    
   77399.2500         194152.500    
   76293.2266         194149.141    
   75198.6328         194145.859    
   74104.0391         194142.734    
   73011.0703         194139.578    
   71916.4844         194136.453    
   70821.8984         194133.562    
   69727.3125         194130.516    
   68634.3438         194127.656    
   67539.7500         194124.719    
   66456.5938         194121.844    
   65375.0742         194119.141    
   64290.2891         194116.359    
   63208.7578         194113.656    
   62125.6016         194111.078    
   61042.4492         194108.453    
   59959.2930         194105.953    
   58877.7656         194103.422    
   57806.0430         194100.969    
   56735.9609         194098.656    
   55664.2344         194096.266    
   54592.5156         194093.953    
   53520.7930         194091.766    
   52449.0703         194089.531    
   51378.9844         194087.438    
   50307.2578         194085.281    
   49246.9766         194083.203    
   48186.6914         194081.266    
   47126.4062         194079.266    
   46067.7539         194077.344    
   45007.4648         194075.531    
   43948.8164         194073.688    
   42888.5273         194071.969    
   41828.2422         194070.203    
   40779.3945         194068.500    
   39732.1758         194066.938    
   38683.3242         194065.312    
   37634.4766         194063.734    
   36585.6211         194062.297    
   35538.4062         194060.797    
   34489.5547         194059.359    
   33440.7070         194058.062    
   32403.2891         194056.703    
   31365.8770         194055.422    
   30330.0957         194054.250    
   29292.6836         194053.031    
   28256.8984         194051.984    
   27219.4844         194050.828    
   26182.0723         194049.734    
   25146.2891         194048.781    
   24120.3105         194047.812    
   23094.3320         194046.828    
   22068.3516         194046.016    
   21042.3730         194045.172    
   20018.0293         194044.328    
   18992.0508         194043.641    
   17967.7051         194042.906    
   16941.7246         194042.203    
   15922.2803         194041.641    
   14901.2021         194041.031    
   13881.7578         194040.438    
   12862.3164         194040.000    
   11842.8701         194039.516    
   10821.7939         194039.047    
   9802.34863         194038.844    
   8784.53809         194038.484    
   7763.46045         194038.141    
   6744.01611         194037.969    
   5724.57129         194037.703    
   4705.12744         194037.500    
   3684.04980         194037.438    
   2664.60498         194037.297    
   1645.16077         194037.219    
   625.716553         194037.297    
  -393.727692         194037.266    
  -1414.80566         194037.297    
  -2434.25000         194037.500    
  -3453.69434         194037.609    
  -4473.13818         194037.781    
  -5494.21631         194038.078    
  -6513.66016         194038.328    
  -7533.10498         194038.609    
  -8552.54980         194039.031    
  -9571.99316         194039.391    
  -10591.4375         194039.828    
  -11610.8818         194040.359    
  -12631.9590         194040.844    
  -13651.4033         194041.375    
  -14670.8467         194042.047    
  -15690.2910         194042.656    
  -16709.7344         194043.312    
  -17730.8125         194044.109    
  -18750.2578         194044.828    
  -19769.7012         194045.609    
  -20789.1465         194046.531    
  -21810.2227         194047.406    
  -22829.6680         194048.297    
  -23849.1094         194049.328    
  -24868.5547         194050.312    
  -25888.0000         194051.328    
  -26909.0762         194052.516    
  -27926.8867         194053.594    
  -28947.9648         194054.766    
  -29967.4043         194056.047    
  -30986.8496         194057.281    
  -32006.2949         194058.547    
  -33027.3711         194059.859    
  -34046.8164         194061.328    
  -35066.2578         194062.703    
  -36085.7031         194064.125    
  -37105.1445         194065.703    
  -38126.2188         194067.219    
  -39145.6641         194068.781    
  -40165.1094         194070.484    
  -41184.5469         194072.109    
  -42203.9922         194073.781    
  -43225.0703         194075.625    
  -44242.8789         194077.359    
  -45263.9570         194079.172    
  -46283.3984         194081.109    
  -47302.8398         194083.016    
  -48322.2812         194084.922    
  -49343.3594         194086.906    
  -50362.7969         194089.000    
  -51382.2422         194091.047    
  -52401.6914         194093.141    
  -53421.1328         194095.375    
  -54442.2031         194097.547    
  -55461.6484         194099.766    
  -56481.0859         194102.219    
  -57500.5273         194104.516    
  -58519.9727         194106.859    
  -59541.0508         194109.234    
  -60558.8477         194111.734    
  -61579.9258         194114.203    
  -62599.3711         194116.719    
  -63618.8125         194119.344    
  -64638.2539         194121.922    
  -65657.7031         194124.547    
  -66678.7734         194127.312    
  -67698.2109         194130.016    
  -68717.6484         194132.750    
  -69737.0938         194135.562    
  -70758.1641         194138.500    
  -71777.6172         194141.359    
  -72797.0469         194144.266    
  -73816.4844         194147.312    
  -74835.9297         194150.297    
  -75857.0000         194153.328    
  -76876.4453         194156.422    
  -77895.8828         194159.625    
  -78915.3203         194162.781    
  -79936.3906         194165.984    
  -80954.2031         194169.328    
  -81973.6406         194172.578    
  -82994.7109         194175.922    
  -84014.1484         194179.281    
  -85033.5938         194182.797    
  -86053.0312         194186.203    
  -87074.1016         194189.719    
  -88093.5391         194193.344    
  -89112.9844         194196.891    
  -90132.4297         194200.500    
  -91151.8594         194204.141    
  -92172.9297         194207.938    
  -93192.3594         194211.672    
  -94211.8125         194215.438    
  -95231.2422         194219.250    
  -96250.6797         194223.188    
  -97270.1250         194227.109    
  -98289.5547         194231.031    
  -99310.6328         194235.125    
  -100330.055         194239.141    
  -101349.492         194243.188    
  -102368.938         194247.297    
  -103388.367         194251.516    
  -104409.453         194255.734    
  -105428.883         194259.938    
  -106448.320         194264.281    
  -107467.750         194268.594    
  -108487.195         194272.953    
  -109508.250         194277.344    
  -110526.062         194281.859    
  -111547.133         194286.344    
  -112566.555         194290.844    
  -113586.008         194295.391    
  -114605.430         194300.078    
  -115624.867         194304.734    
  -116645.945         194309.406    
  -117665.367         194314.078    
  -118684.812         194318.953    
  -119704.250         194323.766    
  -120725.305         194328.609    
  -121744.727         194333.594    
  -122764.172         194338.516    
  -123783.609         194343.453    
  -124803.031         194348.453    
  -125824.102         194353.609    
  -126841.914         194358.688    
  -127862.977         194363.812    
  -128882.406         194368.969    
  -129901.828         194374.391    
  -130921.266         194379.641    
  -131940.719         194384.922    
  -132961.766         194390.266    
  -133981.203         194395.719    
  -135000.641         194401.141    
  -136020.062         194406.578    
  -137039.484         194412.094    
  -138060.562         194417.734    
  -139079.984         194423.297    
  -140099.406         194428.922    
  -141118.844         194434.562    
  -142138.281         194440.391    
  -143159.344         194446.125    
  -144177.141         194451.891    
  -145198.203         194457.719    
  -146217.625         194463.688    
  -147237.062         194469.594    
  -148256.484         194475.516    
  -149275.906         194481.516    
  -150296.984         194487.656    
  -151316.406         194493.703    
  -152335.844         194499.828    
  -153355.266         194505.969    
  -154374.672         194512.250    
  -155395.750         194518.500    
  -156415.188         194524.781    
  -157434.609         194531.078    
  -158454.031         194537.547    
  -159473.453         194543.938    
  -160492.891         194550.375    
  -161512.297         194556.828    
  -162533.375         194563.469    
  -163552.781         194570.031    
  -164572.219         194576.641    
  -165591.641         194583.266    
  -166611.062         194590.062    
  -167632.125         194596.797    
  -168651.547         194603.547    
  -169670.969         194610.359    
  -170690.391         194617.297    
  -171709.812         194624.188    
  -172730.875         194631.141    
  -173748.672         194638.078    
  -174769.719         194645.203    
  -175789.156         194652.266    
  -176808.562         194659.359    
  -177828.000         194666.469    
  -178847.422         194673.766    
  -179868.469         194680.984    
  -180887.875         194688.250    
  -181907.297         194695.547    
  -182926.734         194702.875    
  -183946.156         194710.359    
  -184967.203         194717.781    
  -185986.625         194725.234    
  -187006.047         194732.734    
  -188025.453         194740.391    
  -189044.875         194747.969    
  -190065.938         194755.609    
  -191083.734         194763.234    
  -192104.766         194771.094    
  -193124.188         194778.828    
  -194143.609         194786.609    
  -195163.016         194794.438    
  -196182.438         194802.328    
  -197203.500         194810.359    
  -198222.906         194818.297    
  -199242.328         194826.281    
  -200261.734         194834.312    
  -201281.156         194842.500    
  -202302.219         194850.641    
  -203321.625         194858.766    
  -204341.047         194866.984    
  -205414.359         194875.656    
  -206575.906         194885.203    
  -207884.500         194895.891    
  -209431.562         194908.641    
  -211347.859         194924.641    
  -213801.641         194945.219    
  -216985.688         194972.375    
  -221046.969         195007.688    
  -226036.203         195051.781    
  -231879.828         195104.656    
  -238416.125         195165.516    
  -245452.281         195232.750    
  -252829.859         195305.375    
  -260421.422         195382.438    
