   4.7290000e+01  -1.2256000e+02
   4.7291400e+01  -1.2256000e+02
   4.7292800e+01  -1.2256000e+02
   4.7294200e+01  -1.2256000e+02
   4.7295600e+01  -1.2256000e+02
   4.7297000e+01  -1.2256000e+02
   4.7298400e+01  -1.2256000e+02
   4.7299800e+01  -1.2256000e+02
   4.7301200e+01  -1.2256000e+02
   4.7302600e+01  -1.2256000e+02
   4.7304000e+01  -1.2256000e+02
   4.7305400e+01  -1.2256000e+02
   4.7306800e+01  -1.2256000e+02
   4.7308200e+01  -1.2256000e+02
   4.7309600e+01  -1.2256000e+02
   4.7311000e+01  -1.2256000e+02
   4.7312400e+01  -1.2256000e+02
   4.7313800e+01  -1.2256000e+02
   4.7315200e+01  -1.2256000e+02
   4.7316600e+01  -1.2256000e+02
   4.7318000e+01  -1.2256000e+02
   4.7319400e+01  -1.2256000e+02
   4.7320800e+01  -1.2256000e+02
   4.7322200e+01  -1.2256000e+02
   4.7323600e+01  -1.2256000e+02
   4.7325000e+01  -1.2256000e+02
   4.7326400e+01  -1.2256000e+02
   4.7327800e+01  -1.2256000e+02
   4.7329200e+01  -1.2256000e+02
   4.7330600e+01  -1.2256000e+02
   4.7332000e+01  -1.2256000e+02
   4.7333400e+01  -1.2256000e+02
   4.7334800e+01  -1.2256000e+02
   4.7336200e+01  -1.2256000e+02
   4.7337600e+01  -1.2256000e+02
   4.7339000e+01  -1.2256000e+02
   4.7340400e+01  -1.2256000e+02
   4.7341800e+01  -1.2256000e+02
   4.7343200e+01  -1.2256000e+02
   4.7344600e+01  -1.2256000e+02
   4.7346000e+01  -1.2256000e+02
   4.7347400e+01  -1.2256000e+02
   4.7348800e+01  -1.2256000e+02
   4.7350200e+01  -1.2256000e+02
   4.7351600e+01  -1.2256000e+02
   4.7353000e+01  -1.2256000e+02
   4.7354400e+01  -1.2256000e+02
   4.7355800e+01  -1.2256000e+02
   4.7357200e+01  -1.2256000e+02
   4.7358600e+01  -1.2256000e+02
   4.7360000e+01  -1.2256000e+02
   4.7361400e+01  -1.2256000e+02
   4.7362800e+01  -1.2256000e+02
   4.7364200e+01  -1.2256000e+02
   4.7365600e+01  -1.2256000e+02
   4.7367000e+01  -1.2256000e+02
   4.7368400e+01  -1.2256000e+02
   4.7369800e+01  -1.2256000e+02
   4.7371200e+01  -1.2256000e+02
   4.7372600e+01  -1.2256000e+02
   4.7374000e+01  -1.2256000e+02
   4.7375400e+01  -1.2256000e+02
   4.7376800e+01  -1.2256000e+02
   4.7378200e+01  -1.2256000e+02
   4.7379600e+01  -1.2256000e+02
   4.7381000e+01  -1.2256000e+02
   4.7382400e+01  -1.2256000e+02
   4.7383800e+01  -1.2256000e+02
   4.7385200e+01  -1.2256000e+02
   4.7386600e+01  -1.2256000e+02
   4.7388000e+01  -1.2256000e+02
   4.7389400e+01  -1.2256000e+02
   4.7390800e+01  -1.2256000e+02
   4.7392200e+01  -1.2256000e+02
   4.7393600e+01  -1.2256000e+02
   4.7395000e+01  -1.2256000e+02
   4.7396400e+01  -1.2256000e+02
   4.7397800e+01  -1.2256000e+02
   4.7399200e+01  -1.2256000e+02
   4.7400600e+01  -1.2256000e+02
   4.7402000e+01  -1.2256000e+02
   4.7403400e+01  -1.2256000e+02
   4.7404800e+01  -1.2256000e+02
   4.7406200e+01  -1.2256000e+02
   4.7407600e+01  -1.2256000e+02
   4.7409000e+01  -1.2256000e+02
   4.7410400e+01  -1.2256000e+02
   4.7411800e+01  -1.2256000e+02
   4.7413200e+01  -1.2256000e+02
   4.7414600e+01  -1.2256000e+02
   4.7416000e+01  -1.2256000e+02
   4.7417400e+01  -1.2256000e+02
   4.7418800e+01  -1.2256000e+02
   4.7420200e+01  -1.2256000e+02
   4.7421600e+01  -1.2256000e+02
   4.7423000e+01  -1.2256000e+02
   4.7424400e+01  -1.2256000e+02
   4.7425800e+01  -1.2256000e+02
   4.7427200e+01  -1.2256000e+02
   4.7428600e+01  -1.2256000e+02
   4.7430000e+01  -1.2256000e+02
   4.7431400e+01  -1.2256000e+02
   4.7432800e+01  -1.2256000e+02
   4.7434200e+01  -1.2256000e+02
   4.7435600e+01  -1.2256000e+02
   4.7437000e+01  -1.2256000e+02
   4.7438400e+01  -1.2256000e+02
   4.7439800e+01  -1.2256000e+02
   4.7441200e+01  -1.2256000e+02
   4.7442600e+01  -1.2256000e+02
   4.7444000e+01  -1.2256000e+02
   4.7445400e+01  -1.2256000e+02
   4.7446800e+01  -1.2256000e+02
   4.7448200e+01  -1.2256000e+02
   4.7449600e+01  -1.2256000e+02
   4.7451000e+01  -1.2256000e+02
   4.7452400e+01  -1.2256000e+02
   4.7453800e+01  -1.2256000e+02
   4.7455200e+01  -1.2256000e+02
   4.7456600e+01  -1.2256000e+02
   4.7458000e+01  -1.2256000e+02
   4.7459400e+01  -1.2256000e+02
   4.7460800e+01  -1.2256000e+02
   4.7462200e+01  -1.2256000e+02
   4.7463600e+01  -1.2256000e+02
   4.7465000e+01  -1.2256000e+02
   4.7466400e+01  -1.2256000e+02
   4.7467800e+01  -1.2256000e+02
   4.7469200e+01  -1.2256000e+02
   4.7470600e+01  -1.2256000e+02
   4.7472000e+01  -1.2256000e+02
   4.7473400e+01  -1.2256000e+02
   4.7474800e+01  -1.2256000e+02
   4.7476200e+01  -1.2256000e+02
   4.7477600e+01  -1.2256000e+02
   4.7479000e+01  -1.2256000e+02
   4.7480400e+01  -1.2256000e+02
   4.7481800e+01  -1.2256000e+02
   4.7483200e+01  -1.2256000e+02
   4.7484600e+01  -1.2256000e+02
   4.7486000e+01  -1.2256000e+02
   4.7487400e+01  -1.2256000e+02
   4.7488800e+01  -1.2256000e+02
   4.7490200e+01  -1.2256000e+02
   4.7491600e+01  -1.2256000e+02
   4.7493000e+01  -1.2256000e+02
   4.7494400e+01  -1.2256000e+02
   4.7495800e+01  -1.2256000e+02
   4.7497200e+01  -1.2256000e+02
   4.7498600e+01  -1.2256000e+02
   4.7500000e+01  -1.2256000e+02
   4.7501400e+01  -1.2256000e+02
   4.7502800e+01  -1.2256000e+02
   4.7504200e+01  -1.2256000e+02
   4.7505600e+01  -1.2256000e+02
   4.7507000e+01  -1.2256000e+02
   4.7508400e+01  -1.2256000e+02
   4.7509800e+01  -1.2256000e+02
   4.7511200e+01  -1.2256000e+02
   4.7512600e+01  -1.2256000e+02
   4.7514000e+01  -1.2256000e+02
   4.7515400e+01  -1.2256000e+02
   4.7516800e+01  -1.2256000e+02
   4.7518200e+01  -1.2256000e+02
   4.7519600e+01  -1.2256000e+02
   4.7521000e+01  -1.2256000e+02
   4.7522400e+01  -1.2256000e+02
   4.7523800e+01  -1.2256000e+02
   4.7525200e+01  -1.2256000e+02
   4.7526600e+01  -1.2256000e+02
   4.7528000e+01  -1.2256000e+02
   4.7529400e+01  -1.2256000e+02
   4.7530800e+01  -1.2256000e+02
   4.7532200e+01  -1.2256000e+02
   4.7533600e+01  -1.2256000e+02
   4.7535000e+01  -1.2256000e+02
   4.7536400e+01  -1.2256000e+02
   4.7537800e+01  -1.2256000e+02
   4.7539200e+01  -1.2256000e+02
   4.7540600e+01  -1.2256000e+02
   4.7542000e+01  -1.2256000e+02
   4.7543400e+01  -1.2256000e+02
   4.7544800e+01  -1.2256000e+02
   4.7546200e+01  -1.2256000e+02
   4.7547600e+01  -1.2256000e+02
   4.7549000e+01  -1.2256000e+02
   4.7550400e+01  -1.2256000e+02
   4.7551800e+01  -1.2256000e+02
   4.7553200e+01  -1.2256000e+02
   4.7554600e+01  -1.2256000e+02
   4.7556000e+01  -1.2256000e+02
   4.7557400e+01  -1.2256000e+02
   4.7558800e+01  -1.2256000e+02
   4.7560200e+01  -1.2256000e+02
   4.7561600e+01  -1.2256000e+02
   4.7563000e+01  -1.2256000e+02
   4.7564400e+01  -1.2256000e+02
   4.7565800e+01  -1.2256000e+02
   4.7567200e+01  -1.2256000e+02
   4.7568600e+01  -1.2256000e+02
   4.7570000e+01  -1.2256000e+02
   4.7571400e+01  -1.2256000e+02
   4.7572800e+01  -1.2256000e+02
   4.7574200e+01  -1.2256000e+02
   4.7575600e+01  -1.2256000e+02
   4.7577000e+01  -1.2256000e+02
   4.7578400e+01  -1.2256000e+02
   4.7579800e+01  -1.2256000e+02
   4.7581200e+01  -1.2256000e+02
   4.7582600e+01  -1.2256000e+02
   4.7584000e+01  -1.2256000e+02
   4.7585400e+01  -1.2256000e+02
   4.7586800e+01  -1.2256000e+02
   4.7588200e+01  -1.2256000e+02
   4.7589600e+01  -1.2256000e+02
   4.7591000e+01  -1.2256000e+02
   4.7592400e+01  -1.2256000e+02
   4.7593800e+01  -1.2256000e+02
   4.7595200e+01  -1.2256000e+02
   4.7596600e+01  -1.2256000e+02
   4.7598000e+01  -1.2256000e+02
   4.7599400e+01  -1.2256000e+02
   4.7600800e+01  -1.2256000e+02
   4.7602200e+01  -1.2256000e+02
   4.7603600e+01  -1.2256000e+02
   4.7605000e+01  -1.2256000e+02
   4.7606400e+01  -1.2256000e+02
   4.7607800e+01  -1.2256000e+02
   4.7609200e+01  -1.2256000e+02
   4.7610600e+01  -1.2256000e+02
   4.7612000e+01  -1.2256000e+02
   4.7613400e+01  -1.2256000e+02
   4.7614800e+01  -1.2256000e+02
   4.7616200e+01  -1.2256000e+02
   4.7617600e+01  -1.2256000e+02
   4.7619000e+01  -1.2256000e+02
   4.7620400e+01  -1.2256000e+02
   4.7621800e+01  -1.2256000e+02
   4.7623200e+01  -1.2256000e+02
   4.7624600e+01  -1.2256000e+02
   4.7626000e+01  -1.2256000e+02
   4.7627400e+01  -1.2256000e+02
   4.7628800e+01  -1.2256000e+02
   4.7630200e+01  -1.2256000e+02
   4.7631600e+01  -1.2256000e+02
   4.7633000e+01  -1.2256000e+02
   4.7634400e+01  -1.2256000e+02
   4.7635800e+01  -1.2256000e+02
   4.7637200e+01  -1.2256000e+02
   4.7638600e+01  -1.2256000e+02
   4.7640000e+01  -1.2256000e+02
   4.7641400e+01  -1.2256000e+02
   4.7642800e+01  -1.2256000e+02
   4.7644200e+01  -1.2256000e+02
   4.7645600e+01  -1.2256000e+02
   4.7647000e+01  -1.2256000e+02
   4.7648400e+01  -1.2256000e+02
   4.7649800e+01  -1.2256000e+02
   4.7651200e+01  -1.2256000e+02
   4.7652600e+01  -1.2256000e+02
   4.7654000e+01  -1.2256000e+02
   4.7655400e+01  -1.2256000e+02
   4.7656800e+01  -1.2256000e+02
   4.7658200e+01  -1.2256000e+02
   4.7659600e+01  -1.2256000e+02
   4.7661000e+01  -1.2256000e+02
   4.7662400e+01  -1.2256000e+02
   4.7663800e+01  -1.2256000e+02
   4.7665200e+01  -1.2256000e+02
   4.7666600e+01  -1.2256000e+02
   4.7668000e+01  -1.2256000e+02
   4.7669400e+01  -1.2256000e+02
   4.7670800e+01  -1.2256000e+02
   4.7672200e+01  -1.2256000e+02
   4.7673600e+01  -1.2256000e+02
   4.7675000e+01  -1.2256000e+02
   4.7676400e+01  -1.2256000e+02
   4.7677800e+01  -1.2256000e+02
   4.7679200e+01  -1.2256000e+02
   4.7680600e+01  -1.2256000e+02
   4.7682000e+01  -1.2256000e+02
   4.7683400e+01  -1.2256000e+02
   4.7684800e+01  -1.2256000e+02
   4.7686200e+01  -1.2256000e+02
   4.7687600e+01  -1.2256000e+02
   4.7689000e+01  -1.2256000e+02
   4.7690400e+01  -1.2256000e+02
   4.7691800e+01  -1.2256000e+02
   4.7693200e+01  -1.2256000e+02
   4.7694600e+01  -1.2256000e+02
   4.7696000e+01  -1.2256000e+02
   4.7697400e+01  -1.2256000e+02
   4.7698800e+01  -1.2256000e+02
   4.7700200e+01  -1.2256000e+02
   4.7701600e+01  -1.2256000e+02
   4.7703000e+01  -1.2256000e+02
   4.7704400e+01  -1.2256000e+02
   4.7705800e+01  -1.2256000e+02
   4.7707200e+01  -1.2256000e+02
   4.7708600e+01  -1.2256000e+02
   4.7710000e+01  -1.2256000e+02
   4.7711400e+01  -1.2256000e+02
   4.7712800e+01  -1.2256000e+02
   4.7714200e+01  -1.2256000e+02
   4.7715600e+01  -1.2256000e+02
   4.7717000e+01  -1.2256000e+02
   4.7718400e+01  -1.2256000e+02
   4.7719800e+01  -1.2256000e+02
   4.7721200e+01  -1.2256000e+02
   4.7722600e+01  -1.2256000e+02
   4.7724000e+01  -1.2256000e+02
   4.7725400e+01  -1.2256000e+02
   4.7726800e+01  -1.2256000e+02
   4.7728200e+01  -1.2256000e+02
   4.7729600e+01  -1.2256000e+02
   4.7731000e+01  -1.2256000e+02
   4.7732400e+01  -1.2256000e+02
   4.7733800e+01  -1.2256000e+02
   4.7735200e+01  -1.2256000e+02
   4.7736600e+01  -1.2256000e+02
   4.7738000e+01  -1.2256000e+02
   4.7739400e+01  -1.2256000e+02
   4.7740800e+01  -1.2256000e+02
   4.7742200e+01  -1.2256000e+02
   4.7743600e+01  -1.2256000e+02
   4.7745000e+01  -1.2256000e+02
   4.7746400e+01  -1.2256000e+02
   4.7747800e+01  -1.2256000e+02
   4.7749200e+01  -1.2256000e+02
   4.7750600e+01  -1.2256000e+02
   4.7752000e+01  -1.2256000e+02
   4.7753400e+01  -1.2256000e+02
   4.7754800e+01  -1.2256000e+02
   4.7756200e+01  -1.2256000e+02
   4.7757600e+01  -1.2256000e+02
   4.7759000e+01  -1.2256000e+02
   4.7760400e+01  -1.2256000e+02
   4.7761800e+01  -1.2256000e+02
   4.7763200e+01  -1.2256000e+02
   4.7764600e+01  -1.2256000e+02
   4.7766000e+01  -1.2256000e+02
   4.7767400e+01  -1.2256000e+02
   4.7768800e+01  -1.2256000e+02
   4.7770200e+01  -1.2256000e+02
   4.7771600e+01  -1.2256000e+02
   4.7773000e+01  -1.2256000e+02
   4.7774400e+01  -1.2256000e+02
   4.7775800e+01  -1.2256000e+02
   4.7777200e+01  -1.2256000e+02
   4.7778600e+01  -1.2256000e+02
   4.7780000e+01  -1.2256000e+02
   4.7781400e+01  -1.2256000e+02
   4.7782800e+01  -1.2256000e+02
   4.7784200e+01  -1.2256000e+02
   4.7785600e+01  -1.2256000e+02
   4.7787000e+01  -1.2256000e+02
   4.7788400e+01  -1.2256000e+02
   4.7789800e+01  -1.2256000e+02
   4.7791200e+01  -1.2256000e+02
   4.7792600e+01  -1.2256000e+02
   4.7794000e+01  -1.2256000e+02
   4.7795400e+01  -1.2256000e+02
   4.7796800e+01  -1.2256000e+02
   4.7798200e+01  -1.2256000e+02
   4.7799600e+01  -1.2256000e+02
   4.7801000e+01  -1.2256000e+02
   4.7802400e+01  -1.2256000e+02
   4.7803800e+01  -1.2256000e+02
   4.7805200e+01  -1.2256000e+02
   4.7806600e+01  -1.2256000e+02
   4.7808000e+01  -1.2256000e+02
   4.7809400e+01  -1.2256000e+02
   4.7810800e+01  -1.2256000e+02
   4.7812200e+01  -1.2256000e+02
   4.7813600e+01  -1.2256000e+02
   4.7815000e+01  -1.2256000e+02
   4.7816400e+01  -1.2256000e+02
   4.7817800e+01  -1.2256000e+02
   4.7819200e+01  -1.2256000e+02
   4.7820600e+01  -1.2256000e+02
   4.7822000e+01  -1.2256000e+02
   4.7823400e+01  -1.2256000e+02
   4.7824800e+01  -1.2256000e+02
   4.7826200e+01  -1.2256000e+02
   4.7827600e+01  -1.2256000e+02
   4.7829000e+01  -1.2256000e+02
   4.7830400e+01  -1.2256000e+02
   4.7831800e+01  -1.2256000e+02
   4.7833200e+01  -1.2256000e+02
   4.7834600e+01  -1.2256000e+02
   4.7836000e+01  -1.2256000e+02
   4.7837400e+01  -1.2256000e+02
   4.7838800e+01  -1.2256000e+02
   4.7840200e+01  -1.2256000e+02
   4.7841600e+01  -1.2256000e+02
   4.7843000e+01  -1.2256000e+02
   4.7844400e+01  -1.2256000e+02
   4.7845800e+01  -1.2256000e+02
   4.7847200e+01  -1.2256000e+02
   4.7848600e+01  -1.2256000e+02
   4.7850000e+01  -1.2256000e+02
   4.7851400e+01  -1.2256000e+02
   4.7852800e+01  -1.2256000e+02
   4.7854200e+01  -1.2256000e+02
   4.7855600e+01  -1.2256000e+02
   4.7857000e+01  -1.2256000e+02
   4.7858400e+01  -1.2256000e+02
   4.7859800e+01  -1.2256000e+02
   4.7861200e+01  -1.2256000e+02
   4.7862600e+01  -1.2256000e+02
   4.7864000e+01  -1.2256000e+02
   4.7865400e+01  -1.2256000e+02
   4.7866800e+01  -1.2256000e+02
   4.7868200e+01  -1.2256000e+02
   4.7869600e+01  -1.2256000e+02
   4.7871000e+01  -1.2256000e+02
   4.7872400e+01  -1.2256000e+02
   4.7873800e+01  -1.2256000e+02
   4.7875200e+01  -1.2256000e+02
   4.7876600e+01  -1.2256000e+02
   4.7878000e+01  -1.2256000e+02
   4.7879400e+01  -1.2256000e+02
   4.7880800e+01  -1.2256000e+02
   4.7882200e+01  -1.2256000e+02
   4.7883600e+01  -1.2256000e+02
   4.7885000e+01  -1.2256000e+02
