138 1 0.000000
138 0 0.000000
137 0 0.000000
136 0 0.000000
135 0 0.000000
138 1 0.000000
138 0 0.000000
137 0 0.000000
136 0 0.000000
135 0 0.000000
166 108 1.000000
165 108 1.000000
165 107 1.000000
166 108 0.000000
165 106 1.000000
166 106 1.000000
167 106 1.000000
167 105 1.000000
168 105 1.000000
168 104 1.000000
167 104 1.000000
166 104 1.000000
165 103 1.000000
164 103 1.000000
164 102 1.000000
163 101 1.000000
162 102 1.000000
162 103 1.000000
160 104 1.000000
159 104 1.000000
161 104 1.000000
161 105 1.000000
162 106 1.000000
163 107 1.000000
164 108 1.000000
164 107 1.000000
164 106 1.000000
164 105 1.000000
164 104 1.000000
165 105 1.000000
165 104 1.000000
166 105 1.000000
162 105 1.000000
162 104 1.000000
163 106 1.000000
163 105 1.000000
163 104 1.000000
163 103 1.000000
163 102 1.000000
134 90 1.000000
135 90 1.000000
132 89 1.000000
130 88 1.000000
129 88 1.000000
128 87 1.000000
125 86 1.000000
126 86 1.000000
158 103 1.000000
158 102 1.000000
157 102 1.000000
157 101 1.000000
156 101 1.000000
155 101 1.000000
155 100 1.000000
154 100 1.000000
154 99 1.000000
153 99 1.000000
152 99 1.000000
152 98 1.000000
157 93 1.000000
153 88 1.000000
144 97 1.000000
144 96 1.000000
140 95 1.000000
149 97 1.000000
166 108 1.000000
166 107 1.000000
98 72 1.000000
98 73 1.000000
99 73 1.000000
99 72 1.000000
99 74 1.000000
100 75 1.000000
101 76 1.000000
103 77 1.000000
108 77 1.000000
109 78 1.000000
110 79 1.000000
113 80 1.000000
124 85 1.000000
123 84 1.000000
121 83 1.000000
119 82 1.000000
116 81 1.000000
141 78 0.000000
150 85 1.000000
149 85 1.000000
148 85 1.000000
147 84 1.000000
98 73 0.000000
98 61 0.000000
99 61 0.000000
101 62 0.000000
102 63 0.000000
103 64 0.000000
106 64 0.000000
108 64 0.000000
112 65 0.000000
115 66 0.000000
119 67 0.000000
118 67 0.000000
122 68 0.000000
124 69 0.000000
126 70 0.000000
130 71 0.000000
125 86 0.000000
107 77 1.000000
96 71 1.000000
94 70 1.000000
92 69 1.000000
91 69 1.000000
90 68 1.000000
89 68 1.000000
88 67 1.000000
87 66 1.000000
86 66 1.000000
85 65 1.000000
84 64 1.000000
83 63 1.000000
81 58 1.000000
81 57 1.000000
80 55 1.000000
80 54 1.000000
79 53 1.000000
79 52 1.000000
79 52 0.000000
63 57 1.000000
64 57 1.000000
71 50 1.000000
73 50 1.000000
76 50 1.000000
76 50 0.000000
76 50 1.000000
76 50 0.000000
79 52 1.000000
77 51 1.000000
76 50 1.000000
82 48 0.000000
83 48 0.000000
83 49 0.000000
84 50 0.000000
85 51 0.000000
86 52 0.000000
87 53 0.000000
88 53 0.000000
89 54 0.000000
90 55 0.000000
91 56 0.000000
92 57 0.000000
94 58 0.000000
95 59 0.000000
96 60 0.000000
66 43 0.000000
61 43 0.000000
73 44 0.000000
77 45 0.000000
78 45 0.000000
79 46 0.000000
80 46 0.000000
81 47 0.000000
26 40 1.000000
26 39 1.000000
26 38 1.000000
27 38 1.000000
28 38 1.000000
30 38 1.000000
30 39 1.000000
29 39 1.000000
28 40 1.000000
28 39 1.000000
27 39 1.000000
27 40 1.000000
25 39 1.000000
24 39 1.000000
16 61 1.000000
15 60 1.000000
13 59 1.000000
12 58 1.000000
12 57 1.000000
12 56 1.000000
12 55 1.000000
13 54 1.000000
13 53 1.000000
13 52 1.000000
13 51 1.000000
12 50 1.000000
11 47 1.000000
13 44 1.000000
15 43 1.000000
32 39 0.000000
33 39 0.000000
35 39 1.000000
36 40 1.000000
37 43 0.000000
37 44 0.000000
55 44 1.000000
50 47 1.000000
50 46 1.000000
46 48 1.000000
51 61 0.000000
59 58 0.000000
46 48 0.000000
30 38 0.000000
16 65 1.000000
16 64 1.000000
34 63 0.000000
34 62 0.000000
11 48 1.000000
31 104 1.000000
29 102 1.000000
29 101 1.000000
29 100 1.000000
28 99 1.000000
27 97 1.000000
26 95 1.000000
25 91 1.000000
25 92 1.000000
24 89 1.000000
23 87 1.000000
21 83 1.000000
20 82 1.000000
20 81 1.000000
20 80 1.000000
19 76 1.000000
18 71 1.000000
17 68 1.000000
48 108 0.000000
48 107 0.000000
42 97 0.000000
41 94 0.000000
40 91 0.000000
40 90 0.000000
39 87 0.000000
37 84 0.000000
36 82 0.000000
35 80 0.000000
35 79 0.000000
35 81 0.000000
33 75 0.000000
34 66 0.000000
34 67 0.000000
33 70 1.000000
26 96 1.000000
30 103 1.000000
32 108 1.000000
75 150 0.000000
74 146 0.000000
58 118 1.000000
53 115 0.000000
50 111 0.000000
48 109 0.000000
54 143 1.000000
52 139 1.000000
47 134 1.000000
46 131 1.000000
44 129 1.000000
43 128 1.000000
42 127 1.000000
41 125 1.000000
40 124 1.000000
35 122 1.000000
35 121 1.000000
35 120 1.000000
35 117 1.000000
35 116 1.000000
35 115 1.000000
34 113 1.000000
33 110 1.000000
75 187 1.000000
74 186 1.000000
73 186 1.000000
72 186 1.000000
72 185 1.000000
72 184 1.000000
72 183 1.000000
72 182 1.000000
72 181 1.000000
71 181 1.000000
71 180 1.000000
71 179 1.000000
70 177 1.000000
69 175 1.000000
66 171 1.000000
66 170 1.000000
66 169 1.000000
65 166 1.000000
65 165 1.000000
64 162 1.000000
63 160 1.000000
63 159 1.000000
96 187 0.000000
94 184 0.000000
93 182 0.000000
90 178 0.000000
88 175 0.000000
85 173 0.000000
82 170 0.000000
80 167 0.000000
79 164 0.000000
78 163 0.000000
77 161 0.000000
75 158 0.000000
75 157 0.000000
75 156 0.000000
75 152 0.000000
75 151 0.000000
73 185 1.000000
74 185 1.000000
74 184 1.000000
73 184 1.000000
73 183 1.000000
73 182 1.000000
73 181 1.000000
74 183 1.000000
139 239 0.000000
135 238 0.000000
134 238 0.000000
131 235 0.000000
131 234 0.000000
131 233 0.000000
131 232 0.000000
132 228 0.000000
132 229 1.000000
132 229 0.000000
131 225 0.000000
130 222 0.000000
126 219 0.000000
125 218 0.000000
124 217 0.000000
105 200 0.000000
105 201 0.000000
115 242 1.000000
112 241 1.000000
112 240 1.000000
113 241 1.000000
113 240 1.000000
111 239 1.000000
109 238 1.000000
108 237 1.000000
108 236 1.000000
107 236 1.000000
106 235 1.000000
105 235 1.000000
104 234 1.000000
103 234 1.000000
102 234 1.000000
100 233 1.000000
99 232 1.000000
99 231 1.000000
99 230 1.000000
99 229 1.000000
99 226 1.000000
99 225 1.000000
98 228 1.000000
98 229 1.000000
98 230 1.000000
98 231 1.000000
98 224 1.000000
97 224 1.000000
98 227 0.000000
98 227 1.000000
98 226 0.000000
96 223 1.000000
96 222 1.000000
95 220 1.000000
94 219 1.000000
94 218 1.000000
93 217 1.000000
93 216 1.000000
91 214 1.000000
91 213 1.000000
90 212 1.000000
88 209 1.000000
88 208 1.000000
88 207 1.000000
87 205 1.000000
86 203 1.000000
86 202 1.000000
84 200 1.000000
79 192 1.000000
78 192 1.000000
78 191 1.000000
77 190 1.000000
76 189 1.000000
75 188 1.000000
197 264 0.000000
197 263 1.000000
198 263 1.000000
197 264 1.000000
196 263 1.000000
190 260 0.000000
188 259 0.000000
184 256 0.000000
180 253 0.000000
176 251 0.000000
173 250 1.000000
172 250 1.000000
172 251 1.000000
172 252 1.000000
173 253 1.000000
173 254 1.000000
174 256 1.000000
175 257 1.000000
175 258 1.000000
177 259 0.000000
177 262 0.000000
177 260 1.000000
177 262 1.000000
177 261 1.000000
177 259 1.000000
176 259 1.000000
165 257 0.000000
163 255 0.000000
162 252 0.000000
161 250 0.000000
162 253 0.000000
160 248 0.000000
154 246 1.000000
151 245 0.000000
146 243 0.000000
138 265 1.000000
138 264 1.000000
138 263 1.000000
139 262 1.000000
140 260 1.000000
140 259 1.000000
139 258 1.000000
139 257 1.000000
138 257 1.000000
138 256 1.000000
139 255 1.000000
138 255 1.000000
137 255 1.000000
136 255 1.000000
135 255 1.000000
134 255 1.000000
133 255 1.000000
130 256 1.000000
130 257 1.000000
129 257 1.000000
128 257 1.000000
128 258 1.000000
127 258 1.000000
126 258 1.000000
125 258 1.000000
125 257 1.000000
124 257 1.000000
123 257 1.000000
123 256 1.000000
123 255 1.000000
123 254 1.000000
123 253 1.000000
122 252 1.000000
122 251 1.000000
122 250 1.000000
122 249 1.000000
119 248 1.000000
119 247 1.000000
119 246 1.000000
119 245 1.000000
118 244 1.000000
117 243 1.000000
120 245 1.000000
123 252 1.000000
124 252 1.000000
124 253 1.000000
124 254 1.000000
124 255 1.000000
124 256 1.000000
126 257 1.000000
126 256 1.000000
126 255 1.000000
126 254 1.000000
126 253 1.000000
125 253 1.000000
125 254 1.000000
125 255 1.000000
125 256 1.000000
127 257 1.000000
127 256 1.000000
128 256 1.000000
129 256 1.000000
194 262 0.000000
142 282 1.000000
142 281 1.000000
142 280 1.000000
142 279 1.000000
142 278 1.000000
141 278 1.000000
141 277 1.000000
141 276 1.000000
140 276 1.000000
140 275 1.000000
139 274 1.000000
138 273 1.000000
137 272 1.000000
137 271 1.000000
137 270 1.000000
135 268 0.000000
135 267 0.000000
134 267 0.000000
133 267 0.000000
133 266 0.000000
132 266 0.000000
131 266 0.000000
139 268 1.000000
193 261 1.000000
217 279 0.000000
218 282 1.000000
216 274 0.000000
213 270 1.000000
211 269 1.000000
210 269 1.000000
208 268 1.000000
145 282 1.000000
144 282 1.000000
143 282 1.000000
143 281 1.000000
139 267 1.000000
139 266 1.000000
149 313 1.000000
148 311 1.000000
148 310 1.000000
148 309 1.000000
148 308 1.000000
148 307 1.000000
148 306 1.000000
148 305 1.000000
148 304 1.000000
148 303 1.000000
148 302 1.000000
148 302 0.000000
148 302 1.000000
147 301 1.000000
146 300 1.000000
145 299 1.000000
144 298 1.000000
143 298 1.000000
143 297 1.000000
143 296 1.000000
143 295 1.000000
143 294 1.000000
143 293 1.000000
143 292 1.000000
144 292 1.000000
144 293 1.000000
145 291 1.000000
145 290 1.000000
146 290 1.000000
146 289 1.000000
146 288 1.000000
146 287 1.000000
146 286 1.000000
146 285 1.000000
146 284 1.000000
145 284 1.000000
144 283 1.000000
145 283 1.000000
146 283 1.000000
147 285 1.000000
147 286 1.000000
147 287 1.000000
147 288 1.000000
147 289 1.000000
147 290 1.000000
145 291 0.000000
145 293 1.000000
145 292 1.000000
145 291 1.000000
146 291 1.000000
144 297 1.000000
144 296 1.000000
144 295 1.000000
144 294 1.000000
200 311 1.000000
199 310 1.000000
199 309 1.000000
200 309 1.000000
200 310 1.000000
200 305 1.000000
200 304 1.000000
200 303 1.000000
200 302 1.000000
200 301 1.000000
200 300 1.000000
204 291 1.000000
204 287 1.000000
203 286 1.000000
202 286 1.000000
200 285 1.000000
198 284 1.000000
196 284 1.000000
197 284 1.000000
195 284 1.000000
189 288 0.000000
190 287 0.000000
190 286 0.000000
189 282 1.000000
190 285 0.000000
176 290 0.000000
148 311 0.000000
178 300 0.000000
199 310 0.000000
199 308 1.000000
188 401 0.000000
186 395 0.000000
187 393 0.000000
187 392 0.000000
188 393 0.000000
188 392 0.000000
188 391 0.000000
188 390 0.000000
188 389 0.000000
192 384 1.000000
191 385 1.000000
193 382 1.000000
193 381 1.000000
182 395 1.000000
181 394 1.000000
180 392 1.000000
180 391 1.000000
180 390 1.000000
180 388 1.000000
180 389 1.000000
180 387 1.000000
180 386 1.000000
180 385 1.000000
178 380 1.000000
178 379 1.000000
179 377 1.000000
180 375 1.000000
182 369 1.000000
182 368 1.000000
182 367 1.000000
181 364 1.000000
181 363 1.000000
180 360 1.000000
180 359 1.000000
175 353 1.000000
173 352 1.000000
165 381 1.000000
165 380 1.000000
165 379 1.000000
165 377 1.000000
165 378 1.000000
165 376 1.000000
165 375 1.000000
166 374 1.000000
166 373 1.000000
167 373 1.000000
167 372 1.000000
167 371 1.000000
168 369 1.000000
162 384 1.000000
163 383 1.000000
164 382 1.000000
165 382 1.000000
162 383 1.000000
162 382 1.000000
162 381 1.000000
162 380 1.000000
162 379 1.000000
161 379 1.000000
161 378 1.000000
160 378 1.000000
160 376 1.000000
160 377 1.000000
160 375 1.000000
159 375 1.000000
159 374 1.000000
158 373 1.000000
157 373 1.000000
156 373 1.000000
156 372 1.000000
156 371 1.000000
157 371 1.000000
157 370 1.000000
157 369 1.000000
157 368 1.000000
157 367 1.000000
157 366 1.000000
157 365 1.000000
156 362 1.000000
156 361 1.000000
156 360 1.000000
166 360 0.000000
166 362 0.000000
163 382 1.000000
163 381 1.000000
163 380 1.000000
163 379 1.000000
163 378 1.000000
163 377 1.000000
163 376 1.000000
162 378 1.000000
162 377 1.000000
162 376 1.000000
161 377 1.000000
161 376 1.000000
161 375 1.000000
160 374 1.000000
160 373 1.000000
159 373 1.000000
159 372 1.000000
158 372 1.000000
158 371 1.000000
157 372 1.000000
164 381 1.000000
164 383 1.000000
163 384 1.000000
164 380 1.000000
164 379 1.000000
164 378 1.000000
164 377 1.000000
164 376 1.000000
179 383 1.000000
164 353 0.000000
164 352 0.000000
158 351 1.000000
158 350 1.000000
159 343 1.000000
160 341 1.000000
161 340 1.000000
165 338 0.000000
166 336 1.000000
166 335 1.000000
166 332 1.000000
166 331 1.000000
166 330 1.000000
165 328 1.000000
164 326 1.000000
164 325 1.000000
165 321 1.000000
162 320 0.000000
161 322 0.000000
161 323 0.000000
160 324 0.000000
160 325 0.000000
155 325 1.000000
154 325 1.000000
154 324 1.000000
154 323 1.000000
153 323 1.000000
153 322 1.000000
153 321 1.000000
153 320 1.000000
154 319 1.000000
154 318 1.000000
154 317 1.000000
154 316 1.000000
149 316 1.000000
149 315 1.000000
149 314 1.000000
212 335 1.000000
212 334 1.000000
212 333 1.000000
212 329 1.000000
211 326 1.000000
209 325 1.000000
204 320 1.000000
203 318 1.000000
202 315 1.000000
201 313 1.000000
217 308 0.000000
221 316 0.000000
221 319 0.000000
221 320 0.000000
225 324 0.000000
225 323 0.000000
226 323 0.000000
226 324 0.000000
225 322 0.000000
230 334 0.000000
230 333 0.000000
230 332 0.000000
230 331 0.000000
230 330 0.000000
228 328 0.000000
227 327 0.000000
227 326 0.000000
227 325 0.000000
234 342 0.000000
233 341 0.000000
231 337 0.000000
214 341 1.000000
214 340 1.000000
214 339 1.000000
213 337 1.000000
191 338 0.000000
164 326 0.000000
164 325 0.000000
164 320 1.000000
193 343 0.000000
278 426 0.000000
277 426 0.000000
276 423 1.000000
275 420 1.000000
275 419 1.000000
278 425 0.000000
277 425 0.000000
304 419 0.000000
304 418 0.000000
304 409 0.000000
304 410 0.000000
303 406 0.000000
302 406 0.000000
301 406 0.000000
300 406 0.000000
299 406 0.000000
298 406 0.000000
303 407 0.000000
285 403 0.000000
284 402 0.000000
283 400 0.000000
280 392 0.000000
276 390 0.000000
248 391 0.000000
248 392 0.000000
249 395 0.000000
249 393 0.000000
250 401 0.000000
250 399 0.000000
250 399 1.000000
249 401 0.000000
250 400 0.000000
250 399 0.000000
245 413 1.000000
244 413 1.000000
245 410 1.000000
247 406 1.000000
258 413 1.000000
267 411 1.000000
268 411 1.000000
270 412 1.000000
271 412 1.000000
274 415 1.000000
244 413 0.000000
239 383 1.000000
238 382 1.000000
237 380 1.000000
236 379 1.000000
235 378 1.000000
234 377 1.000000
233 376 1.000000
232 375 1.000000
231 374 1.000000
227 372 1.000000
226 372 1.000000
220 372 1.000000
220 371 1.000000
219 371 1.000000
219 370 1.000000
217 367 1.000000
217 365 1.000000
218 359 1.000000
217 358 1.000000
216 356 1.000000
216 351 1.000000
216 352 1.000000
216 353 1.000000
216 357 1.000000
240 347 1.000000
254 368 0.000000
265 379 0.000000
267 383 0.000000
53 50 0.000000
48 43 1.000000
44 45 1.000000
31 39 1.000000
32 39 1.000000
33 39 1.000000
33 39 0.000000
29 38 1.000000
30 38 1.000000
31 38 1.000000
32 38 1.000000
33 38 1.000000
33 39 1.000000
33 37 1.000000
32 37 1.000000
31 37 1.000000
33 36 1.000000
32 36 1.000000
31 36 1.000000
33 35 1.000000
32 35 1.000000
31 35 1.000000
33 34 1.000000
32 34 1.000000
31 34 1.000000
33 33 1.000000
31 33 1.000000
31 33 0.000000
33 32 1.000000
32 33 1.000000
31 33 1.000000
31 32 1.000000
32 32 1.000000
33 31 1.000000
32 31 1.000000
31 31 1.000000
33 30 1.000000
32 30 1.000000
31 30 1.000000
33 29 1.000000
31 29 1.000000
31 29 0.000000
31 29 1.000000
32 29 1.000000
32 28 1.000000
32 28 0.000000
33 28 1.000000
32 28 1.000000
31 28 1.000000
30 28 1.000000
30 28 0.000000
30 30 1.000000
30 29 1.000000
30 28 1.000000
30 27 1.000000
29 29 1.000000
29 28 1.000000
29 27 1.000000
29 30 1.000000
28 30 1.000000
27 30 1.000000
26 30 1.000000
25 30 1.000000
25 29 1.000000
25 28 1.000000
25 27 1.000000
26 27 1.000000
27 27 1.000000
28 27 1.000000
28 28 1.000000
28 29 1.000000
27 29 1.000000
26 29 1.000000
26 28 1.000000
27 28 1.000000
25 26 1.000000
24 28 1.000000
24 27 1.000000
24 25 1.000000
24 26 1.000000
24 24 1.000000
24 24 0.000000
23 27 1.000000
23 26 1.000000
23 25 1.000000
23 24 1.000000
23 23 1.000000
24 24 1.000000
22 25 1.000000
22 24 1.000000
22 23 1.000000
22 22 1.000000
22 26 1.000000
21 25 1.000000
21 24 1.000000
21 23 1.000000
21 22 1.000000
21 21 1.000000
20 23 1.000000
20 22 1.000000
20 21 1.000000
20 20 1.000000
20 19 1.000000
19 14 1.000000
19 16 1.000000
19 17 1.000000
19 18 1.000000
19 19 1.000000
19 20 1.000000
19 15 1.000000
18 18 1.000000
18 17 1.000000
18 16 1.000000
18 15 1.000000
18 14 1.000000
17 17 1.000000
17 16 1.000000
17 15 1.000000
17 14 1.000000
16 16 1.000000
16 15 1.000000
16 13 1.000000
16 14 1.000000
15 15 1.000000
15 15 0.000000
15 14 1.000000
15 13 1.000000
15 16 1.000000
15 15 1.000000
14 16 1.000000
14 15 1.000000
14 14 1.000000
14 13 1.000000
13 16 1.000000
13 15 1.000000
13 14 1.000000
13 13 1.000000
12 16 1.000000
12 16 0.000000
21 20 1.000000
19 21 1.000000
21 19 1.000000
20 18 1.000000
22 21 1.000000
21 18 1.000000
20 17 1.000000
18 19 1.000000
19 22 1.000000
20 16 1.000000
16 17 1.000000
17 18 1.000000
19 23 1.000000
21 24 0.000000
20 24 1.000000
21 25 0.000000
21 24 1.000000
21 25 1.000000
23 28 1.000000
22 27 1.000000
21 26 1.000000
20 25 1.000000
26 26 1.000000
24 29 1.000000
25 25 1.000000
18 21 1.000000
18 21 0.000000
18 21 1.000000
18 20 1.000000
12 16 1.000000
11 16 1.000000
9 16 1.000000
11 16 0.000000
9 15 1.000000
9 13 1.000000
9 13 0.000000
12 13 1.000000
12 14 1.000000
12 15 1.000000
11 16 1.000000
11 15 1.000000
11 14 1.000000
11 13 1.000000
10 13 1.000000
10 14 1.000000
10 15 1.000000
10 16 1.000000
9 14 1.000000
9 13 1.000000
30 31 1.000000
30 32 1.000000
29 31 1.000000
71 186 1.000000
71 185 1.000000
71 184 1.000000
71 183 1.000000
70 183 1.000000
70 184 1.000000
70 185 1.000000
70 186 1.000000
69 186 1.000000
69 185 1.000000
69 184 1.000000
69 183 1.000000
68 183 1.000000
68 184 1.000000
68 185 1.000000
68 185 0.000000
67 186 1.000000
67 185 1.000000
67 184 1.000000
67 183 1.000000
68 186 1.000000
68 185 1.000000
68 185 0.000000
68 185 1.000000
67 183 0.000000
65 183 1.000000
64 183 1.000000
66 183 1.000000
67 183 1.000000
67 183 0.000000
64 184 1.000000
65 184 1.000000
66 184 1.000000
67 183 1.000000
67 183 0.000000
66 185 1.000000
66 186 1.000000
66 187 1.000000
66 188 1.000000
66 189 1.000000
65 189 1.000000
65 188 1.000000
65 187 1.000000
65 186 1.000000
65 185 1.000000
67 183 1.000000
64 185 1.000000
64 186 1.000000
64 187 1.000000
64 188 1.000000
64 189 1.000000
64 189 0.000000
64 189 1.000000
63 189 1.000000
63 188 1.000000
63 187 1.000000
66 190 1.000000
65 190 1.000000
64 190 1.000000
63 190 1.000000
62 190 1.000000
62 189 1.000000
62 188 1.000000
62 187 1.000000
61 187 1.000000
60 187 1.000000
59 187 1.000000
59 188 1.000000
60 188 1.000000
61 188 1.000000
61 189 1.000000
61 190 1.000000
60 190 1.000000
60 189 1.000000
59 189 1.000000
59 190 1.000000
63 186 1.000000
62 191 1.000000
61 191 1.000000
60 191 1.000000
59 191 1.000000
59 192 1.000000
60 192 1.000000
61 192 1.000000
62 192 1.000000
62 193 1.000000
61 193 1.000000
60 193 1.000000
59 193 1.000000
58 193 1.000000
58 192 1.000000
58 191 1.000000
58 191 0.000000
58 190 1.000000
57 190 1.000000
57 190 0.000000
58 191 1.000000
57 193 1.000000
59 194 1.000000
58 194 1.000000
57 194 1.000000
56 194 1.000000
56 195 1.000000
57 195 1.000000
58 195 1.000000
59 195 1.000000
59 196 1.000000
58 196 1.000000
57 196 1.000000
56 196 1.000000
60 194 1.000000
56 193 1.000000
55 193 1.000000
55 194 1.000000
55 195 1.000000
55 196 1.000000
54 196 1.000000
54 195 1.000000
54 194 1.000000
54 193 1.000000
53 193 1.000000
53 194 1.000000
53 195 1.000000
53 196 1.000000
57 192 1.000000
60 195 1.000000
13 53 1.000000
13 52 1.000000
13 51 1.000000
12 50 1.000000
11 48 1.000000
11 47 1.000000
13 44 1.000000
15 43 1.000000
26 40 1.000000
27 40 1.000000
28 40 1.000000
31 39 1.000000
30 39 1.000000
29 39 1.000000
28 39 1.000000
27 39 1.000000
26 39 1.000000
25 39 1.000000
24 39 1.000000
36 40 1.000000
35 39 1.000000
37 43 0.000000
55 44 1.000000
50 47 1.000000
50 46 1.000000
34 38 1.000000
33 38 1.000000
32 38 1.000000
31 38 1.000000
31 37 1.000000
33 37 1.000000
32 37 1.000000
34 37 1.000000
34 36 1.000000
33 36 1.000000
32 36 1.000000
31 36 1.000000
31 35 1.000000
32 35 1.000000
33 35 1.000000
34 35 1.000000
34 34 1.000000
34 33 1.000000
33 33 1.000000
33 34 1.000000
32 34 1.000000
32 33 1.000000
31 34 1.000000
31 33 1.000000
43 42 1.000000
8 16 1.000000
8 15 1.000000
8 14 1.000000
9 16 1.000000
9 15 1.000000
9 14 1.000000
10 16 1.000000
10 15 1.000000
10 14 1.000000
11 16 1.000000
11 15 1.000000
11 14 1.000000
12 14 1.000000
12 15 1.000000
12 16 1.000000
13 16 1.000000
13 15 1.000000
13 14 1.000000
14 14 1.000000
14 15 1.000000
14 16 1.000000
15 16 1.000000
15 15 1.000000
15 14 1.000000
16 14 1.000000
16 15 1.000000
16 16 1.000000
17 17 1.000000
17 16 1.000000
17 15 1.000000
18 16 1.000000
18 16 0.000000
18 17 1.000000
18 18 1.000000
18 19 1.000000
19 20 1.000000
19 18 1.000000
19 19 1.000000
19 17 1.000000
18 16 1.000000
26 30 1.000000
26 29 1.000000
26 28 1.000000
25 29 1.000000
25 28 1.000000
25 27 1.000000
24 28 1.000000
24 27 1.000000
24 26 1.000000
23 27 1.000000
23 26 1.000000
23 25 1.000000
23 24 1.000000
23 23 1.000000
23 23 0.000000
22 26 1.000000
22 25 1.000000
22 24 1.000000
22 23 1.000000
22 22 1.000000
21 25 1.000000
21 24 1.000000
21 23 1.000000
21 22 1.000000
20 22 1.000000
20 21 1.000000
20 20 1.000000
20 24 1.000000
20 24 0.000000
20 23 1.000000
20 19 1.000000
19 21 1.000000
21 21 1.000000
21 20 1.000000
20 18 1.000000
19 16 1.000000
18 15 1.000000
18 15 0.000000
17 14 1.000000
18 15 1.000000
27 30 1.000000
27 29 1.000000
27 28 1.000000
28 29 1.000000
28 28 1.000000
28 27 1.000000
29 29 1.000000
29 28 1.000000
29 27 1.000000
30 29 1.000000
30 28 1.000000
30 27 1.000000
31 27 1.000000
31 28 1.000000
31 29 1.000000
31 30 1.000000
32 30 1.000000
32 29 1.000000
32 28 1.000000
32 31 1.000000
34 32 1.000000
34 31 1.000000
34 30 1.000000
33 29 1.000000
33 30 1.000000
32 32 1.000000
33 31 1.000000
33 32 1.000000
31 32 1.000000
31 31 1.000000
28 30 1.000000
25 30 1.000000
26 27 1.000000
24 29 1.000000
25 26 1.000000
22 27 1.000000
24 23 1.000000
24 23 0.000000
23 23 1.000000
22 21 1.000000
21 19 1.000000
20 17 1.000000
20 16 1.000000
19 15 1.000000
18 14 1.000000
20 24 1.000000
24 25 1.000000
27 27 1.000000
23 28 1.000000
23 22 1.000000
22 22 0.000000
22 22 1.000000
22 20 1.000000
21 18 1.000000
16 17 1.000000
17 18 1.000000
18 20 1.000000
19 22 1.000000
21 26 1.000000
23 29 1.000000
22 28 1.000000
21 27 1.000000
24 24 1.000000
21 27 0.000000
22 28 0.000000
24 30 1.000000
29 30 1.000000
30 30 1.000000
32 27 1.000000
33 28 1.000000
34 29 1.000000
43 42 0.000000
76 189 1.000000
77 190 1.000000
78 191 1.000000
79 191 0.000000
79 192 1.000000
79 191 1.000000
75 187 1.000000
74 186 1.000000
73 186 1.000000
74 185 1.000000
74 184 1.000000
73 185 1.000000
73 183 1.000000
73 183 0.000000
72 182 1.000000
72 181 1.000000
71 181 1.000000
71 180 1.000000
71 179 1.000000
73 181 1.000000
73 182 1.000000
73 184 1.000000
74 183 1.000000
73 183 1.000000
72 186 1.000000
71 186 1.000000
70 186 1.000000
69 186 1.000000
69 185 1.000000
71 185 1.000000
70 185 1.000000
72 185 1.000000
72 184 1.000000
71 184 1.000000
69 184 1.000000
70 184 1.000000
72 182 0.000000
71 181 0.000000
70 187 1.000000
70 188 1.000000
70 189 1.000000
70 190 1.000000
69 190 1.000000
69 189 1.000000
69 188 1.000000
69 187 1.000000
68 187 1.000000
67 187 1.000000
67 188 1.000000
68 188 1.000000
68 189 1.000000
68 190 1.000000
68 190 0.000000
67 190 1.000000
68 190 1.000000
67 190 0.000000
70 190 0.000000
69 190 0.000000
68 190 0.000000
67 189 1.000000
66 189 1.000000
66 189 0.000000
66 187 1.000000
66 188 1.000000
66 189 1.000000
70 189 0.000000
70 188 0.000000
70 187 0.000000
69 187 0.000000
69 188 0.000000
69 189 0.000000
68 189 0.000000
68 188 0.000000
68 187 0.000000
67 187 0.000000
66 187 0.000000
66 188 0.000000
66 189 0.000000
67 189 0.000000
67 188 0.000000
68 186 1.000000
68 185 1.000000
68 184 1.000000
67 184 1.000000
67 185 1.000000
67 186 1.000000
66 186 1.000000
66 185 1.000000
66 184 1.000000
65 183 1.000000
65 185 1.000000
65 186 1.000000
65 184 1.000000
65 183 0.000000
64 184 1.000000
64 185 1.000000
64 186 1.000000
63 186 1.000000
63 185 1.000000
63 184 1.000000
62 184 1.000000
62 185 1.000000
62 186 1.000000
64 187 1.000000
63 187 1.000000
62 187 1.000000
64 188 1.000000
63 188 1.000000
62 188 1.000000
62 188 0.000000
64 189 1.000000
63 189 1.000000
62 189 1.000000
62 188 1.000000
61 187 1.000000
60 187 1.000000
59 187 1.000000
59 188 1.000000
59 189 1.000000
60 189 1.000000
61 189 1.000000
61 188 1.000000
60 188 1.000000
61 190 1.000000
61 191 1.000000
61 192 1.000000
61 192 0.000000
61 191 0.000000
61 190 0.000000
64 189 0.000000
64 188 0.000000
64 187 0.000000
61 190 1.000000
60 190 1.000000
59 190 1.000000
64 187 1.000000
64 189 1.000000
64 189 0.000000
64 188 1.000000
64 189 1.000000
61 191 1.000000
61 192 1.000000
61 193 1.000000
61 193 0.000000
60 193 1.000000
59 193 1.000000
60 192 1.000000
59 192 1.000000
59 191 1.000000
60 191 1.000000
60 193 0.000000
59 193 0.000000
61 193 1.000000
61 194 1.000000
61 195 1.000000
60 195 1.000000
59 195 1.000000
59 194 1.000000
60 194 1.000000
60 193 1.000000
59 193 1.000000
58 193 1.000000
57 193 1.000000
56 193 1.000000
55 193 1.000000
54 193 1.000000
53 193 1.000000
53 194 1.000000
53 195 1.000000
54 195 1.000000
56 195 1.000000
55 195 1.000000
58 195 1.000000
57 195 1.000000
58 194 1.000000
57 194 1.000000
56 194 1.000000
55 194 1.000000
54 194 1.000000
135 268 0.000000
135 267 0.000000
134 267 0.000000
133 267 0.000000
133 266 0.000000
132 266 0.000000
131 266 0.000000
139 255 1.000000
138 255 1.000000
137 255 1.000000
136 255 1.000000
135 255 1.000000
134 255 1.000000
133 255 1.000000
130 256 1.000000
130 257 1.000000
129 257 1.000000
128 257 1.000000
127 257 1.000000
126 257 1.000000
124 257 1.000000
123 257 1.000000
123 256 1.000000
124 256 1.000000
125 256 1.000000
125 257 1.000000
126 256 1.000000
128 256 1.000000
129 256 1.000000
126 256 0.000000
123 255 1.000000
123 254 1.000000
123 253 1.000000
122 253 1.000000
122 252 1.000000
122 251 1.000000
122 250 1.000000
122 249 1.000000
123 252 1.000000
124 253 1.000000
124 252 1.000000
124 255 1.000000
124 254 1.000000
125 255 1.000000
125 254 1.000000
125 253 1.000000
126 256 1.000000
127 256 1.000000
126 255 1.000000
126 254 1.000000
126 253 1.000000
128 258 1.000000
127 258 1.000000
126 258 1.000000
125 258 1.000000
124 258 1.000000
123 258 1.000000
119 259 1.000000
119 260 1.000000
119 261 1.000000
121 261 1.000000
122 261 1.000000
124 261 1.000000
125 261 1.000000
126 261 1.000000
127 261 1.000000
128 261 1.000000
128 260 1.000000
128 259 1.000000
127 259 1.000000
127 260 1.000000
126 260 1.000000
126 259 1.000000
125 259 1.000000
124 259 1.000000
124 260 1.000000
125 260 1.000000
123 261 1.000000
123 260 1.000000
124 259 0.000000
121 259 1.000000
124 259 1.000000
123 259 1.000000
122 259 1.000000
122 260 1.000000
121 260 1.000000
120 259 1.000000
120 260 1.000000
120 261 1.000000
121 262 1.000000
121 263 1.000000
121 264 1.000000
120 264 1.000000
119 264 1.000000
119 263 1.000000
120 263 1.000000
120 262 1.000000
119 262 1.000000
118 264 1.000000
117 264 1.000000
116 264 1.000000
115 264 1.000000
114 264 1.000000
113 264 1.000000
112 264 1.000000
111 264 1.000000
118 263 1.000000
118 262 1.000000
117 262 1.000000
116 262 1.000000
115 262 1.000000
114 262 1.000000
113 262 1.000000
112 262 1.000000
111 262 1.000000
111 263 1.000000
112 263 1.000000
113 263 1.000000
114 263 1.000000
115 263 1.000000
116 263 1.000000
117 263 1.000000
111 265 1.000000
111 266 1.000000
111 267 1.000000
112 267 1.000000
113 267 1.000000
113 266 1.000000
113 265 1.000000
112 265 1.000000
112 266 1.000000
110 267 1.000000
109 267 1.000000
108 267 1.000000
108 266 1.000000
108 265 1.000000
109 265 1.000000
110 265 1.000000
110 266 1.000000
109 266 1.000000
110 268 1.000000
110 269 1.000000
110 270 1.000000
110 271 1.000000
110 272 1.000000
110 273 1.000000
109 273 1.000000
108 273 1.000000
108 272 1.000000
109 272 1.000000
108 271 1.000000
108 270 1.000000
108 269 1.000000
108 268 1.000000
109 268 1.000000
109 269 1.000000
109 270 1.000000
109 271 1.000000
107 273 1.000000
106 273 1.000000
105 273 1.000000
104 273 1.000000
103 273 1.000000
102 273 1.000000
101 273 1.000000
100 273 1.000000
99 273 1.000000
98 273 1.000000
98 272 1.000000
98 271 1.000000
99 271 1.000000
100 271 1.000000
101 271 1.000000
102 271 1.000000
103 271 1.000000
104 271 1.000000
105 271 1.000000
106 271 1.000000
107 271 1.000000
107 272 1.000000
106 272 1.000000
105 272 1.000000
104 272 1.000000
103 272 1.000000
102 272 1.000000
101 272 1.000000
100 272 1.000000
99 272 1.000000
148 305 1.000000
148 304 1.000000
148 303 1.000000
148 302 1.000000
147 301 1.000000
146 300 1.000000
145 299 1.000000
144 299 1.000000
143 298 1.000000
143 297 1.000000
143 296 1.000000
143 295 1.000000
143 294 1.000000
143 293 1.000000
144 293 1.000000
144 294 1.000000
144 295 1.000000
144 296 1.000000
144 297 1.000000
144 298 1.000000
144 299 0.000000
146 291 1.000000
146 290 1.000000
145 293 1.000000
145 292 1.000000
145 291 1.000000
145 290 1.000000
147 290 1.000000
146 289 1.000000
146 288 1.000000
146 287 1.000000
146 286 1.000000
146 285 1.000000
146 284 1.000000
145 284 1.000000
144 283 1.000000
144 282 1.000000
143 282 1.000000
142 282 1.000000
142 281 1.000000
142 280 1.000000
142 279 1.000000
142 278 1.000000
141 278 1.000000
141 277 1.000000
141 276 1.000000
140 276 1.000000
140 275 1.000000
143 281 1.000000
145 282 1.000000
145 283 1.000000
146 283 1.000000
147 289 1.000000
147 288 1.000000
147 287 1.000000
147 286 1.000000
147 285 1.000000
144 292 1.000000
143 283 1.000000
142 283 1.000000
141 283 1.000000
141 284 1.000000
141 285 1.000000
142 285 1.000000
143 285 1.000000
143 284 1.000000
142 284 1.000000
142 286 1.000000
141 286 1.000000
140 286 1.000000
142 287 1.000000
141 287 1.000000
139 287 1.000000
141 288 1.000000
141 288 0.000000
140 287 1.000000
141 288 1.000000
140 288 1.000000
139 288 1.000000
138 288 1.000000
137 288 1.000000
136 288 1.000000
135 288 1.000000
135 289 1.000000
136 289 1.000000
136 287 1.000000
135 287 1.000000
137 287 1.000000
137 289 1.000000
138 289 1.000000
138 287 1.000000
134 289 1.000000
134 290 1.000000
135 290 1.000000
136 290 1.000000
136 291 1.000000
135 291 1.000000
134 291 1.000000
133 292 1.000000
135 292 1.000000
136 292 1.000000
133 292 0.000000
134 292 1.000000
134 293 1.000000
135 293 1.000000
136 293 1.000000
136 294 1.000000
134 294 1.000000
135 294 1.000000
133 294 1.000000
131 294 1.000000
130 294 1.000000
129 294 1.000000
127 294 1.000000
126 294 1.000000
125 294 1.000000
128 294 1.000000
132 294 1.000000
133 292 1.000000
132 292 1.000000
131 292 1.000000
130 292 1.000000
129 292 1.000000
128 292 1.000000
127 292 1.000000
126 292 1.000000
125 292 1.000000
125 293 1.000000
125 293 0.000000
133 293 1.000000
132 293 1.000000
131 293 1.000000
130 293 1.000000
129 293 1.000000
128 293 1.000000
127 293 1.000000
126 293 1.000000
125 293 1.000000
137 290 1.000000
139 289 1.000000
140 289 1.000000
141 289 1.000000
140 285 1.000000
139 286 1.000000
137 291 1.000000
137 292 1.000000
139 285 1.000000
140 284 1.000000
141 283 0.000000
141 283 1.000000
144 284 1.000000
138 1 0.000000
138 0 0.000000
137 0 0.000000
136 0 0.000000
135 0 0.000000
278 426 0.000000
278 425 0.000000
277 425 0.000000
276 423 1.000000
277 426 0.000000
275 420 1.000000
275 419 1.000000
274 415 1.000000
271 412 1.000000
270 412 1.000000
268 411 1.000000
267 411 1.000000
264 411 1.000000
258 413 1.000000
245 413 1.000000
247 406 1.000000
245 410 1.000000
283 426 1.000000
282 423 0.000000
304 419 0.000000
304 418 0.000000
304 409 0.000000
303 406 0.000000
302 406 0.000000
301 406 0.000000
300 406 0.000000
299 406 0.000000
298 406 0.000000
282 424 1.000000
282 423 1.000000
281 422 1.000000
281 421 1.000000
280 392 0.000000
276 390 0.000000
267 383 0.000000
285 403 0.000000
283 400 0.000000
250 401 0.000000
249 401 0.000000
248 403 1.000000
250 400 0.000000
250 399 0.000000
249 395 0.000000
248 392 0.000000
248 391 0.000000
244 385 1.000000
239 383 1.000000
238 382 1.000000
237 381 1.000000
165 382 1.000000
165 381 1.000000
165 380 1.000000
165 379 1.000000
165 378 1.000000
165 377 1.000000
165 375 1.000000
166 374 1.000000
166 373 1.000000
167 373 1.000000
167 372 1.000000
167 371 1.000000
168 369 1.000000
166 362 0.000000
166 360 0.000000
164 353 0.000000
164 352 0.000000
164 383 1.000000
164 382 1.000000
164 381 1.000000
163 384 1.000000
162 384 1.000000
162 383 1.000000
162 382 1.000000
162 381 1.000000
162 380 1.000000
162 379 1.000000
160 379 1.000000
160 379 0.000000
162 379 0.000000
161 379 1.000000
161 378 1.000000
160 378 1.000000
160 377 1.000000
160 376 1.000000
160 375 1.000000
159 375 1.000000
159 374 1.000000
159 373 1.000000
158 373 1.000000
157 373 1.000000
156 373 1.000000
156 372 1.000000
156 371 1.000000
157 371 1.000000
157 372 1.000000
157 370 1.000000
157 369 1.000000
157 368 1.000000
157 367 1.000000
157 366 1.000000
157 365 1.000000
156 363 1.000000
156 362 1.000000
156 361 1.000000
156 360 1.000000
157 356 1.000000
157 355 1.000000
157 354 1.000000
158 351 1.000000
163 383 1.000000
163 382 1.000000
163 381 1.000000
163 380 1.000000
163 379 1.000000
163 378 1.000000
163 377 1.000000
163 376 1.000000
165 376 1.000000
164 376 1.000000
164 377 1.000000
164 378 1.000000
164 380 1.000000
164 379 1.000000
162 379 1.000000
162 378 1.000000
160 378 0.000000
161 377 1.000000
161 376 1.000000
161 375 1.000000
158 372 1.000000
158 371 1.000000
159 372 1.000000
160 373 1.000000
160 374 1.000000
162 377 1.000000
162 376 1.000000
161 382 1.000000
161 381 1.000000
182 395 1.000000
181 394 1.000000
180 392 1.000000
180 391 1.000000
180 390 1.000000
180 389 1.000000
180 388 1.000000
180 386 1.000000
180 386 0.000000
180 385 1.000000
180 375 1.000000
179 377 1.000000
178 380 1.000000
178 379 1.000000
180 387 1.000000
180 386 1.000000
191 385 1.000000
192 384 1.000000
193 382 1.000000
193 381 1.000000
195 371 1.000000
182 369 1.000000
182 368 1.000000
182 367 1.000000
186 395 0.000000
187 393 0.000000
187 392 0.000000
188 391 0.000000
188 390 0.000000
188 389 0.000000
188 393 0.000000
188 392 0.000000
181 364 1.000000
181 363 1.000000
180 360 1.000000
180 359 1.000000
175 353 1.000000
173 352 1.000000
157 353 1.000000
196 356 1.000000
237 381 0.000000
237 380 1.000000
236 379 1.000000
235 378 1.000000
234 377 1.000000
233 376 1.000000
232 375 1.000000
231 374 1.000000
227 372 1.000000
226 372 1.000000
225 372 1.000000
224 372 1.000000
220 372 1.000000
219 371 1.000000
220 371 1.000000
219 370 1.000000
217 367 1.000000
217 365 1.000000
218 362 1.000000
218 359 1.000000
217 358 1.000000
216 356 1.000000
216 355 1.000000
216 352 1.000000
216 351 1.000000
254 368 0.000000
229 373 1.000000
158 350 1.000000
158 347 1.000000
159 343 1.000000
160 325 0.000000
160 324 0.000000
161 323 0.000000
161 322 0.000000
162 320 0.000000
165 321 1.000000
165 328 1.000000
166 332 1.000000
166 331 1.000000
166 330 1.000000
166 336 1.000000
166 335 1.000000
160 341 1.000000
161 340 1.000000
149 316 1.000000
149 315 1.000000
149 314 1.000000
149 313 1.000000
155 325 1.000000
154 325 1.000000
154 324 1.000000
154 323 1.000000
153 322 1.000000
153 321 1.000000
153 320 1.000000
154 319 1.000000
154 318 1.000000
154 317 1.000000
154 316 1.000000
152 316 0.000000
178 300 0.000000
218 282 1.000000
218 294 0.000000
217 297 0.000000
217 308 0.000000
202 315 1.000000
201 314 1.000000
201 313 1.000000
200 310 1.000000
200 309 1.000000
200 305 1.000000
200 304 1.000000
200 303 1.000000
200 302 1.000000
200 301 1.000000
200 300 1.000000
203 286 1.000000
202 286 1.000000
200 285 1.000000
198 284 1.000000
197 284 1.000000
196 284 1.000000
195 284 1.000000
189 288 0.000000
190 287 0.000000
190 286 0.000000
190 285 0.000000
189 282 1.000000
183 303 1.000000
183 303 0.000000
216 274 0.000000
213 270 1.000000
210 269 1.000000
208 268 1.000000
198 263 1.000000
197 263 1.000000
196 263 1.000000
194 262 0.000000
193 261 1.000000
190 260 0.000000
188 259 0.000000
184 256 0.000000
180 253 0.000000
178 252 0.000000
176 251 0.000000
173 250 1.000000
172 250 1.000000
172 251 1.000000
173 253 1.000000
173 254 1.000000
174 256 1.000000
175 257 1.000000
175 258 1.000000
176 259 1.000000
177 261 1.000000
177 260 1.000000
172 260 1.000000
165 257 0.000000
163 255 0.000000
162 252 0.000000
161 250 0.000000
160 248 0.000000
154 246 1.000000
139 268 1.000000
139 267 1.000000
139 266 1.000000
138 265 1.000000
138 264 1.000000
138 263 1.000000
139 262 1.000000
140 260 1.000000
140 259 1.000000
139 258 1.000000
139 257 1.000000
138 257 1.000000
138 256 1.000000
119 248 1.000000
119 247 1.000000
119 246 1.000000
119 245 1.000000
120 245 1.000000
118 244 1.000000
117 243 1.000000
115 242 1.000000
139 274 1.000000
138 273 1.000000
137 272 1.000000
137 271 1.000000
137 270 1.000000
113 241 1.000000
112 241 1.000000
112 240 1.000000
114 240 0.000000
114 240 1.000000
113 240 1.000000
113 240 0.000000
113 240 1.000000
111 239 1.000000
109 238 1.000000
108 237 1.000000
108 236 1.000000
107 236 1.000000
106 235 1.000000
105 235 1.000000
104 234 1.000000
103 234 1.000000
102 234 1.000000
100 233 1.000000
99 233 1.000000
99 232 1.000000
99 231 1.000000
98 231 1.000000
98 230 1.000000
99 230 1.000000
99 229 1.000000
98 229 1.000000
98 228 1.000000
99 226 1.000000
99 225 1.000000
98 226 0.000000
98 224 1.000000
98 224 0.000000
98 224 1.000000
97 224 1.000000
96 223 1.000000
96 222 1.000000
95 220 1.000000
94 219 1.000000
94 218 1.000000
93 217 1.000000
93 216 1.000000
92 215 1.000000
91 214 1.000000
91 213 1.000000
91 213 0.000000
82 196 1.000000
84 200 1.000000
86 202 1.000000
86 203 1.000000
87 205 1.000000
88 209 1.000000
88 208 1.000000
88 207 1.000000
91 213 1.000000
90 212 1.000000
89 211 1.000000
106 205 0.000000
126 219 0.000000
125 218 0.000000
124 217 0.000000
119 213 0.000000
112 212 0.000000
105 200 0.000000
105 201 0.000000
132 228 0.000000
131 233 0.000000
131 232 0.000000
131 225 0.000000
130 222 0.000000
128 220 0.000000
103 193 0.000000
98 191 0.000000
96 187 0.000000
94 184 0.000000
93 182 0.000000
92 181 0.000000
90 178 0.000000
88 175 0.000000
87 174 0.000000
85 173 0.000000
72 183 1.000000
72 182 1.000000
151 245 0.000000
146 243 0.000000
142 240 0.000000
139 239 0.000000
135 238 0.000000
134 238 0.000000
132 238 0.000000
132 237 0.000000
131 235 0.000000
131 234 0.000000
132 236 0.000000
133 238 0.000000
132 238 1.000000
133 238 1.000000
132 237 1.000000
166 108 1.000000
166 107 1.000000
166 106 1.000000
166 105 1.000000
166 104 1.000000
167 104 1.000000
167 105 1.000000
167 106 1.000000
165 104 1.000000
165 103 1.000000
164 103 1.000000
164 102 1.000000
163 102 1.000000
163 101 1.000000
165 108 1.000000
164 108 1.000000
164 107 1.000000
163 107 1.000000
163 106 1.000000
162 106 1.000000
162 105 1.000000
161 105 1.000000
161 104 1.000000
160 104 1.000000
159 104 1.000000
158 103 1.000000
158 103 0.000000
158 103 1.000000
158 102 1.000000
157 102 1.000000
157 101 1.000000
156 101 1.000000
155 101 1.000000
155 100 1.000000
154 100 1.000000
154 99 1.000000
153 99 1.000000
152 99 1.000000
152 98 1.000000
148 97 0.000000
144 97 1.000000
144 96 1.000000
126 86 1.000000
128 87 1.000000
129 88 1.000000
130 88 1.000000
134 90 1.000000
135 90 1.000000
139 93 1.000000
139 92 1.000000
138 90 0.000000
139 90 0.000000
137 90 0.000000
165 107 1.000000
165 106 1.000000
165 105 1.000000
164 106 1.000000
164 105 1.000000
164 104 1.000000
163 105 1.000000
163 104 1.000000
163 103 1.000000
162 104 1.000000
162 103 1.000000
162 102 1.000000
168 105 1.000000
168 104 1.000000
166 103 1.000000
154 89 0.000000
132 89 1.000000
90 68 1.000000
121 83 1.000000
123 84 1.000000
124 85 1.000000
157 94 0.000000
157 94 1.000000
157 93 1.000000
150 85 1.000000
149 85 1.000000
148 85 1.000000
147 84 1.000000
141 78 0.000000
140 77 0.000000
139 76 0.000000
130 71 0.000000
126 70 0.000000
124 69 0.000000
122 68 0.000000
119 67 0.000000
118 67 0.000000
115 66 0.000000
114 66 0.000000
112 65 0.000000
108 64 0.000000
106 64 0.000000
103 64 0.000000
102 63 0.000000
101 62 0.000000
99 61 0.000000
98 61 0.000000
96 60 0.000000
88 67 1.000000
91 69 1.000000
92 69 1.000000
94 70 1.000000
96 71 1.000000
98 72 1.000000
99 73 1.000000
99 72 1.000000
99 74 1.000000
100 75 1.000000
101 76 1.000000
108 77 1.000000
109 78 1.000000
110 79 1.000000
113 80 1.000000
103 77 1.000000
116 81 1.000000
119 82 1.000000
89 68 1.000000
87 66 1.000000
86 66 1.000000
85 65 1.000000
84 64 1.000000
83 63 1.000000
81 58 1.000000
81 57 1.000000
80 55 1.000000
80 54 1.000000
79 53 1.000000
79 52 1.000000
77 51 1.000000
77 51 0.000000
77 51 1.000000
76 50 1.000000
73 50 1.000000
71 50 1.000000
64 57 1.000000
64 57 0.000000
46 60 1.000000
44 60 0.000000
39 60 1.000000
51 61 0.000000
53 60 0.000000
56 59 0.000000
59 58 0.000000
64 57 1.000000
63 57 1.000000
95 59 0.000000
94 58 0.000000
92 57 0.000000
91 56 0.000000
90 55 0.000000
89 54 0.000000
88 54 0.000000
88 53 0.000000
87 53 0.000000
86 52 0.000000
85 51 0.000000
84 50 0.000000
83 49 0.000000
83 48 0.000000
82 48 0.000000
81 47 0.000000
80 46 0.000000
79 46 0.000000
78 45 0.000000
77 45 0.000000
73 44 0.000000
66 43 0.000000
61 43 0.000000
16 66 1.000000
16 65 1.000000
16 64 1.000000
16 61 1.000000
15 60 1.000000
13 59 1.000000
12 58 1.000000
12 57 1.000000
12 56 1.000000
12 55 1.000000
13 54 1.000000
38 60 1.000000
34 67 0.000000
34 66 0.000000
45 60 1.000000
44 60 1.000000
17 68 1.000000
41 94 0.000000
40 91 0.000000
40 90 0.000000
39 87 0.000000
37 84 0.000000
36 82 0.000000
35 81 0.000000
35 80 0.000000
35 79 0.000000
33 75 0.000000
27 97 1.000000
26 96 1.000000
26 95 1.000000
25 92 1.000000
25 91 1.000000
24 89 1.000000
23 87 1.000000
21 83 1.000000
20 82 1.000000
20 81 1.000000
20 80 1.000000
19 76 1.000000
18 71 1.000000
53 115 0.000000
50 112 0.000000
50 110 1.000000
48 108 0.000000
48 107 0.000000
42 97 0.000000
43 128 1.000000
42 127 1.000000
41 125 1.000000
40 124 1.000000
35 122 1.000000
35 121 1.000000
35 120 1.000000
35 117 1.000000
35 116 1.000000
35 115 1.000000
34 113 1.000000
33 110 1.000000
32 109 1.000000
32 108 1.000000
31 104 1.000000
29 102 1.000000
29 101 1.000000
29 100 1.000000
28 99 1.000000
27 97 0.000000
58 118 1.000000
50 111 0.000000
50 110 0.000000
54 143 1.000000
52 139 1.000000
47 134 1.000000
46 131 1.000000
44 129 1.000000
74 146 0.000000
230 334 0.000000
230 333 0.000000
230 332 0.000000
230 331 0.000000
230 330 0.000000
228 328 0.000000
227 327 0.000000
227 326 0.000000
227 325 0.000000
226 324 0.000000
225 324 0.000000
226 323 0.000000
225 325 0.000000
226 325 0.000000
221 319 0.000000
221 320 0.000000
221 316 0.000000
220 315 0.000000
212 335 1.000000
212 334 1.000000
212 333 1.000000
212 329 1.000000
211 326 1.000000
209 325 1.000000
204 320 1.000000
203 318 1.000000
186 327 0.000000
191 337 1.000000
189 332 0.000000
265 320 0.000000
264 320 0.000000
263 320 0.000000
188 401 0.000000
166 103 0.000000
140 95 1.000000
143 96 1.000000
107 77 1.000000
82 60 1.000000
78 52 1.000000
76 51 1.000000
47 61 1.000000
76 51 0.000000
27 98 1.000000
27 97 1.000000
19 77 1.000000
71 181 1.000000
70 177 1.000000
69 175 1.000000
66 171 1.000000
66 170 1.000000
66 169 1.000000
65 166 1.000000
65 165 1.000000
64 162 1.000000
63 160 1.000000
63 159 1.000000
62 151 1.000000
82 170 0.000000
82 171 0.000000
79 164 0.000000
78 163 0.000000
77 161 0.000000
75 157 0.000000
75 156 0.000000
75 152 0.000000
75 151 0.000000
75 150 0.000000
75 188 1.000000
132 238 0.000000
132 237 0.000000
133 238 0.000000
217 279 0.000000
176 290 0.000000
179 302 0.000000
153 323 1.000000
148 310 1.000000
148 309 1.000000
148 308 1.000000
148 307 1.000000
148 306 1.000000
200 311 1.000000
199 309 1.000000
199 308 1.000000
199 296 1.000000
199 297 1.000000
193 345 0.000000
240 347 1.000000
234 342 0.000000
179 383 1.000000
218 369 1.000000
265 379 0.000000
283 426 0.000000
283 425 0.000000
300 426 0.000000
300 425 0.000000
301 424 0.000000
282 424 0.000000
284 426 0.000000
284 425 0.000000
283 424 0.000000
299 426 0.000000
299 425 0.000000
301 424 1.000000
300 424 0.000000
301 424 0.000000
291 426 0.000000
292 426 0.000000
291 425 0.000000
292 425 0.000000
292 426 1.000000
290 426 0.000000
291 425 1.000000
292 425 1.000000
291 426 1.000000
290 426 1.000000
239 212 1.000000
