   4.7290000e+01  -1.2318000e+02
   4.7290000e+01  -1.2317800e+02
   4.7290000e+01  -1.2317600e+02
   4.7290000e+01  -1.2317400e+02
   4.7290000e+01  -1.2317200e+02
   4.7290000e+01  -1.2317000e+02
   4.7290000e+01  -1.2316800e+02
   4.7290000e+01  -1.2316600e+02
   4.7290000e+01  -1.2316400e+02
   4.7290000e+01  -1.2316200e+02
   4.7290000e+01  -1.2316000e+02
   4.7290000e+01  -1.2315800e+02
   4.7290000e+01  -1.2315600e+02
   4.7290000e+01  -1.2315400e+02
   4.7290000e+01  -1.2315200e+02
   4.7290000e+01  -1.2315000e+02
   4.7290000e+01  -1.2314800e+02
   4.7290000e+01  -1.2314600e+02
   4.7290000e+01  -1.2314400e+02
   4.7290000e+01  -1.2314200e+02
   4.7290000e+01  -1.2314000e+02
   4.7290000e+01  -1.2313800e+02
   4.7290000e+01  -1.2313600e+02
   4.7290000e+01  -1.2313400e+02
   4.7290000e+01  -1.2313200e+02
   4.7290000e+01  -1.2313000e+02
   4.7290000e+01  -1.2312800e+02
   4.7290000e+01  -1.2312600e+02
   4.7290000e+01  -1.2312400e+02
   4.7290000e+01  -1.2312200e+02
   4.7290000e+01  -1.2312000e+02
   4.7290000e+01  -1.2311800e+02
   4.7290000e+01  -1.2311600e+02
   4.7290000e+01  -1.2311400e+02
   4.7290000e+01  -1.2311200e+02
   4.7290000e+01  -1.2311000e+02
   4.7290000e+01  -1.2310800e+02
   4.7290000e+01  -1.2310600e+02
   4.7290000e+01  -1.2310400e+02
   4.7290000e+01  -1.2310200e+02
   4.7290000e+01  -1.2310000e+02
   4.7290000e+01  -1.2309800e+02
   4.7290000e+01  -1.2309600e+02
   4.7290000e+01  -1.2309400e+02
   4.7290000e+01  -1.2309200e+02
   4.7290000e+01  -1.2309000e+02
   4.7290000e+01  -1.2308800e+02
   4.7290000e+01  -1.2308600e+02
   4.7290000e+01  -1.2308400e+02
   4.7290000e+01  -1.2308200e+02
   4.7290000e+01  -1.2308000e+02
   4.7290000e+01  -1.2307800e+02
   4.7290000e+01  -1.2307600e+02
   4.7290000e+01  -1.2307400e+02
   4.7290000e+01  -1.2307200e+02
   4.7290000e+01  -1.2307000e+02
   4.7290000e+01  -1.2306800e+02
   4.7290000e+01  -1.2306600e+02
   4.7290000e+01  -1.2306400e+02
   4.7290000e+01  -1.2306200e+02
   4.7290000e+01  -1.2306000e+02
   4.7290000e+01  -1.2305800e+02
   4.7290000e+01  -1.2305600e+02
   4.7290000e+01  -1.2305400e+02
   4.7290000e+01  -1.2305200e+02
   4.7290000e+01  -1.2305000e+02
   4.7290000e+01  -1.2304800e+02
   4.7290000e+01  -1.2304600e+02
   4.7290000e+01  -1.2304400e+02
   4.7290000e+01  -1.2304200e+02
   4.7290000e+01  -1.2304000e+02
   4.7290000e+01  -1.2303800e+02
   4.7290000e+01  -1.2303600e+02
   4.7290000e+01  -1.2303400e+02
   4.7290000e+01  -1.2303200e+02
   4.7290000e+01  -1.2303000e+02
   4.7290000e+01  -1.2302800e+02
   4.7290000e+01  -1.2302600e+02
   4.7290000e+01  -1.2302400e+02
   4.7290000e+01  -1.2302200e+02
   4.7290000e+01  -1.2302000e+02
   4.7290000e+01  -1.2301800e+02
   4.7290000e+01  -1.2301600e+02
   4.7290000e+01  -1.2301400e+02
   4.7290000e+01  -1.2301200e+02
   4.7290000e+01  -1.2301000e+02
   4.7290000e+01  -1.2300800e+02
   4.7290000e+01  -1.2300600e+02
   4.7290000e+01  -1.2300400e+02
   4.7290000e+01  -1.2300200e+02
   4.7290000e+01  -1.2300000e+02
   4.7290000e+01  -1.2299800e+02
   4.7290000e+01  -1.2299600e+02
   4.7290000e+01  -1.2299400e+02
   4.7290000e+01  -1.2299200e+02
   4.7290000e+01  -1.2299000e+02
   4.7290000e+01  -1.2298800e+02
   4.7290000e+01  -1.2298600e+02
   4.7290000e+01  -1.2298400e+02
   4.7290000e+01  -1.2298200e+02
   4.7290000e+01  -1.2298000e+02
   4.7290000e+01  -1.2297800e+02
   4.7290000e+01  -1.2297600e+02
   4.7290000e+01  -1.2297400e+02
   4.7290000e+01  -1.2297200e+02
   4.7290000e+01  -1.2297000e+02
   4.7290000e+01  -1.2296800e+02
   4.7290000e+01  -1.2296600e+02
   4.7290000e+01  -1.2296400e+02
   4.7290000e+01  -1.2296200e+02
   4.7290000e+01  -1.2296000e+02
   4.7290000e+01  -1.2295800e+02
   4.7290000e+01  -1.2295600e+02
   4.7290000e+01  -1.2295400e+02
   4.7290000e+01  -1.2295200e+02
   4.7290000e+01  -1.2295000e+02
   4.7290000e+01  -1.2294800e+02
   4.7290000e+01  -1.2294600e+02
   4.7290000e+01  -1.2294400e+02
   4.7290000e+01  -1.2294200e+02
   4.7290000e+01  -1.2294000e+02
   4.7290000e+01  -1.2293800e+02
   4.7290000e+01  -1.2293600e+02
   4.7290000e+01  -1.2293400e+02
   4.7290000e+01  -1.2293200e+02
   4.7290000e+01  -1.2293000e+02
   4.7290000e+01  -1.2292800e+02
   4.7290000e+01  -1.2292600e+02
   4.7290000e+01  -1.2292400e+02
   4.7290000e+01  -1.2292200e+02
   4.7290000e+01  -1.2292000e+02
   4.7290000e+01  -1.2291800e+02
   4.7290000e+01  -1.2291600e+02
   4.7290000e+01  -1.2291400e+02
   4.7290000e+01  -1.2291200e+02
   4.7290000e+01  -1.2291000e+02
   4.7290000e+01  -1.2290800e+02
   4.7290000e+01  -1.2290600e+02
   4.7290000e+01  -1.2290400e+02
   4.7290000e+01  -1.2290200e+02
   4.7290000e+01  -1.2290000e+02
   4.7290000e+01  -1.2289800e+02
   4.7290000e+01  -1.2289600e+02
   4.7290000e+01  -1.2289400e+02
   4.7290000e+01  -1.2289200e+02
   4.7290000e+01  -1.2289000e+02
   4.7290000e+01  -1.2288800e+02
   4.7290000e+01  -1.2288600e+02
   4.7290000e+01  -1.2288400e+02
   4.7290000e+01  -1.2288200e+02
   4.7290000e+01  -1.2288000e+02
   4.7290000e+01  -1.2287800e+02
   4.7290000e+01  -1.2287600e+02
   4.7290000e+01  -1.2287400e+02
   4.7290000e+01  -1.2287200e+02
   4.7290000e+01  -1.2287000e+02
   4.7290000e+01  -1.2286800e+02
   4.7290000e+01  -1.2286600e+02
   4.7290000e+01  -1.2286400e+02
   4.7290000e+01  -1.2286200e+02
   4.7290000e+01  -1.2286000e+02
   4.7290000e+01  -1.2285800e+02
   4.7290000e+01  -1.2285600e+02
   4.7290000e+01  -1.2285400e+02
   4.7290000e+01  -1.2285200e+02
   4.7290000e+01  -1.2285000e+02
   4.7290000e+01  -1.2284800e+02
   4.7290000e+01  -1.2284600e+02
   4.7290000e+01  -1.2284400e+02
   4.7290000e+01  -1.2284200e+02
   4.7290000e+01  -1.2284000e+02
   4.7290000e+01  -1.2283800e+02
   4.7290000e+01  -1.2283600e+02
   4.7290000e+01  -1.2283400e+02
   4.7290000e+01  -1.2283200e+02
   4.7290000e+01  -1.2283000e+02
   4.7290000e+01  -1.2282800e+02
   4.7290000e+01  -1.2282600e+02
   4.7290000e+01  -1.2282400e+02
   4.7290000e+01  -1.2282200e+02
   4.7290000e+01  -1.2282000e+02
   4.7290000e+01  -1.2281800e+02
   4.7290000e+01  -1.2281600e+02
   4.7290000e+01  -1.2281400e+02
   4.7290000e+01  -1.2281200e+02
   4.7290000e+01  -1.2281000e+02
   4.7290000e+01  -1.2280800e+02
   4.7290000e+01  -1.2280600e+02
   4.7290000e+01  -1.2280400e+02
   4.7290000e+01  -1.2280200e+02
   4.7290000e+01  -1.2280000e+02
   4.7290000e+01  -1.2279800e+02
   4.7290000e+01  -1.2279600e+02
   4.7290000e+01  -1.2279400e+02
   4.7290000e+01  -1.2279200e+02
   4.7290000e+01  -1.2279000e+02
   4.7290000e+01  -1.2278800e+02
   4.7290000e+01  -1.2278600e+02
   4.7290000e+01  -1.2278400e+02
   4.7290000e+01  -1.2278200e+02
   4.7290000e+01  -1.2278000e+02
   4.7290000e+01  -1.2277800e+02
   4.7290000e+01  -1.2277600e+02
   4.7290000e+01  -1.2277400e+02
   4.7290000e+01  -1.2277200e+02
   4.7290000e+01  -1.2277000e+02
   4.7290000e+01  -1.2276800e+02
   4.7290000e+01  -1.2276600e+02
   4.7290000e+01  -1.2276400e+02
   4.7290000e+01  -1.2276200e+02
   4.7290000e+01  -1.2276000e+02
   4.7290000e+01  -1.2275800e+02
   4.7290000e+01  -1.2275600e+02
   4.7290000e+01  -1.2275400e+02
   4.7290000e+01  -1.2275200e+02
   4.7290000e+01  -1.2275000e+02
   4.7290000e+01  -1.2274800e+02
   4.7290000e+01  -1.2274600e+02
   4.7290000e+01  -1.2274400e+02
   4.7290000e+01  -1.2274200e+02
   4.7290000e+01  -1.2274000e+02
   4.7290000e+01  -1.2273800e+02
   4.7290000e+01  -1.2273600e+02
   4.7290000e+01  -1.2273400e+02
   4.7290000e+01  -1.2273200e+02
   4.7290000e+01  -1.2273000e+02
   4.7290000e+01  -1.2272800e+02
   4.7290000e+01  -1.2272600e+02
   4.7290000e+01  -1.2272400e+02
   4.7290000e+01  -1.2272200e+02
   4.7290000e+01  -1.2272000e+02
   4.7290000e+01  -1.2271800e+02
   4.7290000e+01  -1.2271600e+02
   4.7290000e+01  -1.2271400e+02
   4.7290000e+01  -1.2271200e+02
   4.7290000e+01  -1.2271000e+02
   4.7290000e+01  -1.2270800e+02
   4.7290000e+01  -1.2270600e+02
   4.7290000e+01  -1.2270400e+02
   4.7290000e+01  -1.2270200e+02
   4.7290000e+01  -1.2270000e+02
   4.7290000e+01  -1.2269800e+02
   4.7290000e+01  -1.2269600e+02
   4.7290000e+01  -1.2269400e+02
   4.7290000e+01  -1.2269200e+02
   4.7290000e+01  -1.2269000e+02
   4.7290000e+01  -1.2268800e+02
   4.7290000e+01  -1.2268600e+02
   4.7290000e+01  -1.2268400e+02
   4.7290000e+01  -1.2268200e+02
   4.7290000e+01  -1.2268000e+02
   4.7290000e+01  -1.2267800e+02
   4.7290000e+01  -1.2267600e+02
   4.7290000e+01  -1.2267400e+02
   4.7290000e+01  -1.2267200e+02
   4.7290000e+01  -1.2267000e+02
   4.7290000e+01  -1.2266800e+02
   4.7290000e+01  -1.2266600e+02
   4.7290000e+01  -1.2266400e+02
   4.7290000e+01  -1.2266200e+02
   4.7290000e+01  -1.2266000e+02
   4.7290000e+01  -1.2265800e+02
   4.7290000e+01  -1.2265600e+02
   4.7290000e+01  -1.2265400e+02
   4.7290000e+01  -1.2265200e+02
   4.7290000e+01  -1.2265000e+02
   4.7290000e+01  -1.2264800e+02
   4.7290000e+01  -1.2264600e+02
   4.7290000e+01  -1.2264400e+02
   4.7290000e+01  -1.2264200e+02
   4.7290000e+01  -1.2264000e+02
   4.7290000e+01  -1.2263800e+02
   4.7290000e+01  -1.2263600e+02
   4.7290000e+01  -1.2263400e+02
   4.7290000e+01  -1.2263200e+02
   4.7290000e+01  -1.2263000e+02
   4.7290000e+01  -1.2262800e+02
   4.7290000e+01  -1.2262600e+02
   4.7290000e+01  -1.2262400e+02
   4.7290000e+01  -1.2262200e+02
   4.7290000e+01  -1.2262000e+02
   4.7290000e+01  -1.2261800e+02
   4.7290000e+01  -1.2261600e+02
   4.7290000e+01  -1.2261400e+02
   4.7290000e+01  -1.2261200e+02
   4.7290000e+01  -1.2261000e+02
   4.7290000e+01  -1.2260800e+02
   4.7290000e+01  -1.2260600e+02
   4.7290000e+01  -1.2260400e+02
   4.7290000e+01  -1.2260200e+02
   4.7290000e+01  -1.2260000e+02
   4.7290000e+01  -1.2259800e+02
   4.7290000e+01  -1.2259600e+02
   4.7290000e+01  -1.2259400e+02
   4.7290000e+01  -1.2259200e+02
   4.7290000e+01  -1.2259000e+02
   4.7290000e+01  -1.2258800e+02
   4.7290000e+01  -1.2258600e+02
   4.7290000e+01  -1.2258400e+02
   4.7290000e+01  -1.2258200e+02
   4.7290000e+01  -1.2258000e+02
   4.7290000e+01  -1.2257800e+02
   4.7290000e+01  -1.2257600e+02
   4.7290000e+01  -1.2257400e+02
   4.7290000e+01  -1.2257200e+02
   4.7290000e+01  -1.2257000e+02
   4.7290000e+01  -1.2256800e+02
   4.7290000e+01  -1.2256600e+02
   4.7290000e+01  -1.2256400e+02
   4.7290000e+01  -1.2256200e+02
   4.7290000e+01  -1.2256000e+02
