         426
   26686.2148         5982573.00    
   26686.2148         5982802.00    
   26686.2148         5983032.00    
   26686.2148         5983261.00    
   26686.2148         5983491.00    
   26686.2148         5983720.00    
   26686.2148         5983950.00    
   26686.2148         5984179.50    
   26686.2148         5984408.50    
   26686.2148         5984639.00    
   26686.2148         5984868.50    
   26686.2148         5985097.50    
   26686.2148         5985327.00    
   26686.2148         5985556.50    
   26686.2148         5985786.00    
   26686.2148         5986016.00    
   26686.2148         5986245.50    
   26686.2148         5986475.00    
   26686.2148         5986705.00    
   26686.2148         5986934.50    
   26686.2148         5987164.00    
   26686.2148         5987393.50    
   26686.2148         5987623.50    
   26686.2148         5987853.00    
   26686.2148         5988082.50    
   26686.2148         5988312.00    
   26686.2148         5988542.00    
   26686.2148         5988771.50    
   26686.2148         5989001.00    
   26686.2148         5989230.50    
   26686.2148         5989460.50    
   26686.2148         5989690.00    
   26686.2148         5989920.00    
   26686.2148         5990149.00    
   26686.2148         5990379.00    
   26686.2148         5990608.50    
   26686.2148         5990838.50    
   26686.2148         5991068.50    
   26686.2148         5991298.00    
   26686.2148         5991528.00    
   26686.2148         5991757.50    
   26686.2148         5991987.50    
   26686.2148         5992216.50    
   26686.2148         5992446.50    
   26686.2148         5992676.00    
   26686.2148         5992906.50    
   26686.2148         5993136.00    
   26686.2148         5993366.50    
   26686.2148         5993595.50    
   26686.2148         5993825.00    
   26686.2148         5994055.50    
   26686.2148         5994285.00    
   26686.2148         5994514.50    
   26686.2148         5994744.50    
   26686.2148         5994974.00    
   26686.2148         5995204.50    
   26686.2148         5995434.00    
   26686.2148         5995664.50    
   26686.2148         5995893.50    
   26686.2148         5996123.50    
   26686.2148         5996354.00    
   26686.2148         5996583.50    
   26686.2148         5996813.50    
   26686.2148         5997043.00    
   26686.2148         5997273.00    
   26686.2148         5997503.00    
   26686.2148         5997732.50    
   26686.2148         5997962.50    
   26686.2148         5998193.00    
   26686.2148         5998422.50    
   26686.2148         5998652.50    
   26686.2148         5998882.50    
   26686.2148         5999112.00    
   26686.2148         5999342.00    
   26686.2148         5999572.50    
   26686.2148         5999802.50    
   26686.2148         6000032.00    
   26686.2148         6000262.50    
   26686.2148         6000491.50    
   26686.2148         6000722.00    
   26686.2148         6000951.50    
   26686.2148         6001182.00    
   26686.2148         6001412.50    
   26686.2148         6001642.00    
   26686.2148         6001872.50    
   26686.2148         6002101.50    
   26686.2148         6002332.00    
   26686.2148         6002562.00    
   26686.2148         6002792.50    
   26686.2148         6003022.50    
   26686.2148         6003252.00    
   26686.2148         6003482.50    
   26686.2148         6003712.00    
   26686.2148         6003942.50    
   26686.2148         6004173.00    
   26686.2148         6004402.50    
   26686.2148         6004632.00    
   26686.2148         6004862.50    
   26686.2148         6005092.50    
   26686.2148         6005323.00    
   26686.2148         6005553.00    
   26686.2148         6005783.50    
   26686.2148         6006013.00    
   26686.2148         6006243.50    
   26686.2148         6006473.50    
   26686.2148         6006703.00    
   26686.2148         6006933.50    
   26686.2148         6007163.50    
   26686.2148         6007394.00    
   26686.2148         6007624.50    
   26686.2148         6007854.00    
   26686.2148         6008084.50    
   26686.2148         6008314.50    
   26686.2148         6008545.00    
   26686.2148         6008775.50    
   26686.2148         6009005.50    
   26686.2148         6009236.00    
   26686.2148         6009465.50    
   26686.2148         6009696.00    
   26686.2148         6009926.00    
   26686.2148         6010156.50    
   26686.2148         6010386.00    
   26686.2148         6010616.50    
   26686.2148         6010847.00    
   26686.2148         6011077.00    
   26686.2148         6011307.50    
   26686.2148         6011538.00    
   26686.2148         6011768.50    
   26686.2148         6011998.00    
   26686.2148         6012228.50    
   26686.2148         6012459.00    
   26686.2148         6012689.00    
   26686.2148         6012919.00    
   26686.2148         6013150.00    
   26686.2148         6013380.50    
   26686.2148         6013611.00    
   26686.2148         6013841.00    
   26686.2148         6014071.00    
   26686.2148         6014301.50    
   26686.2148         6014532.00    
   26686.2148         6014762.00    
   26686.2148         6014992.50    
   26686.2148         6015223.00    
   26686.2148         6015453.00    
   26686.2148         6015683.50    
   26686.2148         6015914.00    
   26686.2148         6016145.00    
   26686.2148         6016375.00    
   26686.2148         6016605.00    
   26686.2148         6016835.50    
   26686.2148         6017066.00    
   26686.2148         6017296.50    
   26686.2148         6017527.00    
   26686.2148         6017757.50    
   26686.2148         6017988.00    
   26686.2148         6018218.50    
   26686.2148         6018449.00    
   26686.2148         6018679.50    
   26686.2148         6018909.50    
   26686.2148         6019140.00    
   26686.2148         6019370.50    
   26686.2148         6019601.00    
   26686.2148         6019831.50    
   26686.2148         6020062.00    
   26686.2148         6020292.50    
   26686.2148         6020522.50    
   26686.2148         6020753.00    
   26686.2148         6020983.50    
   26686.2148         6021214.00    
   26686.2148         6021445.50    
   26686.2148         6021676.00    
   26686.2148         6021906.00    
   26686.2148         6022136.50    
   26686.2148         6022367.00    
   26686.2148         6022597.50    
   26686.2148         6022828.00    
   26686.2148         6023058.50    
   26686.2148         6023289.00    
   26686.2148         6023519.50    
   26686.2148         6023750.00    
   26686.2148         6023981.00    
   26686.2148         6024211.50    
   26686.2148         6024442.50    
   26686.2148         6024673.00    
   26686.2148         6024904.00    
   26686.2148         6025134.50    
   26686.2148         6025365.00    
   26686.2148         6025595.50    
   26686.2148         6025826.00    
   26686.2148         6026057.00    
   26686.2148         6026287.50    
   26686.2148         6026518.00    
   26686.2148         6026748.50    
   26686.2148         6026980.00    
   26686.2148         6027210.50    
   26686.2148         6027441.50    
   26686.2148         6027672.00    
   26686.2148         6027902.50    
   26686.2148         6028133.00    
   26686.2148         6028364.00    
   26686.2148         6028594.50    
   26686.2148         6028825.00    
   26686.2148         6029056.00    
   26686.2148         6029286.50    
   26686.2148         6029517.00    
   26686.2148         6029748.50    
   26686.2148         6029979.00    
   26686.2148         6030210.00    
   26686.2148         6030440.50    
   26686.2148         6030671.50    
   26686.2148         6030902.00    
   26686.2148         6031132.50    
   26686.2148         6031364.00    
   26686.2148         6031594.50    
   26686.2148         6031825.50    
   26686.2148         6032056.00    
   26686.2148         6032287.00    
   26686.2148         6032517.50    
   26686.2148         6032748.50    
   26686.2148         6032979.00    
   26686.2148         6033210.00    
   26686.2148         6033440.50    
   26686.2148         6033671.50    
   26686.2148         6033903.00    
   26686.2148         6034133.50    
   26686.2148         6034364.50    
   26686.2148         6034595.00    
   26686.2148         6034826.00    
   26686.2148         6035056.50    
   26686.2148         6035288.00    
   26686.2148         6035519.00    
   26686.2148         6035749.50    
   26686.2148         6035981.00    
   26686.2148         6036211.00    
   26686.2148         6036442.50    
   26686.2148         6036673.50    
   26686.2148         6036905.00    
   26686.2148         6037135.50    
   26686.2148         6037366.50    
   26686.2148         6037597.00    
   26686.2148         6037828.00    
   26686.2148         6038059.00    
   26686.2148         6038290.00    
   26686.2148         6038520.50    
   26686.2148         6038752.00    
   26686.2148         6038983.00    
   26686.2148         6039213.50    
   26686.2148         6039445.50    
   26686.2148         6039676.00    
   26686.2148         6039907.00    
   26686.2148         6040138.50    
   26686.2148         6040369.00    
   26686.2148         6040601.00    
   26686.2148         6040831.50    
   26686.2148         6041062.50    
   26686.2148         6041293.50    
   26686.2148         6041524.50    
   26686.2148         6041755.50    
   26686.2148         6041987.00    
   26686.2148         6042217.50    
   26686.2148         6042448.50    
   26686.2148         6042679.50    
   26686.2148         6042911.00    
   26686.2148         6043142.00    
   26686.2148         6043373.50    
   26686.2148         6043604.50    
   26686.2148         6043835.50    
   26686.2148         6044066.50    
   26686.2148         6044297.50    
   26686.2148         6044529.00    
   26686.2148         6044760.00    
   26686.2148         6044991.50    
   26686.2148         6045222.50    
   26686.2148         6045454.00    
   26686.2148         6045685.00    
   26686.2148         6045916.50    
   26686.2148         6046147.00    
   26686.2148         6046378.00    
   26686.2148         6046609.50    
   26686.2148         6046840.50    
   26686.2148         6047072.00    
   26686.2148         6047303.00    
   26686.2148         6047534.50    
   26686.2148         6047766.00    
   26686.2148         6047997.00    
   26686.2148         6048228.00    
   26686.2148         6048459.50    
   26686.2148         6048690.50    
   26686.2148         6048922.00    
   26686.2148         6049153.00    
   26686.2148         6049384.50    
   26686.2148         6049616.00    
   26686.2148         6049847.00    
   26686.2148         6050078.00    
   26686.2148         6050309.50    
   26686.2148         6050540.50    
   26686.2148         6050772.00    
   26686.2148         6051004.00    
   26686.2148         6051235.00    
   26686.2148         6051466.00    
   26686.2148         6051697.00    
   26686.2148         6051928.00    
   26686.2148         6052160.00    
   26686.2148         6052391.50    
   26686.2148         6052622.50    
   26686.2148         6052854.50    
   26686.2148         6053085.50    
   26686.2148         6053316.50    
   26686.2148         6053548.50    
   26686.2148         6053779.50    
   26686.2148         6054011.00    
   26686.2148         6054243.00    
   26686.2148         6054474.00    
   26686.2148         6054705.50    
   26686.2148         6054937.00    
   26686.2148         6055168.50    
   26686.2148         6055400.00    
   26686.2148         6055631.00    
   26686.2148         6055863.00    
   26686.2148         6056094.00    
   26686.2148         6056325.00    
   26686.2148         6056557.00    
   26686.2148         6056788.50    
   26686.2148         6057020.00    
   26686.2148         6057251.50    
   26686.2148         6057483.00    
   26686.2148         6057714.00    
   26686.2148         6057946.00    
   26686.2148         6058177.50    
   26686.2148         6058409.50    
   26686.2148         6058641.00    
   26686.2148         6058872.00    
   26686.2148         6059103.00    
   26686.2148         6059335.00    
   26686.2148         6059567.00    
   26686.2148         6059798.00    
   26686.2148         6060030.00    
   26686.2148         6060261.00    
   26686.2148         6060493.00    
   26686.2148         6060725.00    
   26686.2148         6060956.00    
   26686.2148         6061187.50    
   26686.2148         6061419.00    
   26686.2148         6061651.00    
   26686.2148         6061883.00    
   26686.2148         6062114.00    
   26686.2148         6062345.50    
   26686.2148         6062577.50    
   26686.2148         6062809.00    
   26686.2148         6063040.50    
   26686.2148         6063272.00    
   26686.2148         6063503.50    
   26686.2148         6063735.50    
   26686.2148         6063967.50    
   26686.2148         6064199.00    
   26686.2148         6064431.00    
   26686.2148         6064662.00    
   26686.2148         6064894.00    
   26686.2148         6065126.00    
   26686.2148         6065356.50    
   26686.2148         6065589.50    
   26686.2148         6065820.50    
   26686.2148         6066052.50    
   26686.2148         6066284.00    
   26686.2148         6066516.00    
   26686.2148         6066748.00    
   26686.2148         6066979.50    
   26686.2148         6067211.50    
   26686.2148         6067442.50    
   26686.2148         6067674.50    
   26686.2148         6067906.50    
   26686.2148         6068138.00    
   26686.2148         6068370.00    
   26686.2148         6068602.00    
   26686.2148         6068834.00    
   26686.2148         6069065.50    
   26686.2148         6069297.00    
   26686.2148         6069529.50    
   26686.2148         6069760.50    
   26686.2148         6069993.00    
   26686.2148         6070224.00    
   26686.2148         6070457.00    
   26686.2148         6070688.00    
   26686.2148         6070920.50    
   26686.2148         6071152.50    
   26686.2148         6071383.50    
   26686.2148         6071616.00    
   26686.2148         6071848.00    
   26686.2148         6072079.50    
   26686.2148         6072311.50    
   26686.2148         6072543.00    
   26686.2148         6072775.00    
   26686.2148         6073007.00    
   26686.2148         6073239.00    
   26686.2148         6073471.50    
   26686.2148         6073702.50    
   26686.2148         6073935.50    
   26686.2148         6074167.00    
   26686.2148         6074399.00    
   26686.2148         6074630.50    
   26686.2148         6074862.50    
   26686.2148         6075094.00    
   26686.2148         6075326.00    
   26686.2148         6075559.00    
   26686.2148         6075790.50    
   26686.2148         6076022.50    
   26686.2148         6076254.50    
   26686.2148         6076487.00    
   26686.2148         6076718.50    
   26686.2148         6076950.50    
   26686.2148         6077182.50    
   26686.2148         6077414.50    
   26686.2148         6077646.50    
   26686.2148         6077878.50    
   26686.2148         6078110.50    
   26686.2148         6078343.00    
   26686.2148         6078575.00    
   26686.2148         6078807.00    
   26686.2148         6079039.00    
   26686.2148         6079271.00    
   26686.2148         6079503.00    
   26686.2148         6079735.00    
   26686.2148         6079967.00    
   26686.2148         6080199.50    
   26686.2148         6080431.50    
   26686.2148         6080664.00    
