         426
  -42251.9062         6080664.00    
  -42251.9062         6080431.50    
  -42251.9062         6080199.50    
  -42251.9062         6079967.00    
  -42251.9062         6079735.00    
  -42251.9062         6079503.00    
  -42251.9062         6079271.00    
  -42251.9062         6079039.00    
  -42251.9062         6078807.00    
  -42251.9062         6078575.00    
  -42251.9062         6078343.00    
  -42251.9062         6078110.50    
  -42251.9062         6077878.50    
  -42251.9062         6077646.50    
  -42251.9062         6077414.50    
  -42251.9062         6077182.50    
  -42251.9062         6076950.50    
  -42251.9062         6076718.50    
  -42251.9062         6076487.00    
  -42251.9062         6076254.50    
  -42251.9062         6076022.50    
  -42251.9062         6075790.50    
  -42251.9062         6075559.00    
  -42251.9062         6075326.00    
  -42251.9062         6075094.00    
  -42251.9062         6074862.50    
  -42251.9062         6074630.50    
  -42251.9062         6074399.00    
  -42251.9062         6074167.00    
  -42251.9062         6073935.50    
  -42251.9062         6073702.50    
  -42251.9062         6073471.50    
  -42251.9062         6073239.00    
  -42251.9062         6073007.00    
  -42251.9062         6072775.00    
  -42251.9062         6072543.00    
  -42251.9062         6072311.50    
  -42251.9062         6072079.50    
  -42251.9062         6071848.00    
  -42251.9062         6071616.00    
  -42251.9062         6071383.50    
  -42251.9062         6071152.50    
  -42251.9062         6070920.50    
  -42251.9062         6070688.00    
  -42251.9062         6070457.00    
  -42251.9062         6070224.00    
  -42251.9062         6069993.00    
  -42251.9062         6069760.50    
  -42251.9062         6069529.50    
  -42251.9062         6069297.00    
  -42251.9062         6069065.50    
  -42251.9062         6068834.00    
  -42251.9062         6068602.00    
  -42251.9062         6068370.00    
  -42251.9062         6068138.00    
  -42251.9062         6067906.50    
  -42251.9062         6067674.50    
  -42251.9062         6067442.50    
  -42251.9062         6067211.50    
  -42251.9062         6066979.50    
  -42251.9062         6066748.00    
  -42251.9062         6066516.00    
  -42251.9062         6066284.00    
  -42251.9062         6066052.50    
  -42251.9062         6065820.50    
  -42251.9062         6065589.50    
  -42251.9062         6065356.50    
  -42251.9062         6065126.00    
  -42251.9062         6064894.00    
  -42251.9062         6064662.00    
  -42251.9062         6064431.00    
  -42251.9062         6064199.00    
  -42251.9062         6063967.50    
  -42251.9062         6063735.50    
  -42251.9062         6063503.50    
  -42251.9062         6063272.00    
  -42251.9062         6063040.50    
  -42251.9062         6062809.00    
  -42251.9062         6062577.50    
  -42251.9062         6062345.50    
  -42251.9062         6062114.00    
  -42251.9062         6061883.00    
  -42251.9062         6061651.00    
  -42251.9062         6061419.00    
  -42251.9062         6061187.50    
  -42251.9062         6060956.00    
  -42251.9062         6060725.00    
  -42251.9062         6060493.00    
  -42251.9062         6060261.00    
  -42251.9062         6060030.00    
  -42251.9062         6059798.00    
  -42251.9062         6059567.00    
  -42251.9062         6059335.00    
  -42251.9062         6059103.00    
  -42251.9062         6058872.00    
  -42251.9062         6058641.00    
  -42251.9062         6058409.50    
  -42251.9062         6058177.50    
  -42251.9062         6057946.00    
  -42251.9062         6057714.00    
  -42251.9062         6057483.00    
  -42251.9062         6057251.50    
  -42251.9062         6057020.00    
  -42251.9062         6056788.50    
  -42251.9062         6056557.00    
  -42251.9062         6056325.00    
  -42251.9062         6056094.00    
  -42251.9062         6055863.00    
  -42251.9062         6055631.00    
  -42251.9062         6055400.00    
  -42251.9062         6055168.50    
  -42251.9062         6054937.00    
  -42251.9062         6054705.50    
  -42251.9062         6054474.00    
  -42251.9062         6054243.00    
  -42251.9062         6054011.00    
  -42251.9062         6053779.50    
  -42251.9062         6053548.50    
  -42251.9062         6053316.50    
  -42251.9062         6053085.50    
  -42251.9062         6052854.50    
  -42251.9062         6052622.50    
  -42251.9062         6052391.50    
  -42251.9062         6052160.00    
  -42251.9062         6051928.00    
  -42251.9062         6051697.00    
  -42251.9062         6051466.00    
  -42251.9062         6051235.00    
  -42251.9062         6051004.00    
  -42251.9062         6050772.00    
  -42251.9062         6050540.50    
  -42251.9062         6050309.50    
  -42251.9062         6050078.00    
  -42251.9062         6049847.00    
  -42251.9062         6049616.00    
  -42251.9062         6049384.50    
  -42251.9062         6049153.00    
  -42251.9062         6048922.00    
  -42251.9062         6048690.50    
  -42251.9062         6048459.50    
  -42251.9062         6048228.00    
  -42251.9062         6047997.00    
  -42251.9062         6047766.00    
  -42251.9062         6047534.50    
  -42251.9062         6047303.00    
  -42251.9062         6047072.00    
  -42251.9062         6046840.50    
  -42251.9062         6046609.50    
  -42251.9062         6046378.00    
  -42251.9062         6046147.00    
  -42251.9062         6045916.50    
  -42251.9062         6045685.00    
  -42251.9062         6045454.00    
  -42251.9062         6045222.50    
  -42251.9062         6044991.50    
  -42251.9062         6044760.00    
  -42251.9062         6044529.00    
  -42251.9062         6044297.50    
  -42251.9062         6044066.50    
  -42251.9062         6043835.50    
  -42251.9062         6043604.50    
  -42251.9062         6043373.50    
  -42251.9062         6043142.00    
  -42251.9062         6042911.00    
  -42251.9062         6042679.50    
  -42251.9062         6042448.50    
  -42251.9062         6042217.50    
  -42251.9062         6041987.00    
  -42251.9062         6041755.50    
  -42251.9062         6041524.50    
  -42251.9062         6041293.50    
  -42251.9062         6041062.50    
  -42251.9062         6040831.50    
  -42251.9062         6040601.00    
  -42251.9062         6040369.00    
  -42251.9062         6040138.50    
  -42251.9062         6039907.00    
  -42251.9062         6039676.00    
  -42251.9062         6039445.50    
  -42251.9062         6039213.50    
  -42251.9062         6038983.00    
  -42251.9062         6038752.00    
  -42251.9062         6038520.50    
  -42251.9062         6038290.00    
  -42251.9062         6038059.00    
  -42251.9062         6037828.00    
  -42251.9062         6037597.00    
  -42251.9062         6037366.50    
  -42251.9062         6037135.50    
  -42251.9062         6036905.00    
  -42251.9062         6036673.50    
  -42251.9062         6036442.50    
  -42251.9062         6036211.00    
  -42251.9062         6035981.00    
  -42251.9062         6035749.50    
  -42251.9062         6035519.00    
  -42251.9062         6035288.00    
  -42251.9062         6035056.50    
  -42251.9062         6034826.00    
  -42251.9062         6034595.00    
  -42251.9062         6034364.50    
  -42251.9062         6034133.50    
  -42251.9062         6033903.00    
  -42251.9062         6033671.50    
  -42251.9062         6033440.50    
  -42251.9062         6033210.00    
  -42251.9062         6032979.00    
  -42251.9062         6032748.50    
  -42251.9062         6032517.50    
  -42251.9062         6032287.00    
  -42251.9062         6032056.00    
  -42251.9062         6031825.50    
  -42251.9062         6031594.50    
  -42251.9062         6031364.00    
  -42251.9062         6031132.50    
  -42251.9062         6030902.00    
  -42251.9062         6030671.50    
  -42251.9062         6030440.50    
  -42251.9062         6030210.00    
  -42251.9062         6029979.00    
  -42251.9062         6029748.50    
  -42251.9062         6029517.00    
  -42251.9062         6029286.50    
  -42251.9062         6029056.00    
  -42251.9062         6028825.00    
  -42251.9062         6028594.50    
  -42251.9062         6028364.00    
  -42251.9062         6028133.00    
  -42251.9062         6027902.50    
  -42251.9062         6027672.00    
  -42251.9062         6027441.50    
  -42251.9062         6027210.50    
  -42251.9062         6026980.00    
  -42251.9062         6026748.50    
  -42251.9062         6026518.00    
  -42251.9062         6026287.50    
  -42251.9062         6026057.00    
  -42251.9062         6025826.00    
  -42251.9062         6025595.50    
  -42251.9062         6025365.00    
  -42251.9062         6025134.50    
  -42251.9062         6024904.00    
  -42251.9062         6024673.00    
  -42251.9062         6024442.50    
  -42251.9062         6024211.50    
  -42251.9062         6023981.00    
  -42251.9062         6023750.00    
  -42251.9062         6023519.50    
  -42251.9062         6023289.00    
  -42251.9062         6023058.50    
  -42251.9062         6022828.00    
  -42251.9062         6022597.50    
  -42251.9062         6022367.00    
  -42251.9062         6022136.50    
  -42251.9062         6021906.00    
  -42251.9062         6021676.00    
  -42251.9062         6021445.50    
  -42251.9062         6021214.00    
  -42251.9062         6020983.50    
  -42251.9062         6020753.00    
  -42251.9062         6020522.50    
  -42251.9062         6020292.50    
  -42251.9062         6020062.00    
  -42251.9062         6019831.50    
  -42251.9062         6019601.00    
  -42251.9062         6019370.50    
  -42251.9062         6019140.00    
  -42251.9062         6018909.50    
  -42251.9062         6018679.50    
  -42251.9062         6018449.00    
  -42251.9062         6018218.50    
  -42251.9062         6017988.00    
  -42251.9062         6017757.50    
  -42251.9062         6017527.00    
  -42251.9062         6017296.50    
  -42251.9062         6017066.00    
  -42251.9062         6016835.50    
  -42251.9062         6016605.00    
  -42251.9062         6016375.00    
  -42251.9062         6016145.00    
  -42251.9062         6015914.00    
  -42251.9062         6015683.50    
  -42251.9062         6015453.00    
  -42251.9062         6015223.00    
  -42251.9062         6014992.50    
  -42251.9062         6014762.00    
  -42251.9062         6014532.00    
  -42251.9062         6014301.50    
  -42251.9062         6014071.00    
  -42251.9062         6013841.00    
  -42251.9062         6013611.00    
  -42251.9062         6013380.50    
  -42251.9062         6013150.00    
  -42251.9062         6012919.00    
  -42251.9062         6012689.00    
  -42251.9062         6012459.00    
  -42251.9062         6012228.50    
  -42251.9062         6011998.00    
  -42251.9062         6011768.50    
  -42251.9062         6011538.00    
  -42251.9062         6011307.50    
  -42251.9062         6011077.00    
  -42251.9062         6010847.00    
  -42251.9062         6010616.50    
  -42251.9062         6010386.00    
  -42251.9062         6010156.50    
  -42251.9062         6009926.00    
  -42251.9062         6009696.00    
  -42251.9062         6009465.50    
  -42251.9062         6009236.00    
  -42251.9062         6009005.50    
  -42251.9062         6008775.50    
  -42251.9062         6008545.00    
  -42251.9062         6008314.50    
  -42251.9062         6008084.50    
  -42251.9062         6007854.00    
  -42251.9062         6007624.50    
  -42251.9062         6007394.00    
  -42251.9062         6007163.50    
  -42251.9062         6006933.50    
  -42251.9062         6006703.00    
  -42251.9062         6006473.50    
  -42251.9062         6006243.50    
  -42251.9062         6006013.00    
  -42251.9062         6005783.50    
  -42251.9062         6005553.00    
  -42251.9062         6005323.00    
  -42251.9062         6005092.50    
  -42251.9062         6004862.50    
  -42251.9062         6004632.00    
  -42251.9062         6004402.50    
  -42251.9062         6004173.00    
  -42251.9062         6003942.50    
  -42251.9062         6003712.00    
  -42251.9062         6003482.50    
  -42251.9062         6003252.00    
  -42251.9062         6003022.50    
  -42251.9062         6002792.50    
  -42251.9062         6002562.00    
  -42251.9062         6002332.00    
  -42251.9062         6002101.50    
  -42251.9062         6001872.50    
  -42251.9062         6001642.00    
  -42251.9062         6001412.50    
  -42251.9062         6001182.00    
  -42251.9062         6000951.50    
  -42251.9062         6000722.00    
  -42251.9062         6000491.50    
  -42251.9062         6000262.50    
  -42251.9062         6000032.00    
  -42251.9062         5999802.50    
  -42251.9062         5999572.50    
  -42251.9062         5999342.00    
  -42251.9062         5999112.00    
  -42251.9062         5998882.50    
  -42251.9062         5998652.50    
  -42251.9062         5998422.50    
  -42251.9062         5998193.00    
  -42251.9062         5997962.50    
  -42251.9062         5997732.50    
  -42251.9062         5997503.00    
  -42251.9062         5997273.00    
  -42251.9062         5997043.00    
  -42251.9062         5996813.50    
  -42251.9062         5996583.50    
  -42251.9062         5996354.00    
  -42251.9062         5996123.50    
  -42251.9062         5995893.50    
  -42251.9062         5995664.50    
  -42251.9062         5995434.00    
  -42251.9062         5995204.50    
  -42251.9062         5994974.00    
  -42251.9062         5994744.50    
  -42251.9062         5994514.50    
  -42251.9062         5994285.00    
  -42251.9062         5994055.50    
  -42251.9062         5993825.00    
  -42251.9062         5993595.50    
  -42251.9062         5993366.50    
  -42251.9062         5993136.00    
  -42251.9062         5992906.50    
  -42251.9062         5992676.00    
  -42251.9062         5992446.50    
  -42251.9062         5992216.50    
  -42251.9062         5991987.50    
  -42251.9062         5991757.50    
  -42251.9062         5991528.00    
  -42251.9062         5991298.00    
  -42251.9062         5991068.50    
  -42251.9062         5990838.50    
  -42251.9062         5990608.50    
  -42251.9062         5990379.00    
  -42251.9062         5990149.00    
  -42251.9062         5989920.00    
  -42251.9062         5989690.00    
  -42251.9062         5989460.50    
  -42251.9062         5989230.50    
  -42251.9062         5989001.00    
  -42251.9062         5988771.50    
  -42251.9062         5988542.00    
  -42251.9062         5988312.00    
  -42251.9062         5988082.50    
  -42251.9062         5987853.00    
  -42251.9062         5987623.50    
  -42251.9062         5987393.50    
  -42251.9062         5987164.00    
  -42251.9062         5986934.50    
  -42251.9062         5986705.00    
  -42251.9062         5986475.00    
  -42251.9062         5986245.50    
  -42251.9062         5986016.00    
  -42251.9062         5985786.00    
  -42251.9062         5985556.50    
  -42251.9062         5985327.00    
  -42251.9062         5985097.50    
  -42251.9062         5984868.50    
  -42251.9062         5984639.00    
  -42251.9062         5984408.50    
  -42251.9062         5984179.50    
  -42251.9062         5983950.00    
  -42251.9062         5983720.00    
  -42251.9062         5983491.00    
  -42251.9062         5983261.00    
  -42251.9062         5983032.00    
  -42251.9062         5982802.00    
  -42251.9062         5982573.00    
         311
  -42251.9062         5982573.00    
  -42029.6445         5982573.00    
  -41807.3906         5982573.00    
  -41585.1289         5982573.00    
  -41362.0195         5982573.00    
  -41139.7656         5982573.00    
  -40917.5078         5982573.00    
  -40695.2500         5982573.00    
  -40472.9922         5982573.00    
  -40250.7344         5982573.00    
  -40028.4805         5982573.00    
  -39805.3711         5982573.00    
  -39583.1094         5982573.00    
  -39360.8555         5982573.00    
  -39138.5938         5982573.00    
  -38916.3398         5982573.00    
  -38694.0781         5982573.00    
  -38471.8242         5982573.00    
  -38248.7188         5982573.00    
  -38026.4570         5982573.00    
  -37804.2031         5982573.00    
  -37581.9453         5982573.00    
  -37359.6875         5982573.00    
  -37137.4297         5982573.00    
  -36915.1719         5982573.00    
  -36692.0625         5982573.00    
  -36469.8047         5982573.00    
  -36247.5430         5982573.00    
  -36025.2891         5982573.00    
  -35803.0312         5982573.00    
  -35580.7734         5982573.00    
  -35357.6680         5982573.00    
  -35135.4102         5982573.00    
  -34913.1523         5982573.00    
  -34690.8945         5982573.00    
  -34468.6367         5982573.00    
  -34246.3789         5982573.00    
  -34024.1211         5982573.00    
  -33801.0156         5982573.00    
  -33578.7578         5982573.00    
  -33356.5000         5982573.00    
  -33134.2383         5982573.00    
  -32911.9844         5982573.00    
  -32689.7227         5982573.00    
  -32467.4668         5982573.00    
  -32244.3613         5982573.00    
  -32022.1016         5982573.00    
  -31799.8457         5982573.00    
  -31577.5859         5982573.00    
  -31355.3301         5982573.00    
  -31133.0703         5982573.00    
  -30910.8145         5982573.00    
  -30687.7070         5982573.00    
  -30465.4512         5982573.00    
  -30243.1914         5982573.00    
  -30020.9316         5982573.00    
  -29798.6719         5982573.00    
  -29576.4160         5982573.00    
  -29354.1562         5982573.00    
  -29131.0527         5982573.00    
  -28908.7969         5982573.00    
  -28686.5410         5982573.00    
  -28464.2812         5982573.00    
  -28242.0215         5982573.00    
  -28019.7637         5982573.00    
  -27797.5078         5982573.00    
  -27574.4004         5982573.00    
  -27352.1426         5982573.00    
  -27129.8848         5982573.00    
  -26907.6270         5982573.00    
  -26685.3672         5982573.00    
  -26463.1094         5982573.00    
  -26240.8516         5982573.00    
  -26017.7461         5982573.00    
  -25795.4902         5982573.00    
  -25573.2305         5982573.00    
  -25350.9746         5982573.00    
  -25128.7129         5982573.00    
  -24906.4570         5982573.00    
  -24684.1973         5982573.00    
  -24461.0918         5982573.00    
  -24238.8359         5982573.00    
  -24016.5801         5982573.00    
  -23794.3203         5982573.00    
  -23572.0605         5982573.00    
  -23349.8047         5982573.00    
  -23127.5469         5982573.00    
  -22904.4395         5982573.00    
  -22682.1797         5982573.00    
  -22459.9238         5982573.00    
  -22237.6641         5982573.00    
  -22015.4062         5982573.00    
  -21793.1504         5982573.00    
  -21570.8906         5982573.00    
  -21347.7852         5982573.00    
  -21125.5273         5982573.00    
  -20903.2695         5982573.00    
  -20681.0098         5982573.00    
  -20458.7539         5982573.00    
  -20236.4961         5982573.00    
  -20014.2402         5982573.00    
  -19791.1328         5982573.00    
  -19568.8750         5982573.00    
  -19346.6172         5982573.00    
  -19124.3594         5982573.00    
  -18902.1016         5982573.00    
  -18679.8438         5982573.00    
  -18457.5859         5982573.00    
  -18234.4766         5982573.00    
  -18012.2207         5982573.00    
  -17789.9629         5982573.00    
  -17567.7051         5982573.00    
  -17345.4473         5982573.00    
  -17123.1895         5982573.00    
  -16900.9316         5982573.00    
  -16677.8262         5982573.00    
  -16455.5664         5982573.00    
  -16233.3086         5982573.00    
  -16011.0508         5982573.00    
  -15788.7930         5982573.00    
  -15566.5352         5982573.00    
  -15344.2783         5982573.00    
  -15121.1729         5982573.00    
  -14898.9131         5982573.00    
  -14676.6553         5982573.00    
  -14454.3984         5982573.00    
  -14232.1406         5982573.00    
  -14009.8818         5982573.00    
  -13787.6240         5982573.00    
  -13564.5176         5982573.00    
  -13342.2588         5982573.00    
  -13120.0020         5982573.00    
  -12897.7451         5982573.00    
  -12675.4873         5982573.00    
  -12453.2285         5982573.00    
  -12230.9707         5982573.00    
  -12007.8652         5982573.00    
  -11785.6074         5982573.00    
  -11563.3486         5982573.00    
  -11341.0898         5982573.00    
  -11118.8320         5982573.00    
  -10896.5752         5982573.00    
  -10674.3164         5982573.00    
  -10451.2109         5982573.00    
  -10228.9531         5982573.00    
  -10006.6953         5982573.00    
  -9784.43750         5982573.00    
  -9562.17969         5982573.00    
  -9339.92188         5982573.00    
  -9117.66309         5982573.00    
  -8894.55762         5982573.00    
  -8672.29883         5982573.00    
  -8450.04199         5982573.00    
  -8227.78320         5982573.00    
  -8005.52539         5982573.00    
  -7783.26758         5982573.00    
  -7560.16162         5982573.00    
  -7337.90381         5982573.00    
  -7115.64600         5982573.00    
  -6893.38770         5982573.00    
  -6671.12939         5982573.00    
  -6448.87256         5982573.00    
  -6226.61426         5982573.00    
  -6003.50781         5982573.00    
  -5781.25049         5982573.00    
  -5558.99219         5982573.00    
  -5336.73389         5982573.00    
  -5114.47656         5982573.00    
  -4892.21875         5982573.00    
  -4669.96094         5982573.00    
  -4446.85449         5982573.00    
  -4224.59668         5982573.00    
  -4002.33911         5982573.00    
  -3780.08081         5982573.00    
  -3557.82300         5982573.00    
  -3335.56470         5982573.00    
  -3113.30713         5982573.00    
  -2890.20093         5982573.00    
  -2667.94312         5982573.00    
  -2445.68506         5982573.00    
  -2223.42725         5982573.00    
  -2001.16956         5982573.00    
  -1778.91150         5982573.00    
  -1556.65356         5982573.00    
  -1333.54724         5982573.00    
  -1111.28943         5982573.00    
  -889.031555         5982573.00    
  -666.773621         5982573.00    
  -444.515778         5982573.00    
  -222.257889         5982573.00    
   0.00000000         5982573.00    
   223.106232         5982573.00    
   445.364075         5982573.00    
   667.622009         5982573.00    
   889.879883         5982573.00    
   1112.13770         5982573.00    
   1334.39575         5982573.00    
   1556.65356         5982573.00    
   1779.75977         5982573.00    
   2002.01758         5982573.00    
   2224.27539         5982573.00    
   2446.53345         5982573.00    
   2668.79150         5982573.00    
   2891.04907         5982573.00    
   3113.30713         5982573.00    
   3336.41333         5982573.00    
   3558.67114         5982573.00    
   3780.92871         5982573.00    
   4003.18701         5982573.00    
   4225.44482         5982573.00    
   4447.70264         5982573.00    
   4669.96094         5982573.00    
   4893.06689         5982573.00    
   5115.32471         5982573.00    
   5337.58301         5982573.00    
   5559.84082         5982573.00    
   5782.09814         5982573.00    
   6004.35596         5982573.00    
   6226.61426         5982573.00    
   6449.72119         5982573.00    
   6671.97803         5982573.00    
   6894.23633         5982573.00    
   7116.49365         5982573.00    
   7338.75146         5982573.00    
   7561.01025         5982573.00    
   7783.26758         5982573.00    
   8006.37402         5982573.00    
   8228.63184         5982573.00    
   8450.88965         5982573.00    
   8673.14746         5982573.00    
   8895.40527         5982573.00    
   9117.66309         5982573.00    
   9339.92188         5982573.00    
   9563.02734         5982573.00    
   9785.28516         5982573.00    
   10007.5420         5982573.00    
   10229.8008         5982573.00    
   10452.0586         5982573.00    
   10674.3164         5982573.00    
   10896.5752         5982573.00    
   11119.6816         5982573.00    
   11341.9395         5982573.00    
   11564.1963         5982573.00    
   11786.4551         5982573.00    
   12008.7119         5982573.00    
   12230.9707         5982573.00    
   12453.2285         5982573.00    
   12676.3350         5982573.00    
   12898.5928         5982573.00    
   13120.8496         5982573.00    
   13343.1074         5982573.00    
   13565.3662         5982573.00    
   13787.6240         5982573.00    
   14009.8818         5982573.00    
   14232.9873         5982573.00    
   14455.2461         5982573.00    
   14677.5029         5982573.00    
   14899.7617         5982573.00    
   15122.0205         5982573.00    
   15344.2783         5982573.00    
   15566.5352         5982573.00    
   15789.6406         5982573.00    
   16011.9004         5982573.00    
   16234.1562         5982573.00    
   16456.4141         5982573.00    
   16678.6719         5982573.00    
   16900.9316         5982573.00    
   17123.1895         5982573.00    
   17346.2949         5982573.00    
   17568.5527         5982573.00    
   17790.8105         5982573.00    
   18013.0684         5982573.00    
   18235.3262         5982573.00    
   18457.5859         5982573.00    
   18679.8438         5982573.00    
   18902.9492         5982573.00    
   19125.2070         5982573.00    
   19347.4648         5982573.00    
   19569.7227         5982573.00    
   19791.9805         5982573.00    
   20014.2402         5982573.00    
   20237.3438         5982573.00    
   20459.6016         5982573.00    
   20681.8594         5982573.00    
   20904.1172         5982573.00    
   21126.3750         5982573.00    
   21348.6328         5982573.00    
   21570.8906         5982573.00    
   21793.9980         5982573.00    
   22016.2559         5982573.00    
   22238.5156         5982573.00    
   22460.7715         5982573.00    
   22683.0312         5982573.00    
   22905.2871         5982573.00    
   23127.5469         5982573.00    
   23350.6523         5982573.00    
   23572.9102         5982573.00    
   23795.1680         5982573.00    
   24017.4238         5982573.00    
   24239.6816         5982573.00    
   24461.9414         5982573.00    
   24684.1973         5982573.00    
   24907.3027         5982573.00    
   25129.5625         5982573.00    
   25351.8203         5982573.00    
   25574.0801         5982573.00    
   25796.3359         5982573.00    
   26018.5957         5982573.00    
   26240.8516         5982573.00    
   26463.9590         5982573.00    
   26686.2148         5982573.00    
         426
   26686.2148         5982573.00    
   26686.2148         5982802.00    
   26686.2148         5983032.00    
   26686.2148         5983261.00    
   26686.2148         5983491.00    
   26686.2148         5983720.00    
   26686.2148         5983950.00    
   26686.2148         5984179.50    
   26686.2148         5984408.50    
   26686.2148         5984639.00    
   26686.2148         5984868.50    
   26686.2148         5985097.50    
   26686.2148         5985327.00    
   26686.2148         5985556.50    
   26686.2148         5985786.00    
   26686.2148         5986016.00    
   26686.2148         5986245.50    
   26686.2148         5986475.00    
   26686.2148         5986705.00    
   26686.2148         5986934.50    
   26686.2148         5987164.00    
   26686.2148         5987393.50    
   26686.2148         5987623.50    
   26686.2148         5987853.00    
   26686.2148         5988082.50    
   26686.2148         5988312.00    
   26686.2148         5988542.00    
   26686.2148         5988771.50    
   26686.2148         5989001.00    
   26686.2148         5989230.50    
   26686.2148         5989460.50    
   26686.2148         5989690.00    
   26686.2148         5989920.00    
   26686.2148         5990149.00    
   26686.2148         5990379.00    
   26686.2148         5990608.50    
   26686.2148         5990838.50    
   26686.2148         5991068.50    
   26686.2148         5991298.00    
   26686.2148         5991528.00    
   26686.2148         5991757.50    
   26686.2148         5991987.50    
   26686.2148         5992216.50    
   26686.2148         5992446.50    
   26686.2148         5992676.00    
   26686.2148         5992906.50    
   26686.2148         5993136.00    
   26686.2148         5993366.50    
   26686.2148         5993595.50    
   26686.2148         5993825.00    
   26686.2148         5994055.50    
   26686.2148         5994285.00    
   26686.2148         5994514.50    
   26686.2148         5994744.50    
   26686.2148         5994974.00    
   26686.2148         5995204.50    
   26686.2148         5995434.00    
   26686.2148         5995664.50    
   26686.2148         5995893.50    
   26686.2148         5996123.50    
   26686.2148         5996354.00    
   26686.2148         5996583.50    
   26686.2148         5996813.50    
   26686.2148         5997043.00    
   26686.2148         5997273.00    
   26686.2148         5997503.00    
   26686.2148         5997732.50    
   26686.2148         5997962.50    
   26686.2148         5998193.00    
   26686.2148         5998422.50    
   26686.2148         5998652.50    
   26686.2148         5998882.50    
   26686.2148         5999112.00    
   26686.2148         5999342.00    
   26686.2148         5999572.50    
   26686.2148         5999802.50    
   26686.2148         6000032.00    
   26686.2148         6000262.50    
   26686.2148         6000491.50    
   26686.2148         6000722.00    
   26686.2148         6000951.50    
   26686.2148         6001182.00    
   26686.2148         6001412.50    
   26686.2148         6001642.00    
   26686.2148         6001872.50    
   26686.2148         6002101.50    
   26686.2148         6002332.00    
   26686.2148         6002562.00    
   26686.2148         6002792.50    
   26686.2148         6003022.50    
   26686.2148         6003252.00    
   26686.2148         6003482.50    
   26686.2148         6003712.00    
   26686.2148         6003942.50    
   26686.2148         6004173.00    
   26686.2148         6004402.50    
   26686.2148         6004632.00    
   26686.2148         6004862.50    
   26686.2148         6005092.50    
   26686.2148         6005323.00    
   26686.2148         6005553.00    
   26686.2148         6005783.50    
   26686.2148         6006013.00    
   26686.2148         6006243.50    
   26686.2148         6006473.50    
   26686.2148         6006703.00    
   26686.2148         6006933.50    
   26686.2148         6007163.50    
   26686.2148         6007394.00    
   26686.2148         6007624.50    
   26686.2148         6007854.00    
   26686.2148         6008084.50    
   26686.2148         6008314.50    
   26686.2148         6008545.00    
   26686.2148         6008775.50    
   26686.2148         6009005.50    
   26686.2148         6009236.00    
   26686.2148         6009465.50    
   26686.2148         6009696.00    
   26686.2148         6009926.00    
   26686.2148         6010156.50    
   26686.2148         6010386.00    
   26686.2148         6010616.50    
   26686.2148         6010847.00    
   26686.2148         6011077.00    
   26686.2148         6011307.50    
   26686.2148         6011538.00    
   26686.2148         6011768.50    
   26686.2148         6011998.00    
   26686.2148         6012228.50    
   26686.2148         6012459.00    
   26686.2148         6012689.00    
   26686.2148         6012919.00    
   26686.2148         6013150.00    
   26686.2148         6013380.50    
   26686.2148         6013611.00    
   26686.2148         6013841.00    
   26686.2148         6014071.00    
   26686.2148         6014301.50    
   26686.2148         6014532.00    
   26686.2148         6014762.00    
   26686.2148         6014992.50    
   26686.2148         6015223.00    
   26686.2148         6015453.00    
   26686.2148         6015683.50    
   26686.2148         6015914.00    
   26686.2148         6016145.00    
   26686.2148         6016375.00    
   26686.2148         6016605.00    
   26686.2148         6016835.50    
   26686.2148         6017066.00    
   26686.2148         6017296.50    
   26686.2148         6017527.00    
   26686.2148         6017757.50    
   26686.2148         6017988.00    
   26686.2148         6018218.50    
   26686.2148         6018449.00    
   26686.2148         6018679.50    
   26686.2148         6018909.50    
   26686.2148         6019140.00    
   26686.2148         6019370.50    
   26686.2148         6019601.00    
   26686.2148         6019831.50    
   26686.2148         6020062.00    
   26686.2148         6020292.50    
   26686.2148         6020522.50    
   26686.2148         6020753.00    
   26686.2148         6020983.50    
   26686.2148         6021214.00    
   26686.2148         6021445.50    
   26686.2148         6021676.00    
   26686.2148         6021906.00    
   26686.2148         6022136.50    
   26686.2148         6022367.00    
   26686.2148         6022597.50    
   26686.2148         6022828.00    
   26686.2148         6023058.50    
   26686.2148         6023289.00    
   26686.2148         6023519.50    
   26686.2148         6023750.00    
   26686.2148         6023981.00    
   26686.2148         6024211.50    
   26686.2148         6024442.50    
   26686.2148         6024673.00    
   26686.2148         6024904.00    
   26686.2148         6025134.50    
   26686.2148         6025365.00    
   26686.2148         6025595.50    
   26686.2148         6025826.00    
   26686.2148         6026057.00    
   26686.2148         6026287.50    
   26686.2148         6026518.00    
   26686.2148         6026748.50    
   26686.2148         6026980.00    
   26686.2148         6027210.50    
   26686.2148         6027441.50    
   26686.2148         6027672.00    
   26686.2148         6027902.50    
   26686.2148         6028133.00    
   26686.2148         6028364.00    
   26686.2148         6028594.50    
   26686.2148         6028825.00    
   26686.2148         6029056.00    
   26686.2148         6029286.50    
   26686.2148         6029517.00    
   26686.2148         6029748.50    
   26686.2148         6029979.00    
   26686.2148         6030210.00    
   26686.2148         6030440.50    
   26686.2148         6030671.50    
   26686.2148         6030902.00    
   26686.2148         6031132.50    
   26686.2148         6031364.00    
   26686.2148         6031594.50    
   26686.2148         6031825.50    
   26686.2148         6032056.00    
   26686.2148         6032287.00    
   26686.2148         6032517.50    
   26686.2148         6032748.50    
   26686.2148         6032979.00    
   26686.2148         6033210.00    
   26686.2148         6033440.50    
   26686.2148         6033671.50    
   26686.2148         6033903.00    
   26686.2148         6034133.50    
   26686.2148         6034364.50    
   26686.2148         6034595.00    
   26686.2148         6034826.00    
   26686.2148         6035056.50    
   26686.2148         6035288.00    
   26686.2148         6035519.00    
   26686.2148         6035749.50    
   26686.2148         6035981.00    
   26686.2148         6036211.00    
   26686.2148         6036442.50    
   26686.2148         6036673.50    
   26686.2148         6036905.00    
   26686.2148         6037135.50    
   26686.2148         6037366.50    
   26686.2148         6037597.00    
   26686.2148         6037828.00    
   26686.2148         6038059.00    
   26686.2148         6038290.00    
   26686.2148         6038520.50    
   26686.2148         6038752.00    
   26686.2148         6038983.00    
   26686.2148         6039213.50    
   26686.2148         6039445.50    
   26686.2148         6039676.00    
   26686.2148         6039907.00    
   26686.2148         6040138.50    
   26686.2148         6040369.00    
   26686.2148         6040601.00    
   26686.2148         6040831.50    
   26686.2148         6041062.50    
   26686.2148         6041293.50    
   26686.2148         6041524.50    
   26686.2148         6041755.50    
   26686.2148         6041987.00    
   26686.2148         6042217.50    
   26686.2148         6042448.50    
   26686.2148         6042679.50    
   26686.2148         6042911.00    
   26686.2148         6043142.00    
   26686.2148         6043373.50    
   26686.2148         6043604.50    
   26686.2148         6043835.50    
   26686.2148         6044066.50    
   26686.2148         6044297.50    
   26686.2148         6044529.00    
   26686.2148         6044760.00    
   26686.2148         6044991.50    
   26686.2148         6045222.50    
   26686.2148         6045454.00    
   26686.2148         6045685.00    
   26686.2148         6045916.50    
   26686.2148         6046147.00    
   26686.2148         6046378.00    
   26686.2148         6046609.50    
   26686.2148         6046840.50    
   26686.2148         6047072.00    
   26686.2148         6047303.00    
   26686.2148         6047534.50    
   26686.2148         6047766.00    
   26686.2148         6047997.00    
   26686.2148         6048228.00    
   26686.2148         6048459.50    
   26686.2148         6048690.50    
   26686.2148         6048922.00    
   26686.2148         6049153.00    
   26686.2148         6049384.50    
   26686.2148         6049616.00    
   26686.2148         6049847.00    
   26686.2148         6050078.00    
   26686.2148         6050309.50    
   26686.2148         6050540.50    
   26686.2148         6050772.00    
   26686.2148         6051004.00    
   26686.2148         6051235.00    
   26686.2148         6051466.00    
   26686.2148         6051697.00    
   26686.2148         6051928.00    
   26686.2148         6052160.00    
   26686.2148         6052391.50    
   26686.2148         6052622.50    
   26686.2148         6052854.50    
   26686.2148         6053085.50    
   26686.2148         6053316.50    
   26686.2148         6053548.50    
   26686.2148         6053779.50    
   26686.2148         6054011.00    
   26686.2148         6054243.00    
   26686.2148         6054474.00    
   26686.2148         6054705.50    
   26686.2148         6054937.00    
   26686.2148         6055168.50    
   26686.2148         6055400.00    
   26686.2148         6055631.00    
   26686.2148         6055863.00    
   26686.2148         6056094.00    
   26686.2148         6056325.00    
   26686.2148         6056557.00    
   26686.2148         6056788.50    
   26686.2148         6057020.00    
   26686.2148         6057251.50    
   26686.2148         6057483.00    
   26686.2148         6057714.00    
   26686.2148         6057946.00    
   26686.2148         6058177.50    
   26686.2148         6058409.50    
   26686.2148         6058641.00    
   26686.2148         6058872.00    
   26686.2148         6059103.00    
   26686.2148         6059335.00    
   26686.2148         6059567.00    
   26686.2148         6059798.00    
   26686.2148         6060030.00    
   26686.2148         6060261.00    
   26686.2148         6060493.00    
   26686.2148         6060725.00    
   26686.2148         6060956.00    
   26686.2148         6061187.50    
   26686.2148         6061419.00    
   26686.2148         6061651.00    
   26686.2148         6061883.00    
   26686.2148         6062114.00    
   26686.2148         6062345.50    
   26686.2148         6062577.50    
   26686.2148         6062809.00    
   26686.2148         6063040.50    
   26686.2148         6063272.00    
   26686.2148         6063503.50    
   26686.2148         6063735.50    
   26686.2148         6063967.50    
   26686.2148         6064199.00    
   26686.2148         6064431.00    
   26686.2148         6064662.00    
   26686.2148         6064894.00    
   26686.2148         6065126.00    
   26686.2148         6065356.50    
   26686.2148         6065589.50    
   26686.2148         6065820.50    
   26686.2148         6066052.50    
   26686.2148         6066284.00    
   26686.2148         6066516.00    
   26686.2148         6066748.00    
   26686.2148         6066979.50    
   26686.2148         6067211.50    
   26686.2148         6067442.50    
   26686.2148         6067674.50    
   26686.2148         6067906.50    
   26686.2148         6068138.00    
   26686.2148         6068370.00    
   26686.2148         6068602.00    
   26686.2148         6068834.00    
   26686.2148         6069065.50    
   26686.2148         6069297.00    
   26686.2148         6069529.50    
   26686.2148         6069760.50    
   26686.2148         6069993.00    
   26686.2148         6070224.00    
   26686.2148         6070457.00    
   26686.2148         6070688.00    
   26686.2148         6070920.50    
   26686.2148         6071152.50    
   26686.2148         6071383.50    
   26686.2148         6071616.00    
   26686.2148         6071848.00    
   26686.2148         6072079.50    
   26686.2148         6072311.50    
   26686.2148         6072543.00    
   26686.2148         6072775.00    
   26686.2148         6073007.00    
   26686.2148         6073239.00    
   26686.2148         6073471.50    
   26686.2148         6073702.50    
   26686.2148         6073935.50    
   26686.2148         6074167.00    
   26686.2148         6074399.00    
   26686.2148         6074630.50    
   26686.2148         6074862.50    
   26686.2148         6075094.00    
   26686.2148         6075326.00    
   26686.2148         6075559.00    
   26686.2148         6075790.50    
   26686.2148         6076022.50    
   26686.2148         6076254.50    
   26686.2148         6076487.00    
   26686.2148         6076718.50    
   26686.2148         6076950.50    
   26686.2148         6077182.50    
   26686.2148         6077414.50    
   26686.2148         6077646.50    
   26686.2148         6077878.50    
   26686.2148         6078110.50    
   26686.2148         6078343.00    
   26686.2148         6078575.00    
   26686.2148         6078807.00    
   26686.2148         6079039.00    
   26686.2148         6079271.00    
   26686.2148         6079503.00    
   26686.2148         6079735.00    
   26686.2148         6079967.00    
   26686.2148         6080199.50    
   26686.2148         6080431.50    
   26686.2148         6080664.00    
         311
   26686.2148         6080664.00    
   26463.9590         6080664.00    
   26240.8516         6080664.00    
   26018.5957         6080664.00    
   25796.3359         6080664.00    
   25574.0801         6080664.00    
   25351.8203         6080664.00    
   25129.5625         6080664.00    
   24907.3027         6080664.00    
   24684.1973         6080664.00    
   24461.9414         6080664.00    
   24239.6816         6080664.00    
   24017.4238         6080664.00    
   23795.1680         6080664.00    
   23572.9102         6080664.00    
   23350.6523         6080664.00    
   23127.5469         6080664.00    
   22905.2871         6080664.00    
   22683.0312         6080664.00    
   22460.7715         6080664.00    
   22238.5156         6080664.00    
   22016.2559         6080664.00    
   21793.9980         6080664.00    
   21570.8906         6080664.00    
   21348.6328         6080664.00    
   21126.3750         6080664.00    
   20904.1172         6080664.00    
   20681.8594         6080664.00    
   20459.6016         6080664.00    
   20237.3438         6080664.00    
   20014.2402         6080664.00    
   19791.9805         6080664.00    
   19569.7227         6080664.00    
   19347.4648         6080664.00    
   19125.2070         6080664.00    
   18902.9492         6080664.00    
   18679.8438         6080664.00    
   18457.5859         6080664.00    
   18235.3262         6080664.00    
   18013.0684         6080664.00    
   17790.8105         6080664.00    
   17568.5527         6080664.00    
   17346.2949         6080664.00    
   17123.1895         6080664.00    
   16900.9316         6080664.00    
   16678.6719         6080664.00    
   16456.4141         6080664.00    
   16234.1562         6080664.00    
   16011.9004         6080664.00    
   15789.6406         6080664.00    
   15566.5352         6080664.00    
   15344.2783         6080664.00    
   15122.0205         6080664.00    
   14899.7617         6080664.00    
   14677.5029         6080664.00    
   14455.2461         6080664.00    
   14232.9873         6080664.00    
   14009.8818         6080664.00    
   13787.6240         6080664.00    
   13565.3662         6080664.00    
   13343.1074         6080664.00    
   13120.8496         6080664.00    
   12898.5928         6080664.00    
   12676.3350         6080664.00    
   12453.2285         6080664.00    
   12230.9707         6080664.00    
   12008.7119         6080664.00    
   11786.4551         6080664.00    
   11564.1963         6080664.00    
   11341.9395         6080664.00    
   11119.6816         6080664.00    
   10896.5752         6080664.00    
   10674.3164         6080664.00    
   10452.0586         6080664.00    
   10229.8008         6080664.00    
   10007.5420         6080664.00    
   9785.28516         6080664.00    
   9563.02734         6080664.00    
   9339.92188         6080664.00    
   9117.66309         6080664.00    
   8895.40527         6080664.00    
   8673.14746         6080664.00    
   8450.88965         6080664.00    
   8228.63184         6080664.00    
   8006.37402         6080664.00    
   7783.26758         6080664.00    
   7561.01025         6080664.00    
   7338.75146         6080664.00    
   7116.49365         6080664.00    
   6894.23633         6080664.00    
   6671.97803         6080664.00    
   6449.72119         6080664.00    
   6226.61426         6080664.00    
   6004.35596         6080664.00    
   5782.09814         6080664.00    
   5559.84082         6080664.00    
   5337.58301         6080664.00    
   5115.32471         6080664.00    
   4893.06689         6080664.00    
   4669.96094         6080664.00    
   4447.70264         6080664.00    
   4225.44482         6080664.00    
   4003.18701         6080664.00    
   3780.92871         6080664.00    
   3558.67114         6080664.00    
   3336.41333         6080664.00    
   3113.30713         6080664.00    
   2891.04907         6080664.00    
   2668.79150         6080664.00    
   2446.53345         6080664.00    
   2224.27539         6080664.00    
   2002.01758         6080664.00    
   1779.75977         6080664.00    
   1556.65356         6080664.00    
   1334.39575         6080664.00    
   1112.13770         6080664.00    
   889.879883         6080664.00    
   667.622009         6080664.00    
   445.364075         6080664.00    
   223.106232         6080664.00    
   0.00000000         6080664.00    
  -222.257889         6080664.00    
  -444.515778         6080664.00    
  -666.773621         6080664.00    
  -889.031555         6080664.00    
  -1111.28943         6080664.00    
  -1333.54724         6080664.00    
  -1556.65356         6080664.00    
  -1778.91150         6080664.00    
  -2001.16956         6080664.00    
  -2223.42725         6080664.00    
  -2445.68506         6080664.00    
  -2667.94312         6080664.00    
  -2890.20093         6080664.00    
  -3113.30713         6080664.00    
  -3335.56470         6080664.00    
  -3557.82300         6080664.00    
  -3780.08081         6080664.00    
  -4002.33911         6080664.00    
  -4224.59668         6080664.00    
  -4446.85449         6080664.00    
  -4669.96094         6080664.00    
  -4892.21875         6080664.00    
  -5114.47656         6080664.00    
  -5336.73389         6080664.00    
  -5558.99219         6080664.00    
  -5781.25049         6080664.00    
  -6003.50781         6080664.00    
  -6226.61426         6080664.00    
  -6448.87256         6080664.00    
  -6671.12939         6080664.00    
  -6893.38770         6080664.00    
  -7115.64600         6080664.00    
  -7337.90381         6080664.00    
  -7560.16162         6080664.00    
  -7783.26758         6080664.00    
  -8005.52539         6080664.00    
  -8227.78320         6080664.00    
  -8450.04199         6080664.00    
  -8672.29883         6080664.00    
  -8894.55762         6080664.00    
  -9117.66309         6080664.00    
  -9339.92188         6080664.00    
  -9562.17969         6080664.00    
  -9784.43750         6080664.00    
  -10006.6953         6080664.00    
  -10228.9531         6080664.00    
  -10451.2109         6080664.00    
  -10674.3164         6080664.00    
  -10896.5752         6080664.00    
  -11118.8320         6080664.00    
  -11341.0898         6080664.00    
  -11563.3486         6080664.00    
  -11785.6074         6080664.00    
  -12007.8652         6080664.00    
  -12230.9707         6080664.00    
  -12453.2285         6080664.00    
  -12675.4873         6080664.00    
  -12897.7451         6080664.00    
  -13120.0020         6080664.00    
  -13342.2588         6080664.00    
  -13564.5176         6080664.00    
  -13787.6240         6080664.00    
  -14009.8818         6080664.00    
  -14232.1406         6080664.00    
  -14454.3984         6080664.00    
  -14676.6553         6080664.00    
  -14898.9131         6080664.00    
  -15121.1729         6080664.00    
  -15344.2783         6080664.00    
  -15566.5352         6080664.00    
  -15788.7930         6080664.00    
  -16011.0508         6080664.00    
  -16233.3086         6080664.00    
  -16455.5664         6080664.00    
  -16677.8262         6080664.00    
  -16900.9316         6080664.00    
  -17123.1895         6080664.00    
  -17345.4473         6080664.00    
  -17567.7051         6080664.00    
  -17789.9629         6080664.00    
  -18012.2207         6080664.00    
  -18234.4766         6080664.00    
  -18457.5859         6080664.00    
  -18679.8438         6080664.00    
  -18902.1016         6080664.00    
  -19124.3594         6080664.00    
  -19346.6172         6080664.00    
  -19568.8750         6080664.00    
  -19791.1328         6080664.00    
  -20014.2402         6080664.00    
  -20236.4961         6080664.00    
  -20458.7539         6080664.00    
  -20681.0098         6080664.00    
  -20903.2695         6080664.00    
  -21125.5273         6080664.00    
  -21347.7852         6080664.00    
  -21570.8906         6080664.00    
  -21793.1504         6080664.00    
  -22015.4062         6080664.00    
  -22237.6641         6080664.00    
  -22459.9238         6080664.00    
  -22682.1797         6080664.00    
  -22904.4395         6080664.00    
  -23127.5469         6080664.00    
  -23349.8047         6080664.00    
  -23572.0605         6080664.00    
  -23794.3203         6080664.00    
  -24016.5801         6080664.00    
  -24238.8359         6080664.00    
  -24461.0918         6080664.00    
  -24684.1973         6080664.00    
  -24906.4570         6080664.00    
  -25128.7129         6080664.00    
  -25350.9746         6080664.00    
  -25573.2305         6080664.00    
  -25795.4902         6080664.00    
  -26017.7461         6080664.00    
  -26240.8516         6080664.00    
  -26463.1094         6080664.00    
  -26685.3672         6080664.00    
  -26907.6270         6080664.00    
  -27129.8848         6080664.00    
  -27352.1426         6080664.00    
  -27574.4004         6080664.00    
  -27797.5078         6080664.00    
  -28019.7637         6080664.00    
  -28242.0215         6080664.00    
  -28464.2812         6080664.00    
  -28686.5410         6080664.00    
  -28908.7969         6080664.00    
  -29131.0527         6080664.00    
  -29354.1562         6080664.00    
  -29576.4160         6080664.00    
  -29798.6719         6080664.00    
  -30020.9316         6080664.00    
  -30243.1914         6080664.00    
  -30465.4512         6080664.00    
  -30687.7070         6080664.00    
  -30910.8145         6080664.00    
  -31133.0703         6080664.00    
  -31355.3301         6080664.00    
  -31577.5859         6080664.00    
  -31799.8457         6080664.00    
  -32022.1016         6080664.00    
  -32244.3613         6080664.00    
  -32467.4668         6080664.00    
  -32689.7227         6080664.00    
  -32911.9844         6080664.00    
  -33134.2383         6080664.00    
  -33356.5000         6080664.00    
  -33578.7578         6080664.00    
  -33801.0156         6080664.00    
  -34024.1211         6080664.00    
  -34246.3789         6080664.00    
  -34468.6367         6080664.00    
  -34690.8945         6080664.00    
  -34913.1523         6080664.00    
  -35135.4102         6080664.00    
  -35357.6680         6080664.00    
  -35580.7734         6080664.00    
  -35803.0312         6080664.00    
  -36025.2891         6080664.00    
  -36247.5430         6080664.00    
  -36469.8047         6080664.00    
  -36692.0625         6080664.00    
  -36915.1719         6080664.00    
  -37137.4297         6080664.00    
  -37359.6875         6080664.00    
  -37581.9453         6080664.00    
  -37804.2031         6080664.00    
  -38026.4570         6080664.00    
  -38248.7188         6080664.00    
  -38471.8242         6080664.00    
  -38694.0781         6080664.00    
  -38916.3398         6080664.00    
  -39138.5938         6080664.00    
  -39360.8555         6080664.00    
  -39583.1094         6080664.00    
  -39805.3711         6080664.00    
  -40028.4805         6080664.00    
  -40250.7344         6080664.00    
  -40472.9922         6080664.00    
  -40695.2500         6080664.00    
  -40917.5078         6080664.00    
  -41139.7656         6080664.00    
  -41362.0195         6080664.00    
  -41585.1289         6080664.00    
  -41807.3906         6080664.00    
  -42029.6445         6080664.00    
  -42251.9062         6080664.00    
