         311
   26686.2148         6080664.00    
   26463.9590         6080664.00    
   26240.8516         6080664.00    
   26018.5957         6080664.00    
   25796.3359         6080664.00    
   25574.0801         6080664.00    
   25351.8203         6080664.00    
   25129.5625         6080664.00    
   24907.3027         6080664.00    
   24684.1973         6080664.00    
   24461.9414         6080664.00    
   24239.6816         6080664.00    
   24017.4238         6080664.00    
   23795.1680         6080664.00    
   23572.9102         6080664.00    
   23350.6523         6080664.00    
   23127.5469         6080664.00    
   22905.2871         6080664.00    
   22683.0312         6080664.00    
   22460.7715         6080664.00    
   22238.5156         6080664.00    
   22016.2559         6080664.00    
   21793.9980         6080664.00    
   21570.8906         6080664.00    
   21348.6328         6080664.00    
   21126.3750         6080664.00    
   20904.1172         6080664.00    
   20681.8594         6080664.00    
   20459.6016         6080664.00    
   20237.3438         6080664.00    
   20014.2402         6080664.00    
   19791.9805         6080664.00    
   19569.7227         6080664.00    
   19347.4648         6080664.00    
   19125.2070         6080664.00    
   18902.9492         6080664.00    
   18679.8438         6080664.00    
   18457.5859         6080664.00    
   18235.3262         6080664.00    
   18013.0684         6080664.00    
   17790.8105         6080664.00    
   17568.5527         6080664.00    
   17346.2949         6080664.00    
   17123.1895         6080664.00    
   16900.9316         6080664.00    
   16678.6719         6080664.00    
   16456.4141         6080664.00    
   16234.1562         6080664.00    
   16011.9004         6080664.00    
   15789.6406         6080664.00    
   15566.5352         6080664.00    
   15344.2783         6080664.00    
   15122.0205         6080664.00    
   14899.7617         6080664.00    
   14677.5029         6080664.00    
   14455.2461         6080664.00    
   14232.9873         6080664.00    
   14009.8818         6080664.00    
   13787.6240         6080664.00    
   13565.3662         6080664.00    
   13343.1074         6080664.00    
   13120.8496         6080664.00    
   12898.5928         6080664.00    
   12676.3350         6080664.00    
   12453.2285         6080664.00    
   12230.9707         6080664.00    
   12008.7119         6080664.00    
   11786.4551         6080664.00    
   11564.1963         6080664.00    
   11341.9395         6080664.00    
   11119.6816         6080664.00    
   10896.5752         6080664.00    
   10674.3164         6080664.00    
   10452.0586         6080664.00    
   10229.8008         6080664.00    
   10007.5420         6080664.00    
   9785.28516         6080664.00    
   9563.02734         6080664.00    
   9339.92188         6080664.00    
   9117.66309         6080664.00    
   8895.40527         6080664.00    
   8673.14746         6080664.00    
   8450.88965         6080664.00    
   8228.63184         6080664.00    
   8006.37402         6080664.00    
   7783.26758         6080664.00    
   7561.01025         6080664.00    
   7338.75146         6080664.00    
   7116.49365         6080664.00    
   6894.23633         6080664.00    
   6671.97803         6080664.00    
   6449.72119         6080664.00    
   6226.61426         6080664.00    
   6004.35596         6080664.00    
   5782.09814         6080664.00    
   5559.84082         6080664.00    
   5337.58301         6080664.00    
   5115.32471         6080664.00    
   4893.06689         6080664.00    
   4669.96094         6080664.00    
   4447.70264         6080664.00    
   4225.44482         6080664.00    
   4003.18701         6080664.00    
   3780.92871         6080664.00    
   3558.67114         6080664.00    
   3336.41333         6080664.00    
   3113.30713         6080664.00    
   2891.04907         6080664.00    
   2668.79150         6080664.00    
   2446.53345         6080664.00    
   2224.27539         6080664.00    
   2002.01758         6080664.00    
   1779.75977         6080664.00    
   1556.65356         6080664.00    
   1334.39575         6080664.00    
   1112.13770         6080664.00    
   889.879883         6080664.00    
   667.622009         6080664.00    
   445.364075         6080664.00    
   223.106232         6080664.00    
   0.00000000         6080664.00    
  -222.257889         6080664.00    
  -444.515778         6080664.00    
  -666.773621         6080664.00    
  -889.031555         6080664.00    
  -1111.28943         6080664.00    
  -1333.54724         6080664.00    
  -1556.65356         6080664.00    
  -1778.91150         6080664.00    
  -2001.16956         6080664.00    
  -2223.42725         6080664.00    
  -2445.68506         6080664.00    
  -2667.94312         6080664.00    
  -2890.20093         6080664.00    
  -3113.30713         6080664.00    
  -3335.56470         6080664.00    
  -3557.82300         6080664.00    
  -3780.08081         6080664.00    
  -4002.33911         6080664.00    
  -4224.59668         6080664.00    
  -4446.85449         6080664.00    
  -4669.96094         6080664.00    
  -4892.21875         6080664.00    
  -5114.47656         6080664.00    
  -5336.73389         6080664.00    
  -5558.99219         6080664.00    
  -5781.25049         6080664.00    
  -6003.50781         6080664.00    
  -6226.61426         6080664.00    
  -6448.87256         6080664.00    
  -6671.12939         6080664.00    
  -6893.38770         6080664.00    
  -7115.64600         6080664.00    
  -7337.90381         6080664.00    
  -7560.16162         6080664.00    
  -7783.26758         6080664.00    
  -8005.52539         6080664.00    
  -8227.78320         6080664.00    
  -8450.04199         6080664.00    
  -8672.29883         6080664.00    
  -8894.55762         6080664.00    
  -9117.66309         6080664.00    
  -9339.92188         6080664.00    
  -9562.17969         6080664.00    
  -9784.43750         6080664.00    
  -10006.6953         6080664.00    
  -10228.9531         6080664.00    
  -10451.2109         6080664.00    
  -10674.3164         6080664.00    
  -10896.5752         6080664.00    
  -11118.8320         6080664.00    
  -11341.0898         6080664.00    
  -11563.3486         6080664.00    
  -11785.6074         6080664.00    
  -12007.8652         6080664.00    
  -12230.9707         6080664.00    
  -12453.2285         6080664.00    
  -12675.4873         6080664.00    
  -12897.7451         6080664.00    
  -13120.0020         6080664.00    
  -13342.2588         6080664.00    
  -13564.5176         6080664.00    
  -13787.6240         6080664.00    
  -14009.8818         6080664.00    
  -14232.1406         6080664.00    
  -14454.3984         6080664.00    
  -14676.6553         6080664.00    
  -14898.9131         6080664.00    
  -15121.1729         6080664.00    
  -15344.2783         6080664.00    
  -15566.5352         6080664.00    
  -15788.7930         6080664.00    
  -16011.0508         6080664.00    
  -16233.3086         6080664.00    
  -16455.5664         6080664.00    
  -16677.8262         6080664.00    
  -16900.9316         6080664.00    
  -17123.1895         6080664.00    
  -17345.4473         6080664.00    
  -17567.7051         6080664.00    
  -17789.9629         6080664.00    
  -18012.2207         6080664.00    
  -18234.4766         6080664.00    
  -18457.5859         6080664.00    
  -18679.8438         6080664.00    
  -18902.1016         6080664.00    
  -19124.3594         6080664.00    
  -19346.6172         6080664.00    
  -19568.8750         6080664.00    
  -19791.1328         6080664.00    
  -20014.2402         6080664.00    
  -20236.4961         6080664.00    
  -20458.7539         6080664.00    
  -20681.0098         6080664.00    
  -20903.2695         6080664.00    
  -21125.5273         6080664.00    
  -21347.7852         6080664.00    
  -21570.8906         6080664.00    
  -21793.1504         6080664.00    
  -22015.4062         6080664.00    
  -22237.6641         6080664.00    
  -22459.9238         6080664.00    
  -22682.1797         6080664.00    
  -22904.4395         6080664.00    
  -23127.5469         6080664.00    
  -23349.8047         6080664.00    
  -23572.0605         6080664.00    
  -23794.3203         6080664.00    
  -24016.5801         6080664.00    
  -24238.8359         6080664.00    
  -24461.0918         6080664.00    
  -24684.1973         6080664.00    
  -24906.4570         6080664.00    
  -25128.7129         6080664.00    
  -25350.9746         6080664.00    
  -25573.2305         6080664.00    
  -25795.4902         6080664.00    
  -26017.7461         6080664.00    
  -26240.8516         6080664.00    
  -26463.1094         6080664.00    
  -26685.3672         6080664.00    
  -26907.6270         6080664.00    
  -27129.8848         6080664.00    
  -27352.1426         6080664.00    
  -27574.4004         6080664.00    
  -27797.5078         6080664.00    
  -28019.7637         6080664.00    
  -28242.0215         6080664.00    
  -28464.2812         6080664.00    
  -28686.5410         6080664.00    
  -28908.7969         6080664.00    
  -29131.0527         6080664.00    
  -29354.1562         6080664.00    
  -29576.4160         6080664.00    
  -29798.6719         6080664.00    
  -30020.9316         6080664.00    
  -30243.1914         6080664.00    
  -30465.4512         6080664.00    
  -30687.7070         6080664.00    
  -30910.8145         6080664.00    
  -31133.0703         6080664.00    
  -31355.3301         6080664.00    
  -31577.5859         6080664.00    
  -31799.8457         6080664.00    
  -32022.1016         6080664.00    
  -32244.3613         6080664.00    
  -32467.4668         6080664.00    
  -32689.7227         6080664.00    
  -32911.9844         6080664.00    
  -33134.2383         6080664.00    
  -33356.5000         6080664.00    
  -33578.7578         6080664.00    
  -33801.0156         6080664.00    
  -34024.1211         6080664.00    
  -34246.3789         6080664.00    
  -34468.6367         6080664.00    
  -34690.8945         6080664.00    
  -34913.1523         6080664.00    
  -35135.4102         6080664.00    
  -35357.6680         6080664.00    
  -35580.7734         6080664.00    
  -35803.0312         6080664.00    
  -36025.2891         6080664.00    
  -36247.5430         6080664.00    
  -36469.8047         6080664.00    
  -36692.0625         6080664.00    
  -36915.1719         6080664.00    
  -37137.4297         6080664.00    
  -37359.6875         6080664.00    
  -37581.9453         6080664.00    
  -37804.2031         6080664.00    
  -38026.4570         6080664.00    
  -38248.7188         6080664.00    
  -38471.8242         6080664.00    
  -38694.0781         6080664.00    
  -38916.3398         6080664.00    
  -39138.5938         6080664.00    
  -39360.8555         6080664.00    
  -39583.1094         6080664.00    
  -39805.3711         6080664.00    
  -40028.4805         6080664.00    
  -40250.7344         6080664.00    
  -40472.9922         6080664.00    
  -40695.2500         6080664.00    
  -40917.5078         6080664.00    
  -41139.7656         6080664.00    
  -41362.0195         6080664.00    
  -41585.1289         6080664.00    
  -41807.3906         6080664.00    
  -42029.6445         6080664.00    
  -42251.9062         6080664.00    
