         311
  -42251.9062         5982573.00    
  -42029.6445         5982573.00    
  -41807.3906         5982573.00    
  -41585.1289         5982573.00    
  -41362.0195         5982573.00    
  -41139.7656         5982573.00    
  -40917.5078         5982573.00    
  -40695.2500         5982573.00    
  -40472.9922         5982573.00    
  -40250.7344         5982573.00    
  -40028.4805         5982573.00    
  -39805.3711         5982573.00    
  -39583.1094         5982573.00    
  -39360.8555         5982573.00    
  -39138.5938         5982573.00    
  -38916.3398         5982573.00    
  -38694.0781         5982573.00    
  -38471.8242         5982573.00    
  -38248.7188         5982573.00    
  -38026.4570         5982573.00    
  -37804.2031         5982573.00    
  -37581.9453         5982573.00    
  -37359.6875         5982573.00    
  -37137.4297         5982573.00    
  -36915.1719         5982573.00    
  -36692.0625         5982573.00    
  -36469.8047         5982573.00    
  -36247.5430         5982573.00    
  -36025.2891         5982573.00    
  -35803.0312         5982573.00    
  -35580.7734         5982573.00    
  -35357.6680         5982573.00    
  -35135.4102         5982573.00    
  -34913.1523         5982573.00    
  -34690.8945         5982573.00    
  -34468.6367         5982573.00    
  -34246.3789         5982573.00    
  -34024.1211         5982573.00    
  -33801.0156         5982573.00    
  -33578.7578         5982573.00    
  -33356.5000         5982573.00    
  -33134.2383         5982573.00    
  -32911.9844         5982573.00    
  -32689.7227         5982573.00    
  -32467.4668         5982573.00    
  -32244.3613         5982573.00    
  -32022.1016         5982573.00    
  -31799.8457         5982573.00    
  -31577.5859         5982573.00    
  -31355.3301         5982573.00    
  -31133.0703         5982573.00    
  -30910.8145         5982573.00    
  -30687.7070         5982573.00    
  -30465.4512         5982573.00    
  -30243.1914         5982573.00    
  -30020.9316         5982573.00    
  -29798.6719         5982573.00    
  -29576.4160         5982573.00    
  -29354.1562         5982573.00    
  -29131.0527         5982573.00    
  -28908.7969         5982573.00    
  -28686.5410         5982573.00    
  -28464.2812         5982573.00    
  -28242.0215         5982573.00    
  -28019.7637         5982573.00    
  -27797.5078         5982573.00    
  -27574.4004         5982573.00    
  -27352.1426         5982573.00    
  -27129.8848         5982573.00    
  -26907.6270         5982573.00    
  -26685.3672         5982573.00    
  -26463.1094         5982573.00    
  -26240.8516         5982573.00    
  -26017.7461         5982573.00    
  -25795.4902         5982573.00    
  -25573.2305         5982573.00    
  -25350.9746         5982573.00    
  -25128.7129         5982573.00    
  -24906.4570         5982573.00    
  -24684.1973         5982573.00    
  -24461.0918         5982573.00    
  -24238.8359         5982573.00    
  -24016.5801         5982573.00    
  -23794.3203         5982573.00    
  -23572.0605         5982573.00    
  -23349.8047         5982573.00    
  -23127.5469         5982573.00    
  -22904.4395         5982573.00    
  -22682.1797         5982573.00    
  -22459.9238         5982573.00    
  -22237.6641         5982573.00    
  -22015.4062         5982573.00    
  -21793.1504         5982573.00    
  -21570.8906         5982573.00    
  -21347.7852         5982573.00    
  -21125.5273         5982573.00    
  -20903.2695         5982573.00    
  -20681.0098         5982573.00    
  -20458.7539         5982573.00    
  -20236.4961         5982573.00    
  -20014.2402         5982573.00    
  -19791.1328         5982573.00    
  -19568.8750         5982573.00    
  -19346.6172         5982573.00    
  -19124.3594         5982573.00    
  -18902.1016         5982573.00    
  -18679.8438         5982573.00    
  -18457.5859         5982573.00    
  -18234.4766         5982573.00    
  -18012.2207         5982573.00    
  -17789.9629         5982573.00    
  -17567.7051         5982573.00    
  -17345.4473         5982573.00    
  -17123.1895         5982573.00    
  -16900.9316         5982573.00    
  -16677.8262         5982573.00    
  -16455.5664         5982573.00    
  -16233.3086         5982573.00    
  -16011.0508         5982573.00    
  -15788.7930         5982573.00    
  -15566.5352         5982573.00    
  -15344.2783         5982573.00    
  -15121.1729         5982573.00    
  -14898.9131         5982573.00    
  -14676.6553         5982573.00    
  -14454.3984         5982573.00    
  -14232.1406         5982573.00    
  -14009.8818         5982573.00    
  -13787.6240         5982573.00    
  -13564.5176         5982573.00    
  -13342.2588         5982573.00    
  -13120.0020         5982573.00    
  -12897.7451         5982573.00    
  -12675.4873         5982573.00    
  -12453.2285         5982573.00    
  -12230.9707         5982573.00    
  -12007.8652         5982573.00    
  -11785.6074         5982573.00    
  -11563.3486         5982573.00    
  -11341.0898         5982573.00    
  -11118.8320         5982573.00    
  -10896.5752         5982573.00    
  -10674.3164         5982573.00    
  -10451.2109         5982573.00    
  -10228.9531         5982573.00    
  -10006.6953         5982573.00    
  -9784.43750         5982573.00    
  -9562.17969         5982573.00    
  -9339.92188         5982573.00    
  -9117.66309         5982573.00    
  -8894.55762         5982573.00    
  -8672.29883         5982573.00    
  -8450.04199         5982573.00    
  -8227.78320         5982573.00    
  -8005.52539         5982573.00    
  -7783.26758         5982573.00    
  -7560.16162         5982573.00    
  -7337.90381         5982573.00    
  -7115.64600         5982573.00    
  -6893.38770         5982573.00    
  -6671.12939         5982573.00    
  -6448.87256         5982573.00    
  -6226.61426         5982573.00    
  -6003.50781         5982573.00    
  -5781.25049         5982573.00    
  -5558.99219         5982573.00    
  -5336.73389         5982573.00    
  -5114.47656         5982573.00    
  -4892.21875         5982573.00    
  -4669.96094         5982573.00    
  -4446.85449         5982573.00    
  -4224.59668         5982573.00    
  -4002.33911         5982573.00    
  -3780.08081         5982573.00    
  -3557.82300         5982573.00    
  -3335.56470         5982573.00    
  -3113.30713         5982573.00    
  -2890.20093         5982573.00    
  -2667.94312         5982573.00    
  -2445.68506         5982573.00    
  -2223.42725         5982573.00    
  -2001.16956         5982573.00    
  -1778.91150         5982573.00    
  -1556.65356         5982573.00    
  -1333.54724         5982573.00    
  -1111.28943         5982573.00    
  -889.031555         5982573.00    
  -666.773621         5982573.00    
  -444.515778         5982573.00    
  -222.257889         5982573.00    
   0.00000000         5982573.00    
   223.106232         5982573.00    
   445.364075         5982573.00    
   667.622009         5982573.00    
   889.879883         5982573.00    
   1112.13770         5982573.00    
   1334.39575         5982573.00    
   1556.65356         5982573.00    
   1779.75977         5982573.00    
   2002.01758         5982573.00    
   2224.27539         5982573.00    
   2446.53345         5982573.00    
   2668.79150         5982573.00    
   2891.04907         5982573.00    
   3113.30713         5982573.00    
   3336.41333         5982573.00    
   3558.67114         5982573.00    
   3780.92871         5982573.00    
   4003.18701         5982573.00    
   4225.44482         5982573.00    
   4447.70264         5982573.00    
   4669.96094         5982573.00    
   4893.06689         5982573.00    
   5115.32471         5982573.00    
   5337.58301         5982573.00    
   5559.84082         5982573.00    
   5782.09814         5982573.00    
   6004.35596         5982573.00    
   6226.61426         5982573.00    
   6449.72119         5982573.00    
   6671.97803         5982573.00    
   6894.23633         5982573.00    
   7116.49365         5982573.00    
   7338.75146         5982573.00    
   7561.01025         5982573.00    
   7783.26758         5982573.00    
   8006.37402         5982573.00    
   8228.63184         5982573.00    
   8450.88965         5982573.00    
   8673.14746         5982573.00    
   8895.40527         5982573.00    
   9117.66309         5982573.00    
   9339.92188         5982573.00    
   9563.02734         5982573.00    
   9785.28516         5982573.00    
   10007.5420         5982573.00    
   10229.8008         5982573.00    
   10452.0586         5982573.00    
   10674.3164         5982573.00    
   10896.5752         5982573.00    
   11119.6816         5982573.00    
   11341.9395         5982573.00    
   11564.1963         5982573.00    
   11786.4551         5982573.00    
   12008.7119         5982573.00    
   12230.9707         5982573.00    
   12453.2285         5982573.00    
   12676.3350         5982573.00    
   12898.5928         5982573.00    
   13120.8496         5982573.00    
   13343.1074         5982573.00    
   13565.3662         5982573.00    
   13787.6240         5982573.00    
   14009.8818         5982573.00    
   14232.9873         5982573.00    
   14455.2461         5982573.00    
   14677.5029         5982573.00    
   14899.7617         5982573.00    
   15122.0205         5982573.00    
   15344.2783         5982573.00    
   15566.5352         5982573.00    
   15789.6406         5982573.00    
   16011.9004         5982573.00    
   16234.1562         5982573.00    
   16456.4141         5982573.00    
   16678.6719         5982573.00    
   16900.9316         5982573.00    
   17123.1895         5982573.00    
   17346.2949         5982573.00    
   17568.5527         5982573.00    
   17790.8105         5982573.00    
   18013.0684         5982573.00    
   18235.3262         5982573.00    
   18457.5859         5982573.00    
   18679.8438         5982573.00    
   18902.9492         5982573.00    
   19125.2070         5982573.00    
   19347.4648         5982573.00    
   19569.7227         5982573.00    
   19791.9805         5982573.00    
   20014.2402         5982573.00    
   20237.3438         5982573.00    
   20459.6016         5982573.00    
   20681.8594         5982573.00    
   20904.1172         5982573.00    
   21126.3750         5982573.00    
   21348.6328         5982573.00    
   21570.8906         5982573.00    
   21793.9980         5982573.00    
   22016.2559         5982573.00    
   22238.5156         5982573.00    
   22460.7715         5982573.00    
   22683.0312         5982573.00    
   22905.2871         5982573.00    
   23127.5469         5982573.00    
   23350.6523         5982573.00    
   23572.9102         5982573.00    
   23795.1680         5982573.00    
   24017.4238         5982573.00    
   24239.6816         5982573.00    
   24461.9414         5982573.00    
   24684.1973         5982573.00    
   24907.3027         5982573.00    
   25129.5625         5982573.00    
   25351.8203         5982573.00    
   25574.0801         5982573.00    
   25796.3359         5982573.00    
   26018.5957         5982573.00    
   26240.8516         5982573.00    
   26463.9590         5982573.00    
   26686.2148         5982573.00    
