         426
  -42251.9062         6080664.00    
  -42251.9062         6080431.50    
  -42251.9062         6080199.50    
  -42251.9062         6079967.00    
  -42251.9062         6079735.00    
  -42251.9062         6079503.00    
  -42251.9062         6079271.00    
  -42251.9062         6079039.00    
  -42251.9062         6078807.00    
  -42251.9062         6078575.00    
  -42251.9062         6078343.00    
  -42251.9062         6078110.50    
  -42251.9062         6077878.50    
  -42251.9062         6077646.50    
  -42251.9062         6077414.50    
  -42251.9062         6077182.50    
  -42251.9062         6076950.50    
  -42251.9062         6076718.50    
  -42251.9062         6076487.00    
  -42251.9062         6076254.50    
  -42251.9062         6076022.50    
  -42251.9062         6075790.50    
  -42251.9062         6075559.00    
  -42251.9062         6075326.00    
  -42251.9062         6075094.00    
  -42251.9062         6074862.50    
  -42251.9062         6074630.50    
  -42251.9062         6074399.00    
  -42251.9062         6074167.00    
  -42251.9062         6073935.50    
  -42251.9062         6073702.50    
  -42251.9062         6073471.50    
  -42251.9062         6073239.00    
  -42251.9062         6073007.00    
  -42251.9062         6072775.00    
  -42251.9062         6072543.00    
  -42251.9062         6072311.50    
  -42251.9062         6072079.50    
  -42251.9062         6071848.00    
  -42251.9062         6071616.00    
  -42251.9062         6071383.50    
  -42251.9062         6071152.50    
  -42251.9062         6070920.50    
  -42251.9062         6070688.00    
  -42251.9062         6070457.00    
  -42251.9062         6070224.00    
  -42251.9062         6069993.00    
  -42251.9062         6069760.50    
  -42251.9062         6069529.50    
  -42251.9062         6069297.00    
  -42251.9062         6069065.50    
  -42251.9062         6068834.00    
  -42251.9062         6068602.00    
  -42251.9062         6068370.00    
  -42251.9062         6068138.00    
  -42251.9062         6067906.50    
  -42251.9062         6067674.50    
  -42251.9062         6067442.50    
  -42251.9062         6067211.50    
  -42251.9062         6066979.50    
  -42251.9062         6066748.00    
  -42251.9062         6066516.00    
  -42251.9062         6066284.00    
  -42251.9062         6066052.50    
  -42251.9062         6065820.50    
  -42251.9062         6065589.50    
  -42251.9062         6065356.50    
  -42251.9062         6065126.00    
  -42251.9062         6064894.00    
  -42251.9062         6064662.00    
  -42251.9062         6064431.00    
  -42251.9062         6064199.00    
  -42251.9062         6063967.50    
  -42251.9062         6063735.50    
  -42251.9062         6063503.50    
  -42251.9062         6063272.00    
  -42251.9062         6063040.50    
  -42251.9062         6062809.00    
  -42251.9062         6062577.50    
  -42251.9062         6062345.50    
  -42251.9062         6062114.00    
  -42251.9062         6061883.00    
  -42251.9062         6061651.00    
  -42251.9062         6061419.00    
  -42251.9062         6061187.50    
  -42251.9062         6060956.00    
  -42251.9062         6060725.00    
  -42251.9062         6060493.00    
  -42251.9062         6060261.00    
  -42251.9062         6060030.00    
  -42251.9062         6059798.00    
  -42251.9062         6059567.00    
  -42251.9062         6059335.00    
  -42251.9062         6059103.00    
  -42251.9062         6058872.00    
  -42251.9062         6058641.00    
  -42251.9062         6058409.50    
  -42251.9062         6058177.50    
  -42251.9062         6057946.00    
  -42251.9062         6057714.00    
  -42251.9062         6057483.00    
  -42251.9062         6057251.50    
  -42251.9062         6057020.00    
  -42251.9062         6056788.50    
  -42251.9062         6056557.00    
  -42251.9062         6056325.00    
  -42251.9062         6056094.00    
  -42251.9062         6055863.00    
  -42251.9062         6055631.00    
  -42251.9062         6055400.00    
  -42251.9062         6055168.50    
  -42251.9062         6054937.00    
  -42251.9062         6054705.50    
  -42251.9062         6054474.00    
  -42251.9062         6054243.00    
  -42251.9062         6054011.00    
  -42251.9062         6053779.50    
  -42251.9062         6053548.50    
  -42251.9062         6053316.50    
  -42251.9062         6053085.50    
  -42251.9062         6052854.50    
  -42251.9062         6052622.50    
  -42251.9062         6052391.50    
  -42251.9062         6052160.00    
  -42251.9062         6051928.00    
  -42251.9062         6051697.00    
  -42251.9062         6051466.00    
  -42251.9062         6051235.00    
  -42251.9062         6051004.00    
  -42251.9062         6050772.00    
  -42251.9062         6050540.50    
  -42251.9062         6050309.50    
  -42251.9062         6050078.00    
  -42251.9062         6049847.00    
  -42251.9062         6049616.00    
  -42251.9062         6049384.50    
  -42251.9062         6049153.00    
  -42251.9062         6048922.00    
  -42251.9062         6048690.50    
  -42251.9062         6048459.50    
  -42251.9062         6048228.00    
  -42251.9062         6047997.00    
  -42251.9062         6047766.00    
  -42251.9062         6047534.50    
  -42251.9062         6047303.00    
  -42251.9062         6047072.00    
  -42251.9062         6046840.50    
  -42251.9062         6046609.50    
  -42251.9062         6046378.00    
  -42251.9062         6046147.00    
  -42251.9062         6045916.50    
  -42251.9062         6045685.00    
  -42251.9062         6045454.00    
  -42251.9062         6045222.50    
  -42251.9062         6044991.50    
  -42251.9062         6044760.00    
  -42251.9062         6044529.00    
  -42251.9062         6044297.50    
  -42251.9062         6044066.50    
  -42251.9062         6043835.50    
  -42251.9062         6043604.50    
  -42251.9062         6043373.50    
  -42251.9062         6043142.00    
  -42251.9062         6042911.00    
  -42251.9062         6042679.50    
  -42251.9062         6042448.50    
  -42251.9062         6042217.50    
  -42251.9062         6041987.00    
  -42251.9062         6041755.50    
  -42251.9062         6041524.50    
  -42251.9062         6041293.50    
  -42251.9062         6041062.50    
  -42251.9062         6040831.50    
  -42251.9062         6040601.00    
  -42251.9062         6040369.00    
  -42251.9062         6040138.50    
  -42251.9062         6039907.00    
  -42251.9062         6039676.00    
  -42251.9062         6039445.50    
  -42251.9062         6039213.50    
  -42251.9062         6038983.00    
  -42251.9062         6038752.00    
  -42251.9062         6038520.50    
  -42251.9062         6038290.00    
  -42251.9062         6038059.00    
  -42251.9062         6037828.00    
  -42251.9062         6037597.00    
  -42251.9062         6037366.50    
  -42251.9062         6037135.50    
  -42251.9062         6036905.00    
  -42251.9062         6036673.50    
  -42251.9062         6036442.50    
  -42251.9062         6036211.00    
  -42251.9062         6035981.00    
  -42251.9062         6035749.50    
  -42251.9062         6035519.00    
  -42251.9062         6035288.00    
  -42251.9062         6035056.50    
  -42251.9062         6034826.00    
  -42251.9062         6034595.00    
  -42251.9062         6034364.50    
  -42251.9062         6034133.50    
  -42251.9062         6033903.00    
  -42251.9062         6033671.50    
  -42251.9062         6033440.50    
  -42251.9062         6033210.00    
  -42251.9062         6032979.00    
  -42251.9062         6032748.50    
  -42251.9062         6032517.50    
  -42251.9062         6032287.00    
  -42251.9062         6032056.00    
  -42251.9062         6031825.50    
  -42251.9062         6031594.50    
  -42251.9062         6031364.00    
  -42251.9062         6031132.50    
  -42251.9062         6030902.00    
  -42251.9062         6030671.50    
  -42251.9062         6030440.50    
  -42251.9062         6030210.00    
  -42251.9062         6029979.00    
  -42251.9062         6029748.50    
  -42251.9062         6029517.00    
  -42251.9062         6029286.50    
  -42251.9062         6029056.00    
  -42251.9062         6028825.00    
  -42251.9062         6028594.50    
  -42251.9062         6028364.00    
  -42251.9062         6028133.00    
  -42251.9062         6027902.50    
  -42251.9062         6027672.00    
  -42251.9062         6027441.50    
  -42251.9062         6027210.50    
  -42251.9062         6026980.00    
  -42251.9062         6026748.50    
  -42251.9062         6026518.00    
  -42251.9062         6026287.50    
  -42251.9062         6026057.00    
  -42251.9062         6025826.00    
  -42251.9062         6025595.50    
  -42251.9062         6025365.00    
  -42251.9062         6025134.50    
  -42251.9062         6024904.00    
  -42251.9062         6024673.00    
  -42251.9062         6024442.50    
  -42251.9062         6024211.50    
  -42251.9062         6023981.00    
  -42251.9062         6023750.00    
  -42251.9062         6023519.50    
  -42251.9062         6023289.00    
  -42251.9062         6023058.50    
  -42251.9062         6022828.00    
  -42251.9062         6022597.50    
  -42251.9062         6022367.00    
  -42251.9062         6022136.50    
  -42251.9062         6021906.00    
  -42251.9062         6021676.00    
  -42251.9062         6021445.50    
  -42251.9062         6021214.00    
  -42251.9062         6020983.50    
  -42251.9062         6020753.00    
  -42251.9062         6020522.50    
  -42251.9062         6020292.50    
  -42251.9062         6020062.00    
  -42251.9062         6019831.50    
  -42251.9062         6019601.00    
  -42251.9062         6019370.50    
  -42251.9062         6019140.00    
  -42251.9062         6018909.50    
  -42251.9062         6018679.50    
  -42251.9062         6018449.00    
  -42251.9062         6018218.50    
  -42251.9062         6017988.00    
  -42251.9062         6017757.50    
  -42251.9062         6017527.00    
  -42251.9062         6017296.50    
  -42251.9062         6017066.00    
  -42251.9062         6016835.50    
  -42251.9062         6016605.00    
  -42251.9062         6016375.00    
  -42251.9062         6016145.00    
  -42251.9062         6015914.00    
  -42251.9062         6015683.50    
  -42251.9062         6015453.00    
  -42251.9062         6015223.00    
  -42251.9062         6014992.50    
  -42251.9062         6014762.00    
  -42251.9062         6014532.00    
  -42251.9062         6014301.50    
  -42251.9062         6014071.00    
  -42251.9062         6013841.00    
  -42251.9062         6013611.00    
  -42251.9062         6013380.50    
  -42251.9062         6013150.00    
  -42251.9062         6012919.00    
  -42251.9062         6012689.00    
  -42251.9062         6012459.00    
  -42251.9062         6012228.50    
  -42251.9062         6011998.00    
  -42251.9062         6011768.50    
  -42251.9062         6011538.00    
  -42251.9062         6011307.50    
  -42251.9062         6011077.00    
  -42251.9062         6010847.00    
  -42251.9062         6010616.50    
  -42251.9062         6010386.00    
  -42251.9062         6010156.50    
  -42251.9062         6009926.00    
  -42251.9062         6009696.00    
  -42251.9062         6009465.50    
  -42251.9062         6009236.00    
  -42251.9062         6009005.50    
  -42251.9062         6008775.50    
  -42251.9062         6008545.00    
  -42251.9062         6008314.50    
  -42251.9062         6008084.50    
  -42251.9062         6007854.00    
  -42251.9062         6007624.50    
  -42251.9062         6007394.00    
  -42251.9062         6007163.50    
  -42251.9062         6006933.50    
  -42251.9062         6006703.00    
  -42251.9062         6006473.50    
  -42251.9062         6006243.50    
  -42251.9062         6006013.00    
  -42251.9062         6005783.50    
  -42251.9062         6005553.00    
  -42251.9062         6005323.00    
  -42251.9062         6005092.50    
  -42251.9062         6004862.50    
  -42251.9062         6004632.00    
  -42251.9062         6004402.50    
  -42251.9062         6004173.00    
  -42251.9062         6003942.50    
  -42251.9062         6003712.00    
  -42251.9062         6003482.50    
  -42251.9062         6003252.00    
  -42251.9062         6003022.50    
  -42251.9062         6002792.50    
  -42251.9062         6002562.00    
  -42251.9062         6002332.00    
  -42251.9062         6002101.50    
  -42251.9062         6001872.50    
  -42251.9062         6001642.00    
  -42251.9062         6001412.50    
  -42251.9062         6001182.00    
  -42251.9062         6000951.50    
  -42251.9062         6000722.00    
  -42251.9062         6000491.50    
  -42251.9062         6000262.50    
  -42251.9062         6000032.00    
  -42251.9062         5999802.50    
  -42251.9062         5999572.50    
  -42251.9062         5999342.00    
  -42251.9062         5999112.00    
  -42251.9062         5998882.50    
  -42251.9062         5998652.50    
  -42251.9062         5998422.50    
  -42251.9062         5998193.00    
  -42251.9062         5997962.50    
  -42251.9062         5997732.50    
  -42251.9062         5997503.00    
  -42251.9062         5997273.00    
  -42251.9062         5997043.00    
  -42251.9062         5996813.50    
  -42251.9062         5996583.50    
  -42251.9062         5996354.00    
  -42251.9062         5996123.50    
  -42251.9062         5995893.50    
  -42251.9062         5995664.50    
  -42251.9062         5995434.00    
  -42251.9062         5995204.50    
  -42251.9062         5994974.00    
  -42251.9062         5994744.50    
  -42251.9062         5994514.50    
  -42251.9062         5994285.00    
  -42251.9062         5994055.50    
  -42251.9062         5993825.00    
  -42251.9062         5993595.50    
  -42251.9062         5993366.50    
  -42251.9062         5993136.00    
  -42251.9062         5992906.50    
  -42251.9062         5992676.00    
  -42251.9062         5992446.50    
  -42251.9062         5992216.50    
  -42251.9062         5991987.50    
  -42251.9062         5991757.50    
  -42251.9062         5991528.00    
  -42251.9062         5991298.00    
  -42251.9062         5991068.50    
  -42251.9062         5990838.50    
  -42251.9062         5990608.50    
  -42251.9062         5990379.00    
  -42251.9062         5990149.00    
  -42251.9062         5989920.00    
  -42251.9062         5989690.00    
  -42251.9062         5989460.50    
  -42251.9062         5989230.50    
  -42251.9062         5989001.00    
  -42251.9062         5988771.50    
  -42251.9062         5988542.00    
  -42251.9062         5988312.00    
  -42251.9062         5988082.50    
  -42251.9062         5987853.00    
  -42251.9062         5987623.50    
  -42251.9062         5987393.50    
  -42251.9062         5987164.00    
  -42251.9062         5986934.50    
  -42251.9062         5986705.00    
  -42251.9062         5986475.00    
  -42251.9062         5986245.50    
  -42251.9062         5986016.00    
  -42251.9062         5985786.00    
  -42251.9062         5985556.50    
  -42251.9062         5985327.00    
  -42251.9062         5985097.50    
  -42251.9062         5984868.50    
  -42251.9062         5984639.00    
  -42251.9062         5984408.50    
  -42251.9062         5984179.50    
  -42251.9062         5983950.00    
  -42251.9062         5983720.00    
  -42251.9062         5983491.00    
  -42251.9062         5983261.00    
  -42251.9062         5983032.00    
  -42251.9062         5982802.00    
  -42251.9062         5982573.00    
