   1.0235176e+01   1.3131255e+02
   1.0212376e+01   1.3131220e+02
   1.0190614e+01   1.3131186e+02
   1.0169890e+01   1.3131154e+02
   1.0150203e+01   1.3131124e+02
   1.0131555e+01   1.3131095e+02
   1.0113944e+01   1.3131068e+02
   1.0097371e+01   1.3131043e+02
   1.0081835e+01   1.3131019e+02
   1.0067338e+01   1.3130997e+02
   1.0053878e+01   1.3130977e+02
   1.0041456e+01   1.3130958e+02
   1.0030072e+01   1.3130940e+02
   1.0019725e+01   1.3130925e+02
   1.0010416e+01   1.3130911e+02
   1.0002146e+01   1.3130898e+02
   9.9949125e+00   1.3130887e+02
   9.9876794e+00   1.3130876e+02
   9.9804463e+00   1.3130865e+02
   9.9732132e+00   1.3130855e+02
   9.9659801e+00   1.3130844e+02
   9.9587471e+00   1.3130833e+02
   9.9515140e+00   1.3130822e+02
   9.9442809e+00   1.3130811e+02
   9.9370478e+00   1.3130800e+02
   9.9298147e+00   1.3130789e+02
   9.9225816e+00   1.3130779e+02
   9.9153485e+00   1.3130768e+02
   9.9081154e+00   1.3130757e+02
   9.9008824e+00   1.3130746e+02
   9.8936493e+00   1.3130735e+02
   9.8864162e+00   1.3130724e+02
   9.8791831e+00   1.3130713e+02
   9.8719500e+00   1.3130702e+02
   9.8647169e+00   1.3130691e+02
   9.8574838e+00   1.3130680e+02
   9.8502507e+00   1.3130669e+02
   9.8430177e+00   1.3130658e+02
   9.8357846e+00   1.3130647e+02
   9.8285515e+00   1.3130636e+02
   9.8213184e+00   1.3130625e+02
   9.8140853e+00   1.3130615e+02
   9.8068522e+00   1.3130604e+02
   9.7996191e+00   1.3130593e+02
   9.7923861e+00   1.3130582e+02
   9.7851530e+00   1.3130571e+02
   9.7779199e+00   1.3130560e+02
   9.7706868e+00   1.3130549e+02
   9.7634537e+00   1.3130538e+02
   9.7562206e+00   1.3130527e+02
   9.7489875e+00   1.3130516e+02
   9.7417544e+00   1.3130505e+02
   9.7345214e+00   1.3130495e+02
   9.7272883e+00   1.3130484e+02
   9.7200552e+00   1.3130473e+02
   9.7128221e+00   1.3130462e+02
   9.7055890e+00   1.3130451e+02
   9.6983559e+00   1.3130440e+02
   9.6911228e+00   1.3130429e+02
   9.6838897e+00   1.3130419e+02
   9.6766567e+00   1.3130408e+02
   9.6694236e+00   1.3130397e+02
   9.6621905e+00   1.3130386e+02
   9.6549574e+00   1.3130376e+02
   9.6477243e+00   1.3130365e+02
   9.6404912e+00   1.3130354e+02
   9.6332581e+00   1.3130343e+02
   9.6260250e+00   1.3130333e+02
   9.6187920e+00   1.3130322e+02
   9.6115589e+00   1.3130311e+02
   9.6043258e+00   1.3130300e+02
   9.5970927e+00   1.3130290e+02
   9.5898596e+00   1.3130279e+02
   9.5826265e+00   1.3130268e+02
   9.5753934e+00   1.3130258e+02
   9.5681604e+00   1.3130247e+02
   9.5609273e+00   1.3130236e+02
   9.5536942e+00   1.3130226e+02
   9.5464611e+00   1.3130215e+02
   9.5392280e+00   1.3130204e+02
   9.5319949e+00   1.3130194e+02
   9.5247618e+00   1.3130183e+02
   9.5175287e+00   1.3130172e+02
   9.5102957e+00   1.3130162e+02
   9.5030626e+00   1.3130151e+02
   9.4958295e+00   1.3130141e+02
   9.4885964e+00   1.3130130e+02
   9.4813633e+00   1.3130119e+02
   9.4741302e+00   1.3130109e+02
   9.4668971e+00   1.3130098e+02
   9.4596640e+00   1.3130088e+02
   9.4524310e+00   1.3130077e+02
   9.4451979e+00   1.3130067e+02
   9.4379648e+00   1.3130056e+02
   9.4307317e+00   1.3130046e+02
   9.4234986e+00   1.3130035e+02
   9.4162655e+00   1.3130025e+02
   9.4090324e+00   1.3130014e+02
   9.4017993e+00   1.3130004e+02
   9.3945663e+00   1.3129993e+02
   9.3873332e+00   1.3129983e+02
   9.3801001e+00   1.3129972e+02
   9.3728670e+00   1.3129962e+02
   9.3656339e+00   1.3129951e+02
   9.3584008e+00   1.3129941e+02
   9.3511677e+00   1.3129931e+02
   9.3439347e+00   1.3129920e+02
   9.3367016e+00   1.3129910e+02
   9.3294685e+00   1.3129899e+02
   9.3222354e+00   1.3129889e+02
   9.3150023e+00   1.3129879e+02
   9.3077692e+00   1.3129868e+02
   9.3005361e+00   1.3129858e+02
   9.2933030e+00   1.3129848e+02
   9.2860700e+00   1.3129837e+02
   9.2788369e+00   1.3129827e+02
   9.2716038e+00   1.3129817e+02
   9.2643707e+00   1.3129806e+02
   9.2571376e+00   1.3129796e+02
   9.2499045e+00   1.3129786e+02
   9.2426714e+00   1.3129775e+02
   9.2354383e+00   1.3129765e+02
   9.2282053e+00   1.3129755e+02
   9.2209722e+00   1.3129744e+02
   9.2137391e+00   1.3129734e+02
   9.2065060e+00   1.3129724e+02
   9.1992729e+00   1.3129714e+02
   9.1920398e+00   1.3129704e+02
   9.1848067e+00   1.3129693e+02
   9.1775736e+00   1.3129683e+02
   9.1703406e+00   1.3129673e+02
   9.1631075e+00   1.3129663e+02
   9.1558744e+00   1.3129652e+02
   9.1486413e+00   1.3129642e+02
   9.1414082e+00   1.3129632e+02
   9.1341751e+00   1.3129622e+02
   9.1269420e+00   1.3129612e+02
   9.1197090e+00   1.3129602e+02
   9.1124759e+00   1.3129591e+02
   9.1052428e+00   1.3129581e+02
   9.0980097e+00   1.3129571e+02
   9.0907766e+00   1.3129561e+02
   9.0835435e+00   1.3129551e+02
   9.0763104e+00   1.3129541e+02
   9.0690773e+00   1.3129531e+02
   9.0618443e+00   1.3129521e+02
   9.0546112e+00   1.3129511e+02
   9.0473781e+00   1.3129501e+02
   9.0401450e+00   1.3129491e+02
   9.0329119e+00   1.3129480e+02
   9.0256788e+00   1.3129470e+02
   9.0184457e+00   1.3129460e+02
   9.0112126e+00   1.3129450e+02
   9.0039796e+00   1.3129440e+02
   8.9967465e+00   1.3129430e+02
   8.9895134e+00   1.3129420e+02
   8.9822803e+00   1.3129410e+02
   8.9750472e+00   1.3129400e+02
   8.9678141e+00   1.3129390e+02
   8.9605810e+00   1.3129380e+02
   8.9533479e+00   1.3129370e+02
   8.9461149e+00   1.3129361e+02
   8.9388818e+00   1.3129351e+02
   8.9316487e+00   1.3129341e+02
   8.9244156e+00   1.3129331e+02
   8.9171825e+00   1.3129321e+02
   8.9099494e+00   1.3129311e+02
   8.9027163e+00   1.3129301e+02
   8.8954833e+00   1.3129291e+02
   8.8882502e+00   1.3129281e+02
   8.8810171e+00   1.3129271e+02
   8.8737840e+00   1.3129261e+02
   8.8665509e+00   1.3129252e+02
   8.8593178e+00   1.3129242e+02
   8.8520847e+00   1.3129232e+02
   8.8448516e+00   1.3129222e+02
   8.8376186e+00   1.3129212e+02
   8.8303855e+00   1.3129202e+02
   8.8231524e+00   1.3129193e+02
   8.8159193e+00   1.3129183e+02
   8.8086862e+00   1.3129173e+02
   8.8014531e+00   1.3129163e+02
   8.7942200e+00   1.3129154e+02
   8.7869869e+00   1.3129144e+02
   8.7797539e+00   1.3129134e+02
   8.7725208e+00   1.3129124e+02
   8.7652877e+00   1.3129115e+02
   8.7580546e+00   1.3129105e+02
   8.7508215e+00   1.3129095e+02
   8.7435884e+00   1.3129085e+02
   8.7363553e+00   1.3129076e+02
   8.7291222e+00   1.3129066e+02
   8.7218892e+00   1.3129056e+02
   8.7146561e+00   1.3129047e+02
   8.7074230e+00   1.3129037e+02
   8.7001899e+00   1.3129027e+02
   8.6929568e+00   1.3129018e+02
   8.6857237e+00   1.3129008e+02
   8.6784906e+00   1.3128998e+02
   8.6712575e+00   1.3128989e+02
   8.6640245e+00   1.3128979e+02
   8.6567914e+00   1.3128969e+02
   8.6495583e+00   1.3128960e+02
   8.6423252e+00   1.3128950e+02
   8.6350921e+00   1.3128941e+02
   8.6278590e+00   1.3128931e+02
   8.6206259e+00   1.3128921e+02
   8.6133929e+00   1.3128912e+02
   8.6061598e+00   1.3128902e+02
   8.5989267e+00   1.3128893e+02
   8.5916936e+00   1.3128883e+02
   8.5844605e+00   1.3128874e+02
   8.5772274e+00   1.3128864e+02
   8.5699943e+00   1.3128855e+02
   8.5627612e+00   1.3128845e+02
   8.5555282e+00   1.3128836e+02
   8.5482951e+00   1.3128826e+02
   8.5410620e+00   1.3128817e+02
   8.5338289e+00   1.3128807e+02
   8.5265958e+00   1.3128798e+02
   8.5193627e+00   1.3128788e+02
   8.5121296e+00   1.3128779e+02
   8.5048965e+00   1.3128769e+02
   8.4976635e+00   1.3128760e+02
   8.4904304e+00   1.3128751e+02
   8.4831973e+00   1.3128741e+02
   8.4759642e+00   1.3128732e+02
   8.4687311e+00   1.3128722e+02
   8.4614980e+00   1.3128713e+02
   8.4542649e+00   1.3128704e+02
   8.4470318e+00   1.3128694e+02
   8.4397988e+00   1.3128685e+02
   8.4325657e+00   1.3128675e+02
   8.4253326e+00   1.3128666e+02
   8.4180995e+00   1.3128657e+02
   8.4108664e+00   1.3128647e+02
   8.4036333e+00   1.3128638e+02
   8.3964002e+00   1.3128629e+02
   8.3891672e+00   1.3128620e+02
   8.3819341e+00   1.3128610e+02
   8.3747010e+00   1.3128601e+02
   8.3674679e+00   1.3128592e+02
   8.3602348e+00   1.3128582e+02
   8.3530017e+00   1.3128573e+02
   8.3457686e+00   1.3128564e+02
   8.3385355e+00   1.3128555e+02
   8.3313025e+00   1.3128545e+02
   8.3240694e+00   1.3128536e+02
   8.3168363e+00   1.3128527e+02
   8.3096032e+00   1.3128518e+02
   8.3023701e+00   1.3128508e+02
   8.2951370e+00   1.3128499e+02
   8.2879039e+00   1.3128490e+02
   8.2806708e+00   1.3128481e+02
   8.2734378e+00   1.3128472e+02
   8.2662047e+00   1.3128463e+02
   8.2589716e+00   1.3128453e+02
   8.2517385e+00   1.3128444e+02
   8.2445054e+00   1.3128435e+02
   8.2372723e+00   1.3128426e+02
   8.2300392e+00   1.3128417e+02
   8.2228061e+00   1.3128408e+02
   8.2155731e+00   1.3128399e+02
   8.2083400e+00   1.3128390e+02
   8.2011069e+00   1.3128380e+02
   8.1938738e+00   1.3128371e+02
   8.1866407e+00   1.3128362e+02
   8.1794076e+00   1.3128353e+02
   8.1721745e+00   1.3128344e+02
   8.1649415e+00   1.3128335e+02
   8.1577084e+00   1.3128326e+02
   8.1504753e+00   1.3128317e+02
   8.1432422e+00   1.3128308e+02
   8.1360091e+00   1.3128299e+02
   8.1287760e+00   1.3128290e+02
   8.1215429e+00   1.3128281e+02
   8.1143098e+00   1.3128272e+02
   8.1070768e+00   1.3128263e+02
   8.0998437e+00   1.3128254e+02
   8.0926106e+00   1.3128245e+02
   8.0853775e+00   1.3128236e+02
   8.0781444e+00   1.3128227e+02
   8.0709113e+00   1.3128218e+02
   8.0636782e+00   1.3128209e+02
   8.0564451e+00   1.3128200e+02
   8.0492121e+00   1.3128192e+02
   8.0419790e+00   1.3128183e+02
   8.0347459e+00   1.3128174e+02
   8.0275128e+00   1.3128165e+02
   8.0202797e+00   1.3128156e+02
   8.0130466e+00   1.3128147e+02
   8.0058135e+00   1.3128138e+02
   7.9985804e+00   1.3128129e+02
   7.9913474e+00   1.3128120e+02
   7.9841143e+00   1.3128112e+02
   7.9768812e+00   1.3128103e+02
   7.9696481e+00   1.3128094e+02
   7.9624150e+00   1.3128085e+02
   7.9551819e+00   1.3128076e+02
   7.9479488e+00   1.3128068e+02
   7.9407158e+00   1.3128059e+02
   7.9334827e+00   1.3128050e+02
   7.9262496e+00   1.3128041e+02
   7.9190165e+00   1.3128032e+02
   7.9117834e+00   1.3128024e+02
   7.9045503e+00   1.3128015e+02
   7.8973172e+00   1.3128006e+02
   7.8900841e+00   1.3127997e+02
   7.8828511e+00   1.3127989e+02
   7.8756180e+00   1.3127980e+02
   7.8683849e+00   1.3127971e+02
   7.8611518e+00   1.3127963e+02
   7.8539187e+00   1.3127954e+02
   7.8466856e+00   1.3127945e+02
   7.8394525e+00   1.3127937e+02
   7.8322194e+00   1.3127928e+02
   7.8249864e+00   1.3127919e+02
   7.8177533e+00   1.3127911e+02
   7.8105202e+00   1.3127902e+02
   7.8032871e+00   1.3127893e+02
   7.7960540e+00   1.3127885e+02
   7.7888209e+00   1.3127876e+02
   7.7815878e+00   1.3127867e+02
   7.7743547e+00   1.3127859e+02
   7.7671217e+00   1.3127850e+02
   7.7598886e+00   1.3127842e+02
   7.7526555e+00   1.3127833e+02
   7.7454224e+00   1.3127825e+02
   7.7381893e+00   1.3127816e+02
   7.7309562e+00   1.3127807e+02
   7.7237231e+00   1.3127799e+02
   7.7164900e+00   1.3127790e+02
   7.7092570e+00   1.3127782e+02
   7.7020239e+00   1.3127773e+02
   7.6947908e+00   1.3127765e+02
   7.6875577e+00   1.3127756e+02
   7.6803246e+00   1.3127748e+02
   7.6730915e+00   1.3127739e+02
   7.6658584e+00   1.3127731e+02
   7.6586254e+00   1.3127722e+02
   7.6513923e+00   1.3127714e+02
   7.6441592e+00   1.3127705e+02
   7.6369261e+00   1.3127697e+02
   7.6296930e+00   1.3127689e+02
   7.6224599e+00   1.3127680e+02
   7.6152268e+00   1.3127672e+02
   7.6079937e+00   1.3127663e+02
   7.6007607e+00   1.3127655e+02
   7.5935276e+00   1.3127646e+02
   7.5862945e+00   1.3127638e+02
   7.5790614e+00   1.3127630e+02
   7.5718283e+00   1.3127621e+02
   7.5645952e+00   1.3127613e+02
   7.5573621e+00   1.3127605e+02
   7.5501290e+00   1.3127596e+02
   7.5428960e+00   1.3127588e+02
   7.5356629e+00   1.3127580e+02
   7.5284298e+00   1.3127571e+02
   7.5211967e+00   1.3127563e+02
   7.5139636e+00   1.3127555e+02
   7.5067305e+00   1.3127546e+02
   7.4994974e+00   1.3127538e+02
   7.4922643e+00   1.3127530e+02
   7.4850313e+00   1.3127522e+02
   7.4777982e+00   1.3127513e+02
   7.4705651e+00   1.3127505e+02
   7.4633320e+00   1.3127497e+02
   7.4560989e+00   1.3127489e+02
   7.4488658e+00   1.3127480e+02
   7.4416327e+00   1.3127472e+02
   7.4343997e+00   1.3127464e+02
   7.4271666e+00   1.3127456e+02
   7.4199335e+00   1.3127447e+02
   7.4127004e+00   1.3127439e+02
   7.4054673e+00   1.3127431e+02
   7.3982342e+00   1.3127423e+02
   7.3910011e+00   1.3127415e+02
   7.3837680e+00   1.3127407e+02
   7.3765350e+00   1.3127398e+02
   7.3693019e+00   1.3127390e+02
   7.3620688e+00   1.3127382e+02
   7.3548357e+00   1.3127374e+02
   7.3476026e+00   1.3127366e+02
   7.3403695e+00   1.3127358e+02
   7.3331364e+00   1.3127350e+02
   7.3259033e+00   1.3127342e+02
   7.3186703e+00   1.3127334e+02
   7.3114372e+00   1.3127325e+02
   7.3042041e+00   1.3127317e+02
   7.2969710e+00   1.3127309e+02
   7.2897379e+00   1.3127301e+02
   7.2825048e+00   1.3127293e+02
   7.2752717e+00   1.3127285e+02
   7.2680386e+00   1.3127277e+02
   7.2608056e+00   1.3127269e+02
   7.2535725e+00   1.3127261e+02
   7.2463394e+00   1.3127253e+02
   7.2391063e+00   1.3127245e+02
   7.2318732e+00   1.3127237e+02
   7.2246401e+00   1.3127229e+02
   7.2174070e+00   1.3127221e+02
   7.2101740e+00   1.3127213e+02
   7.2029409e+00   1.3127205e+02
   7.1957078e+00   1.3127197e+02
   7.1884747e+00   1.3127189e+02
   7.1812416e+00   1.3127182e+02
   7.1740085e+00   1.3127174e+02
   7.1667754e+00   1.3127166e+02
   7.1595423e+00   1.3127158e+02
   7.1523093e+00   1.3127150e+02
   7.1450762e+00   1.3127142e+02
   7.1378431e+00   1.3127134e+02
   7.1306100e+00   1.3127126e+02
   7.1233769e+00   1.3127118e+02
   7.1161438e+00   1.3127111e+02
   7.1089107e+00   1.3127103e+02
   7.1016776e+00   1.3127095e+02
   7.0944446e+00   1.3127087e+02
   7.0872115e+00   1.3127079e+02
   7.0799784e+00   1.3127071e+02
   7.0727453e+00   1.3127064e+02
   7.0655122e+00   1.3127056e+02
   7.0582791e+00   1.3127048e+02
   7.0510460e+00   1.3127040e+02
   7.0438129e+00   1.3127032e+02
   7.0365799e+00   1.3127025e+02
   7.0293468e+00   1.3127017e+02
   7.0221137e+00   1.3127009e+02
   7.0148806e+00   1.3127001e+02
   7.0076475e+00   1.3126994e+02
   7.0004144e+00   1.3126986e+02
   6.9931813e+00   1.3126978e+02
   6.9859483e+00   1.3126971e+02
   6.9787152e+00   1.3126963e+02
   6.9714821e+00   1.3126955e+02
   6.9642490e+00   1.3126948e+02
   6.9570159e+00   1.3126940e+02
   6.9497828e+00   1.3126932e+02
   6.9425497e+00   1.3126925e+02
   6.9353166e+00   1.3126917e+02
   6.9280836e+00   1.3126909e+02
   6.9208505e+00   1.3126902e+02
   6.9136174e+00   1.3126894e+02
   6.9063843e+00   1.3126886e+02
   6.8991512e+00   1.3126879e+02
   6.8919181e+00   1.3126871e+02
   6.8846850e+00   1.3126864e+02
   6.8774519e+00   1.3126856e+02
   6.8702189e+00   1.3126848e+02
   6.8629858e+00   1.3126841e+02
   6.8557527e+00   1.3126833e+02
   6.8485196e+00   1.3126826e+02
   6.8412865e+00   1.3126818e+02
   6.8340534e+00   1.3126811e+02
   6.8268203e+00   1.3126803e+02
   6.8195872e+00   1.3126796e+02
   6.8123542e+00   1.3126788e+02
   6.8051211e+00   1.3126781e+02
   6.7978880e+00   1.3126773e+02
   6.7906549e+00   1.3126766e+02
   6.7834218e+00   1.3126758e+02
   6.7761887e+00   1.3126751e+02
   6.7689556e+00   1.3126743e+02
   6.7617226e+00   1.3126736e+02
   6.7544895e+00   1.3126728e+02
   6.7472564e+00   1.3126721e+02
   6.7400233e+00   1.3126713e+02
   6.7327902e+00   1.3126706e+02
   6.7255571e+00   1.3126699e+02
   6.7183240e+00   1.3126691e+02
   6.7110909e+00   1.3126684e+02
   6.7038579e+00   1.3126676e+02
   6.6966248e+00   1.3126669e+02
   6.6893917e+00   1.3126662e+02
   6.6821586e+00   1.3126654e+02
   6.6749255e+00   1.3126647e+02
   6.6676924e+00   1.3126640e+02
   6.6604593e+00   1.3126632e+02
   6.6532262e+00   1.3126625e+02
   6.6459932e+00   1.3126618e+02
   6.6387601e+00   1.3126610e+02
   6.6315270e+00   1.3126603e+02
   6.6242939e+00   1.3126596e+02
   6.6170608e+00   1.3126588e+02
   6.6098277e+00   1.3126581e+02
   6.6025946e+00   1.3126574e+02
   6.5953615e+00   1.3126567e+02
   6.5881285e+00   1.3126559e+02
   6.5808954e+00   1.3126552e+02
   6.5736623e+00   1.3126545e+02
   6.5664292e+00   1.3126538e+02
   6.5591961e+00   1.3126530e+02
   6.5519630e+00   1.3126523e+02
   6.5447299e+00   1.3126516e+02
   6.5374968e+00   1.3126509e+02
   6.5302638e+00   1.3126502e+02
   6.5230307e+00   1.3126494e+02
   6.5157976e+00   1.3126487e+02
   6.5085645e+00   1.3126480e+02
   6.5013314e+00   1.3126473e+02
   6.4940983e+00   1.3126466e+02
   6.4868652e+00   1.3126459e+02
   6.4796322e+00   1.3126452e+02
   6.4723991e+00   1.3126444e+02
   6.4651660e+00   1.3126437e+02
   6.4579329e+00   1.3126430e+02
   6.4506998e+00   1.3126423e+02
   6.4434667e+00   1.3126416e+02
   6.4362336e+00   1.3126409e+02
   6.4290005e+00   1.3126402e+02
   6.4217675e+00   1.3126395e+02
   6.4145344e+00   1.3126388e+02
   6.4073013e+00   1.3126381e+02
   6.4000682e+00   1.3126374e+02
   6.3928351e+00   1.3126367e+02
   6.3856020e+00   1.3126360e+02
   6.3783689e+00   1.3126353e+02
   6.3711358e+00   1.3126346e+02
   6.3639028e+00   1.3126339e+02
   6.3566697e+00   1.3126332e+02
   6.3494366e+00   1.3126325e+02
   6.3422035e+00   1.3126318e+02
   6.3349704e+00   1.3126311e+02
   6.3277373e+00   1.3126304e+02
   6.3205042e+00   1.3126297e+02
   6.3132711e+00   1.3126290e+02
   6.3060381e+00   1.3126283e+02
   6.2988050e+00   1.3126276e+02
   6.2915719e+00   1.3126269e+02
   6.2843388e+00   1.3126262e+02
   6.2771057e+00   1.3126255e+02
   6.2698726e+00   1.3126248e+02
   6.2626395e+00   1.3126241e+02
   6.2554065e+00   1.3126234e+02
   6.2481734e+00   1.3126228e+02
   6.2409403e+00   1.3126221e+02
   6.2337072e+00   1.3126214e+02
   6.2264741e+00   1.3126207e+02
   6.2192410e+00   1.3126200e+02
   6.2120079e+00   1.3126193e+02
   6.2047748e+00   1.3126186e+02
   6.1975418e+00   1.3126180e+02
   6.1903087e+00   1.3126173e+02
   6.1830756e+00   1.3126166e+02
   6.1758425e+00   1.3126159e+02
   6.1686094e+00   1.3126152e+02
   6.1613763e+00   1.3126146e+02
   6.1541432e+00   1.3126139e+02
   6.1469101e+00   1.3126132e+02
   6.1396771e+00   1.3126125e+02
   6.1324440e+00   1.3126119e+02
   6.1252109e+00   1.3126112e+02
   6.1179778e+00   1.3126105e+02
   6.1107447e+00   1.3126098e+02
   6.1035116e+00   1.3126092e+02
   6.0962785e+00   1.3126085e+02
   6.0890454e+00   1.3126078e+02
   6.0818124e+00   1.3126072e+02
   6.0745793e+00   1.3126065e+02
   6.0673462e+00   1.3126058e+02
   6.0601131e+00   1.3126052e+02
   6.0528800e+00   1.3126045e+02
   6.0456469e+00   1.3126038e+02
   6.0384138e+00   1.3126032e+02
   6.0311808e+00   1.3126025e+02
   6.0239477e+00   1.3126018e+02
   6.0167146e+00   1.3126012e+02
   6.0094815e+00   1.3126005e+02
   6.0022484e+00   1.3125999e+02
   5.9950153e+00   1.3125992e+02
   5.9877822e+00   1.3125986e+02
   5.9805491e+00   1.3125979e+02
   5.9733161e+00   1.3125972e+02
   5.9660830e+00   1.3125966e+02
   5.9588499e+00   1.3125959e+02
   5.9516168e+00   1.3125953e+02
   5.9443837e+00   1.3125946e+02
   5.9371506e+00   1.3125940e+02
   5.9299175e+00   1.3125933e+02
   5.9226844e+00   1.3125927e+02
   5.9154514e+00   1.3125920e+02
   5.9082183e+00   1.3125914e+02
   5.9009852e+00   1.3125907e+02
   5.8937521e+00   1.3125901e+02
   5.8865190e+00   1.3125894e+02
   5.8792859e+00   1.3125888e+02
   5.8720528e+00   1.3125881e+02
   5.8648197e+00   1.3125875e+02
   5.8575867e+00   1.3125868e+02
   5.8503536e+00   1.3125862e+02
   5.8431205e+00   1.3125856e+02
   5.8358874e+00   1.3125849e+02
   5.8286543e+00   1.3125843e+02
   5.8214212e+00   1.3125836e+02
   5.8141881e+00   1.3125830e+02
   5.8069551e+00   1.3125824e+02
   5.7997220e+00   1.3125817e+02
   5.7924889e+00   1.3125811e+02
   5.7852558e+00   1.3125805e+02
   5.7780227e+00   1.3125798e+02
   5.7707896e+00   1.3125792e+02
   5.7635565e+00   1.3125785e+02
   5.7563234e+00   1.3125779e+02
   5.7490904e+00   1.3125773e+02
   5.7418573e+00   1.3125767e+02
   5.7346242e+00   1.3125760e+02
   5.7273911e+00   1.3125754e+02
   5.7201580e+00   1.3125748e+02
   5.7129249e+00   1.3125741e+02
   5.7056918e+00   1.3125735e+02
   5.6984587e+00   1.3125729e+02
   5.6912257e+00   1.3125723e+02
   5.6839926e+00   1.3125716e+02
   5.6767595e+00   1.3125710e+02
   5.6695264e+00   1.3125704e+02
   5.6622933e+00   1.3125698e+02
   5.6550602e+00   1.3125692e+02
   5.6478271e+00   1.3125685e+02
   5.6405940e+00   1.3125679e+02
   5.6333610e+00   1.3125673e+02
   5.6261279e+00   1.3125667e+02
   5.6188948e+00   1.3125661e+02
   5.6116617e+00   1.3125654e+02
   5.6044286e+00   1.3125648e+02
   5.5971955e+00   1.3125642e+02
   5.5899624e+00   1.3125636e+02
   5.5827293e+00   1.3125630e+02
   5.5754963e+00   1.3125624e+02
   5.5682632e+00   1.3125618e+02
   5.5610301e+00   1.3125612e+02
   5.5537970e+00   1.3125605e+02
   5.5465639e+00   1.3125599e+02
   5.5393308e+00   1.3125593e+02
   5.5320977e+00   1.3125587e+02
   5.5248647e+00   1.3125581e+02
   5.5176316e+00   1.3125575e+02
   5.5103985e+00   1.3125569e+02
   5.5031654e+00   1.3125563e+02
   5.4948945e+00   1.3125556e+02
   5.4855859e+00   1.3125548e+02
   5.4752394e+00   1.3125540e+02
   5.4638552e+00   1.3125530e+02
   5.4514332e+00   1.3125520e+02
   5.4379733e+00   1.3125509e+02
   5.4234758e+00   1.3125497e+02
   5.4079404e+00   1.3125484e+02
   5.3913672e+00   1.3125471e+02
   5.3737563e+00   1.3125456e+02
   5.3551075e+00   1.3125441e+02
   5.3354210e+00   1.3125425e+02
   5.3146967e+00   1.3125408e+02
   5.2929346e+00   1.3125391e+02
   5.2701347e+00   1.3125373e+02
   5.2701347e+00   1.3127498e+02
   5.2701347e+00   1.3129529e+02
   5.2701347e+00   1.3131467e+02
   5.2701347e+00   1.3133311e+02
   5.2701347e+00   1.3135062e+02
   5.2701347e+00   1.3136719e+02
   5.2701347e+00   1.3138282e+02
   5.2701347e+00   1.3139752e+02
   5.2701347e+00   1.3141129e+02
   5.2701347e+00   1.3142412e+02
   5.2701347e+00   1.3143601e+02
   5.2701347e+00   1.3144697e+02
   5.2701347e+00   1.3145699e+02
   5.2701347e+00   1.3146608e+02
   5.2701347e+00   1.3147423e+02
   5.2701347e+00   1.3148145e+02
   5.2701347e+00   1.3148867e+02
   5.2701347e+00   1.3149588e+02
   5.2701347e+00   1.3150310e+02
   5.2701347e+00   1.3151032e+02
   5.2701347e+00   1.3151754e+02
   5.2701347e+00   1.3152475e+02
   5.2701347e+00   1.3153197e+02
   5.2701347e+00   1.3153919e+02
   5.2701347e+00   1.3154640e+02
   5.2701347e+00   1.3155362e+02
   5.2701347e+00   1.3156084e+02
   5.2701347e+00   1.3156805e+02
   5.2701347e+00   1.3157527e+02
   5.2701347e+00   1.3158249e+02
   5.2701347e+00   1.3158970e+02
   5.2701347e+00   1.3159692e+02
   5.2701347e+00   1.3160414e+02
   5.2701347e+00   1.3161135e+02
   5.2701347e+00   1.3161857e+02
   5.2701347e+00   1.3162579e+02
   5.2701347e+00   1.3163300e+02
   5.2701347e+00   1.3164022e+02
   5.2701347e+00   1.3164744e+02
   5.2701347e+00   1.3165466e+02
   5.2701347e+00   1.3166187e+02
   5.2701347e+00   1.3166909e+02
   5.2701347e+00   1.3167631e+02
   5.2701347e+00   1.3168352e+02
   5.2701347e+00   1.3169074e+02
   5.2701347e+00   1.3169796e+02
   5.2701347e+00   1.3170517e+02
   5.2701347e+00   1.3171239e+02
   5.2701347e+00   1.3171961e+02
   5.2701347e+00   1.3172682e+02
   5.2701347e+00   1.3173404e+02
   5.2701347e+00   1.3174126e+02
   5.2701347e+00   1.3174847e+02
   5.2701347e+00   1.3175569e+02
   5.2701347e+00   1.3176291e+02
   5.2701347e+00   1.3177012e+02
   5.2701347e+00   1.3177734e+02
   5.2701347e+00   1.3178456e+02
   5.2701347e+00   1.3179178e+02
   5.2701347e+00   1.3179899e+02
   5.2701347e+00   1.3180621e+02
   5.2701347e+00   1.3181343e+02
   5.2701347e+00   1.3182064e+02
   5.2701347e+00   1.3182786e+02
   5.2701347e+00   1.3183508e+02
   5.2701347e+00   1.3184229e+02
   5.2701347e+00   1.3184951e+02
   5.2701347e+00   1.3185673e+02
   5.2701347e+00   1.3186394e+02
   5.2701347e+00   1.3187116e+02
   5.2701347e+00   1.3187838e+02
   5.2701347e+00   1.3188559e+02
   5.2701347e+00   1.3189281e+02
   5.2701347e+00   1.3190003e+02
   5.2701347e+00   1.3190725e+02
   5.2701347e+00   1.3191446e+02
   5.2701347e+00   1.3192168e+02
   5.2701347e+00   1.3192890e+02
   5.2701347e+00   1.3193611e+02
   5.2701347e+00   1.3194333e+02
   5.2701347e+00   1.3195055e+02
   5.2701347e+00   1.3195776e+02
   5.2701347e+00   1.3196498e+02
   5.2701347e+00   1.3197220e+02
   5.2701347e+00   1.3197941e+02
   5.2701347e+00   1.3198663e+02
   5.2701347e+00   1.3199385e+02
   5.2701347e+00   1.3200106e+02
   5.2701347e+00   1.3200828e+02
   5.2701347e+00   1.3201550e+02
   5.2701347e+00   1.3202271e+02
   5.2701347e+00   1.3202993e+02
   5.2701347e+00   1.3203715e+02
   5.2701347e+00   1.3204437e+02
   5.2701347e+00   1.3205158e+02
   5.2701347e+00   1.3205880e+02
   5.2701347e+00   1.3206602e+02
   5.2701347e+00   1.3207323e+02
   5.2701347e+00   1.3208045e+02
   5.2701347e+00   1.3208767e+02
   5.2701347e+00   1.3209488e+02
   5.2701347e+00   1.3210210e+02
   5.2701347e+00   1.3210932e+02
   5.2701347e+00   1.3211653e+02
   5.2701347e+00   1.3212375e+02
   5.2701347e+00   1.3213097e+02
   5.2701347e+00   1.3213818e+02
   5.2701347e+00   1.3214540e+02
   5.2701347e+00   1.3215262e+02
   5.2701347e+00   1.3215983e+02
   5.2701347e+00   1.3216705e+02
   5.2701347e+00   1.3217427e+02
   5.2701347e+00   1.3218149e+02
   5.2701347e+00   1.3218870e+02
   5.2701347e+00   1.3219592e+02
   5.2701347e+00   1.3220314e+02
   5.2701347e+00   1.3221035e+02
   5.2701347e+00   1.3221757e+02
   5.2701347e+00   1.3222479e+02
   5.2701347e+00   1.3223200e+02
   5.2701347e+00   1.3223922e+02
   5.2701347e+00   1.3224644e+02
   5.2701347e+00   1.3225365e+02
   5.2701347e+00   1.3226087e+02
   5.2701347e+00   1.3226809e+02
   5.2701347e+00   1.3227530e+02
   5.2701347e+00   1.3228252e+02
   5.2701347e+00   1.3228974e+02
   5.2701347e+00   1.3229696e+02
   5.2701347e+00   1.3230417e+02
   5.2701347e+00   1.3231139e+02
   5.2701347e+00   1.3231861e+02
   5.2701347e+00   1.3232582e+02
   5.2701347e+00   1.3233304e+02
   5.2701347e+00   1.3234026e+02
   5.2701347e+00   1.3234747e+02
   5.2701347e+00   1.3235469e+02
   5.2701347e+00   1.3236191e+02
   5.2701347e+00   1.3236912e+02
   5.2701347e+00   1.3237634e+02
   5.2701347e+00   1.3238356e+02
   5.2701347e+00   1.3239077e+02
   5.2701347e+00   1.3239799e+02
   5.2701347e+00   1.3240521e+02
   5.2701347e+00   1.3241242e+02
   5.2701347e+00   1.3241964e+02
   5.2701347e+00   1.3242686e+02
   5.2701347e+00   1.3243408e+02
   5.2701347e+00   1.3244129e+02
   5.2701347e+00   1.3244851e+02
   5.2701347e+00   1.3245573e+02
   5.2701347e+00   1.3246294e+02
   5.2701347e+00   1.3247016e+02
   5.2701347e+00   1.3247738e+02
   5.2701347e+00   1.3248459e+02
   5.2701347e+00   1.3249181e+02
   5.2701347e+00   1.3249903e+02
   5.2701347e+00   1.3250624e+02
   5.2701347e+00   1.3251346e+02
   5.2701347e+00   1.3252068e+02
   5.2701347e+00   1.3252789e+02
   5.2701347e+00   1.3253511e+02
   5.2701347e+00   1.3254233e+02
   5.2701347e+00   1.3254954e+02
   5.2701347e+00   1.3255676e+02
   5.2701347e+00   1.3256398e+02
   5.2701347e+00   1.3257120e+02
   5.2701347e+00   1.3257841e+02
   5.2701347e+00   1.3258563e+02
   5.2701347e+00   1.3259285e+02
   5.2701347e+00   1.3260006e+02
   5.2701347e+00   1.3260728e+02
   5.2701347e+00   1.3261450e+02
   5.2701347e+00   1.3262171e+02
   5.2701347e+00   1.3262893e+02
   5.2701347e+00   1.3263615e+02
   5.2701347e+00   1.3264336e+02
   5.2701347e+00   1.3265058e+02
   5.2701347e+00   1.3265780e+02
   5.2701347e+00   1.3266501e+02
   5.2701347e+00   1.3267223e+02
   5.2701347e+00   1.3267945e+02
   5.2701347e+00   1.3268667e+02
   5.2701347e+00   1.3269388e+02
   5.2701347e+00   1.3270110e+02
   5.2701347e+00   1.3270832e+02
   5.2701347e+00   1.3271553e+02
   5.2701347e+00   1.3272275e+02
   5.2701347e+00   1.3272997e+02
   5.2701347e+00   1.3273718e+02
   5.2701347e+00   1.3274440e+02
   5.2701347e+00   1.3275162e+02
   5.2701347e+00   1.3275883e+02
   5.2701347e+00   1.3276605e+02
   5.2701347e+00   1.3277327e+02
   5.2701347e+00   1.3278048e+02
   5.2701347e+00   1.3278770e+02
   5.2701347e+00   1.3279492e+02
   5.2701347e+00   1.3280213e+02
   5.2701347e+00   1.3280935e+02
   5.2701347e+00   1.3281657e+02
   5.2701347e+00   1.3282379e+02
   5.2701347e+00   1.3283100e+02
   5.2701347e+00   1.3283822e+02
   5.2701347e+00   1.3284544e+02
   5.2701347e+00   1.3285265e+02
   5.2701347e+00   1.3285987e+02
   5.2701347e+00   1.3286709e+02
   5.2701347e+00   1.3287430e+02
   5.2701347e+00   1.3288152e+02
   5.2701347e+00   1.3288874e+02
   5.2701347e+00   1.3289595e+02
   5.2701347e+00   1.3290317e+02
   5.2701347e+00   1.3291039e+02
   5.2701347e+00   1.3291760e+02
   5.2701347e+00   1.3292482e+02
   5.2701347e+00   1.3293204e+02
   5.2701347e+00   1.3293925e+02
   5.2701347e+00   1.3294647e+02
   5.2701347e+00   1.3295369e+02
   5.2701347e+00   1.3296091e+02
   5.2701347e+00   1.3296812e+02
   5.2701347e+00   1.3297534e+02
   5.2701347e+00   1.3298256e+02
   5.2701347e+00   1.3298977e+02
   5.2701347e+00   1.3299699e+02
   5.2701347e+00   1.3300421e+02
   5.2701347e+00   1.3301142e+02
   5.2701347e+00   1.3301864e+02
   5.2701347e+00   1.3302586e+02
   5.2701347e+00   1.3303307e+02
   5.2701347e+00   1.3304029e+02
   5.2701347e+00   1.3304751e+02
   5.2701347e+00   1.3305472e+02
   5.2701347e+00   1.3306194e+02
   5.2701347e+00   1.3306916e+02
   5.2701347e+00   1.3307638e+02
   5.2701347e+00   1.3308359e+02
   5.2701347e+00   1.3309081e+02
   5.2701347e+00   1.3309803e+02
   5.2701347e+00   1.3310524e+02
   5.2701347e+00   1.3311246e+02
   5.2701347e+00   1.3311968e+02
   5.2701347e+00   1.3312689e+02
   5.2701347e+00   1.3313411e+02
   5.2701347e+00   1.3314133e+02
   5.2701347e+00   1.3314854e+02
   5.2701347e+00   1.3315576e+02
   5.2701347e+00   1.3316298e+02
   5.2701347e+00   1.3317019e+02
   5.2701347e+00   1.3317741e+02
   5.2701347e+00   1.3318463e+02
   5.2701347e+00   1.3319184e+02
   5.2701347e+00   1.3319906e+02
   5.2701347e+00   1.3320628e+02
   5.2701347e+00   1.3321350e+02
   5.2701347e+00   1.3322071e+02
   5.2701347e+00   1.3322793e+02
   5.2701347e+00   1.3323515e+02
   5.2701347e+00   1.3324236e+02
   5.2701347e+00   1.3324958e+02
   5.2701347e+00   1.3325680e+02
   5.2701347e+00   1.3326401e+02
   5.2701347e+00   1.3327123e+02
   5.2701347e+00   1.3327845e+02
   5.2701347e+00   1.3328566e+02
   5.2701347e+00   1.3329288e+02
   5.2701347e+00   1.3330010e+02
   5.2701347e+00   1.3330731e+02
   5.2701347e+00   1.3331453e+02
   5.2701347e+00   1.3332175e+02
   5.2701347e+00   1.3332896e+02
   5.2701347e+00   1.3333618e+02
   5.2701347e+00   1.3334340e+02
   5.2701347e+00   1.3335062e+02
   5.2701347e+00   1.3335783e+02
   5.2701347e+00   1.3336505e+02
   5.2701347e+00   1.3337227e+02
   5.2701347e+00   1.3337948e+02
   5.2701347e+00   1.3338670e+02
   5.2701347e+00   1.3339392e+02
   5.2701347e+00   1.3340113e+02
   5.2701347e+00   1.3340835e+02
   5.2701347e+00   1.3341557e+02
   5.2701347e+00   1.3342278e+02
   5.2701347e+00   1.3343000e+02
   5.2701347e+00   1.3343722e+02
   5.2701347e+00   1.3344443e+02
   5.2701347e+00   1.3345165e+02
   5.2701347e+00   1.3345887e+02
   5.2701347e+00   1.3346609e+02
   5.2701347e+00   1.3347330e+02
   5.2701347e+00   1.3348052e+02
   5.2701347e+00   1.3348774e+02
   5.2701347e+00   1.3349495e+02
   5.2701347e+00   1.3350217e+02
   5.2701347e+00   1.3350939e+02
   5.2701347e+00   1.3351660e+02
   5.2701347e+00   1.3352382e+02
   5.2701347e+00   1.3353104e+02
   5.2701347e+00   1.3353825e+02
   5.2701347e+00   1.3354547e+02
   5.2701347e+00   1.3355269e+02
   5.2701347e+00   1.3355990e+02
   5.2701347e+00   1.3356712e+02
   5.2701347e+00   1.3357434e+02
   5.2701347e+00   1.3358155e+02
   5.2701347e+00   1.3358877e+02
   5.2701347e+00   1.3359599e+02
   5.2701347e+00   1.3360321e+02
   5.2701347e+00   1.3361042e+02
   5.2701347e+00   1.3361764e+02
   5.2701347e+00   1.3362486e+02
   5.2701347e+00   1.3363207e+02
   5.2701347e+00   1.3363929e+02
   5.2701347e+00   1.3364651e+02
   5.2701347e+00   1.3365372e+02
   5.2701347e+00   1.3366094e+02
   5.2701347e+00   1.3366816e+02
   5.2701347e+00   1.3367537e+02
   5.2701347e+00   1.3368259e+02
   5.2701347e+00   1.3368981e+02
   5.2701347e+00   1.3369702e+02
   5.2701347e+00   1.3370424e+02
   5.2701347e+00   1.3371146e+02
   5.2701347e+00   1.3371867e+02
   5.2701347e+00   1.3372589e+02
   5.2701347e+00   1.3373311e+02
   5.2701347e+00   1.3374033e+02
   5.2701347e+00   1.3374754e+02
   5.2701347e+00   1.3375476e+02
   5.2701347e+00   1.3376198e+02
   5.2701347e+00   1.3376919e+02
   5.2701347e+00   1.3377641e+02
   5.2701347e+00   1.3378363e+02
   5.2701347e+00   1.3379084e+02
   5.2701347e+00   1.3379806e+02
   5.2701347e+00   1.3380528e+02
   5.2701347e+00   1.3381249e+02
   5.2701347e+00   1.3381971e+02
   5.2701347e+00   1.3382693e+02
   5.2701347e+00   1.3383414e+02
   5.2701347e+00   1.3384136e+02
   5.2701347e+00   1.3384858e+02
   5.2701347e+00   1.3385580e+02
   5.2701347e+00   1.3386301e+02
   5.2701347e+00   1.3387023e+02
   5.2701347e+00   1.3387745e+02
   5.2701347e+00   1.3388466e+02
   5.2701347e+00   1.3389188e+02
   5.2701347e+00   1.3389910e+02
   5.2701347e+00   1.3390631e+02
   5.2701347e+00   1.3391353e+02
   5.2701347e+00   1.3392075e+02
   5.2701347e+00   1.3392796e+02
   5.2701347e+00   1.3393518e+02
   5.2701347e+00   1.3394240e+02
   5.2701347e+00   1.3394961e+02
   5.2701347e+00   1.3395683e+02
   5.2701347e+00   1.3396405e+02
   5.2701347e+00   1.3397126e+02
   5.2701347e+00   1.3397848e+02
   5.2701347e+00   1.3398570e+02
   5.2701347e+00   1.3399292e+02
   5.2701347e+00   1.3400013e+02
   5.2701347e+00   1.3400735e+02
   5.2701347e+00   1.3401457e+02
   5.2701347e+00   1.3402178e+02
   5.2701347e+00   1.3402900e+02
   5.2701347e+00   1.3403622e+02
   5.2701347e+00   1.3404343e+02
   5.2701347e+00   1.3405065e+02
   5.2701347e+00   1.3405787e+02
   5.2701347e+00   1.3406508e+02
   5.2701347e+00   1.3407230e+02
   5.2701347e+00   1.3407952e+02
   5.2701347e+00   1.3408673e+02
   5.2701347e+00   1.3409395e+02
   5.2701347e+00   1.3410117e+02
   5.2701347e+00   1.3410839e+02
   5.2701347e+00   1.3411560e+02
   5.2701347e+00   1.3412282e+02
   5.2701347e+00   1.3413004e+02
   5.2701347e+00   1.3413725e+02
   5.2701347e+00   1.3414447e+02
   5.2701347e+00   1.3415169e+02
   5.2701347e+00   1.3415890e+02
   5.2701347e+00   1.3416612e+02
   5.2701347e+00   1.3417334e+02
   5.2701347e+00   1.3418055e+02
   5.2701347e+00   1.3418777e+02
   5.2701347e+00   1.3419499e+02
   5.2701347e+00   1.3420220e+02
   5.2701347e+00   1.3420942e+02
   5.2701347e+00   1.3421664e+02
   5.2701347e+00   1.3422385e+02
   5.2701347e+00   1.3423107e+02
   5.2701347e+00   1.3423829e+02
   5.2701347e+00   1.3424551e+02
   5.2701347e+00   1.3425272e+02
   5.2701347e+00   1.3425994e+02
   5.2701347e+00   1.3426716e+02
   5.2701347e+00   1.3427437e+02
   5.2701347e+00   1.3428159e+02
   5.2701347e+00   1.3428881e+02
   5.2701347e+00   1.3429602e+02
   5.2701347e+00   1.3430324e+02
   5.2701347e+00   1.3431046e+02
   5.2701347e+00   1.3431767e+02
   5.2701347e+00   1.3432489e+02
   5.2701347e+00   1.3433211e+02
   5.2701347e+00   1.3433932e+02
   5.2701347e+00   1.3434654e+02
   5.2701347e+00   1.3435376e+02
   5.2701347e+00   1.3436097e+02
   5.2701347e+00   1.3436819e+02
   5.2701347e+00   1.3437541e+02
   5.2701347e+00   1.3438263e+02
   5.2701347e+00   1.3438984e+02
   5.2701347e+00   1.3439706e+02
   5.2701347e+00   1.3440428e+02
   5.2701347e+00   1.3441149e+02
   5.2701347e+00   1.3441871e+02
   5.2701347e+00   1.3442593e+02
   5.2701347e+00   1.3443314e+02
   5.2701347e+00   1.3444036e+02
   5.2701347e+00   1.3444758e+02
   5.2701347e+00   1.3445479e+02
   5.2701347e+00   1.3446201e+02
   5.2701347e+00   1.3446923e+02
   5.2701347e+00   1.3447644e+02
   5.2701347e+00   1.3448366e+02
   5.2701347e+00   1.3449088e+02
   5.2701347e+00   1.3449810e+02
   5.2701347e+00   1.3450531e+02
   5.2701347e+00   1.3451253e+02
   5.2701347e+00   1.3451975e+02
   5.2701347e+00   1.3452696e+02
   5.2701347e+00   1.3453418e+02
   5.2701347e+00   1.3454140e+02
   5.2701347e+00   1.3454861e+02
   5.2701347e+00   1.3455583e+02
   5.2701347e+00   1.3456305e+02
   5.2701347e+00   1.3457026e+02
   5.2701347e+00   1.3457748e+02
   5.2701347e+00   1.3458470e+02
   5.2701347e+00   1.3459191e+02
   5.2701347e+00   1.3459913e+02
   5.2701347e+00   1.3460635e+02
   5.2701347e+00   1.3461356e+02
   5.2701347e+00   1.3462078e+02
   5.2701347e+00   1.3462800e+02
   5.2701347e+00   1.3463522e+02
   5.2701347e+00   1.3464243e+02
   5.2701347e+00   1.3464965e+02
   5.2701347e+00   1.3465687e+02
   5.2701347e+00   1.3466408e+02
   5.2701347e+00   1.3467130e+02
   5.2701347e+00   1.3467852e+02
   5.2701347e+00   1.3468573e+02
   5.2701347e+00   1.3469295e+02
   5.2701347e+00   1.3470017e+02
   5.2701347e+00   1.3470738e+02
   5.2701347e+00   1.3471460e+02
   5.2701347e+00   1.3472182e+02
   5.2701347e+00   1.3472903e+02
   5.2701347e+00   1.3473625e+02
   5.2701347e+00   1.3474347e+02
   5.2701347e+00   1.3475068e+02
   5.2701347e+00   1.3475790e+02
   5.2701347e+00   1.3476512e+02
   5.2701347e+00   1.3477234e+02
   5.2701347e+00   1.3477955e+02
   5.2701347e+00   1.3478677e+02
   5.2701347e+00   1.3479399e+02
   5.2701347e+00   1.3480120e+02
   5.2701347e+00   1.3480842e+02
   5.2701347e+00   1.3481564e+02
   5.2701347e+00   1.3482285e+02
   5.2701347e+00   1.3483007e+02
   5.2701347e+00   1.3483729e+02
   5.2701347e+00   1.3484450e+02
   5.2701347e+00   1.3485172e+02
   5.2701347e+00   1.3485894e+02
   5.2701347e+00   1.3486615e+02
   5.2701347e+00   1.3487337e+02
   5.2701347e+00   1.3488059e+02
   5.2701347e+00   1.3488781e+02
   5.2701347e+00   1.3489502e+02
   5.2701347e+00   1.3490224e+02
   5.2701347e+00   1.3490946e+02
   5.2701347e+00   1.3491667e+02
   5.2701347e+00   1.3492389e+02
   5.2701347e+00   1.3493111e+02
   5.2701347e+00   1.3493832e+02
   5.2701347e+00   1.3494554e+02
   5.2701347e+00   1.3495276e+02
   5.2701347e+00   1.3495997e+02
   5.2701347e+00   1.3496719e+02
   5.2701347e+00   1.3497441e+02
   5.2701347e+00   1.3498162e+02
   5.2701347e+00   1.3498884e+02
   5.2701347e+00   1.3499606e+02
   5.2701347e+00   1.3500327e+02
   5.2701347e+00   1.3501049e+02
   5.2701347e+00   1.3501771e+02
   5.2701347e+00   1.3502493e+02
   5.2701347e+00   1.3503214e+02
   5.2701347e+00   1.3503936e+02
   5.2701347e+00   1.3504658e+02
   5.2701347e+00   1.3505379e+02
   5.2701347e+00   1.3506101e+02
   5.2701347e+00   1.3506823e+02
   5.2701347e+00   1.3507544e+02
   5.2701347e+00   1.3508266e+02
   5.2701347e+00   1.3508988e+02
   5.2701347e+00   1.3509709e+02
   5.2701347e+00   1.3510431e+02
   5.2701347e+00   1.3511153e+02
   5.2701347e+00   1.3511874e+02
   5.2701347e+00   1.3512596e+02
   5.2701347e+00   1.3513318e+02
   5.2701347e+00   1.3514039e+02
   5.2701347e+00   1.3514761e+02
   5.2701347e+00   1.3515483e+02
   5.2701347e+00   1.3516205e+02
   5.2701347e+00   1.3516926e+02
   5.2701347e+00   1.3517648e+02
   5.2701347e+00   1.3518370e+02
   5.2701347e+00   1.3519091e+02
   5.2701347e+00   1.3519813e+02
   5.2701347e+00   1.3520535e+02
   5.2701347e+00   1.3521256e+02
   5.2701347e+00   1.3521978e+02
   5.2701347e+00   1.3522700e+02
   5.2701347e+00   1.3523421e+02
   5.2701347e+00   1.3524143e+02
   5.2701347e+00   1.3524865e+02
   5.2701347e+00   1.3525586e+02
   5.2701347e+00   1.3526308e+02
   5.2701347e+00   1.3527030e+02
   5.2701347e+00   1.3527752e+02
   5.2701347e+00   1.3528473e+02
   5.2701347e+00   1.3529195e+02
   5.2701347e+00   1.3529917e+02
   5.2701347e+00   1.3530638e+02
   5.2701347e+00   1.3531360e+02
   5.2701347e+00   1.3532082e+02
   5.2701347e+00   1.3532803e+02
   5.2701347e+00   1.3533525e+02
   5.2701347e+00   1.3534247e+02
   5.2701347e+00   1.3534968e+02
   5.2701347e+00   1.3535690e+02
   5.2701347e+00   1.3536412e+02
   5.2701347e+00   1.3537133e+02
   5.2701347e+00   1.3537855e+02
   5.2701347e+00   1.3538577e+02
   5.2701347e+00   1.3539298e+02
   5.2701347e+00   1.3540020e+02
   5.2701347e+00   1.3540742e+02
   5.2701347e+00   1.3541464e+02
   5.2701347e+00   1.3542185e+02
   5.2701347e+00   1.3542907e+02
   5.2701347e+00   1.3543629e+02
   5.2701347e+00   1.3544350e+02
   5.2701347e+00   1.3545072e+02
   5.2701347e+00   1.3545794e+02
   5.2701347e+00   1.3546515e+02
   5.2701347e+00   1.3547237e+02
   5.2701347e+00   1.3547959e+02
   5.2701347e+00   1.3548680e+02
   5.2701347e+00   1.3549402e+02
   5.2701347e+00   1.3550124e+02
   5.2701347e+00   1.3550845e+02
   5.2701347e+00   1.3551567e+02
   5.2701347e+00   1.3552289e+02
   5.2701347e+00   1.3553010e+02
   5.2701347e+00   1.3553732e+02
   5.2701347e+00   1.3554454e+02
   5.2701347e+00   1.3555176e+02
   5.2701347e+00   1.3555897e+02
   5.2701347e+00   1.3556619e+02
   5.2701347e+00   1.3557341e+02
   5.2701347e+00   1.3558062e+02
   5.2701347e+00   1.3558784e+02
   5.2701347e+00   1.3559506e+02
   5.2701347e+00   1.3560227e+02
   5.2701347e+00   1.3560949e+02
   5.2701347e+00   1.3561671e+02
   5.2701347e+00   1.3562392e+02
   5.2701347e+00   1.3563114e+02
   5.2701347e+00   1.3563836e+02
   5.2701347e+00   1.3564557e+02
   5.2701347e+00   1.3565279e+02
   5.2701347e+00   1.3566001e+02
   5.2701347e+00   1.3566723e+02
   5.2701347e+00   1.3567444e+02
   5.2701347e+00   1.3568166e+02
   5.2701347e+00   1.3568888e+02
   5.2701347e+00   1.3569609e+02
   5.2701347e+00   1.3570331e+02
   5.2701347e+00   1.3571053e+02
   5.2701347e+00   1.3571774e+02
   5.2701347e+00   1.3572496e+02
   5.2701347e+00   1.3573218e+02
   5.2701347e+00   1.3573939e+02
   5.2701347e+00   1.3574661e+02
   5.2701347e+00   1.3575383e+02
   5.2701347e+00   1.3576104e+02
   5.2701347e+00   1.3576826e+02
   5.2701347e+00   1.3577548e+02
   5.2701347e+00   1.3578269e+02
   5.2701347e+00   1.3578991e+02
   5.2701347e+00   1.3579713e+02
   5.2701347e+00   1.3580435e+02
   5.2701347e+00   1.3581156e+02
   5.2701347e+00   1.3581878e+02
   5.2701347e+00   1.3582600e+02
   5.2701347e+00   1.3583321e+02
   5.2701347e+00   1.3584043e+02
   5.2701347e+00   1.3584765e+02
   5.2701347e+00   1.3585486e+02
   5.2701347e+00   1.3586208e+02
   5.2701347e+00   1.3586930e+02
   5.2701347e+00   1.3587651e+02
   5.2701347e+00   1.3588373e+02
   5.2701347e+00   1.3589095e+02
   5.2701347e+00   1.3589816e+02
   5.2701347e+00   1.3590538e+02
   5.2701347e+00   1.3591260e+02
   5.2701347e+00   1.3591981e+02
   5.2701347e+00   1.3592703e+02
   5.2701347e+00   1.3593425e+02
   5.2701347e+00   1.3594147e+02
   5.2701347e+00   1.3594868e+02
   5.2701347e+00   1.3595590e+02
   5.2701347e+00   1.3596312e+02
   5.2701347e+00   1.3597033e+02
   5.2701347e+00   1.3597755e+02
   5.2701347e+00   1.3598477e+02
   5.2701347e+00   1.3599198e+02
   5.2701347e+00   1.3599920e+02
   5.2701347e+00   1.3600642e+02
   5.2701347e+00   1.3601363e+02
   5.2701347e+00   1.3602085e+02
   5.2701347e+00   1.3602807e+02
   5.2701347e+00   1.3603528e+02
   5.2701347e+00   1.3604250e+02
   5.2701347e+00   1.3604972e+02
   5.2701347e+00   1.3605694e+02
   5.2701347e+00   1.3606415e+02
   5.2701347e+00   1.3607137e+02
   5.2701347e+00   1.3607859e+02
   5.2701347e+00   1.3608580e+02
   5.2701347e+00   1.3609302e+02
   5.2701347e+00   1.3610024e+02
   5.2701347e+00   1.3610745e+02
   5.2701347e+00   1.3611467e+02
   5.2701347e+00   1.3612189e+02
   5.2701347e+00   1.3612910e+02
   5.2701347e+00   1.3613632e+02
   5.2701347e+00   1.3614354e+02
   5.2701347e+00   1.3615075e+02
   5.2701347e+00   1.3615797e+02
   5.2701347e+00   1.3616519e+02
   5.2701347e+00   1.3617240e+02
   5.2701347e+00   1.3617962e+02
   5.2701347e+00   1.3618684e+02
   5.2701347e+00   1.3619406e+02
   5.2701347e+00   1.3620127e+02
   5.2701347e+00   1.3620849e+02
   5.2701347e+00   1.3621571e+02
   5.2701347e+00   1.3622292e+02
   5.2701347e+00   1.3623014e+02
   5.2701347e+00   1.3623736e+02
   5.2701347e+00   1.3624457e+02
   5.2701347e+00   1.3625179e+02
   5.2701347e+00   1.3625901e+02
   5.2701347e+00   1.3626622e+02
   5.2701347e+00   1.3627344e+02
   5.2701347e+00   1.3628066e+02
   5.2701347e+00   1.3628787e+02
   5.2701347e+00   1.3629509e+02
   5.2701347e+00   1.3630231e+02
   5.2701347e+00   1.3630952e+02
   5.2701347e+00   1.3631674e+02
   5.2701347e+00   1.3632396e+02
   5.2701347e+00   1.3633118e+02
   5.2701347e+00   1.3633839e+02
   5.2701347e+00   1.3634561e+02
   5.2701347e+00   1.3635283e+02
   5.2701347e+00   1.3636004e+02
   5.2701347e+00   1.3636726e+02
   5.2701347e+00   1.3637448e+02
   5.2701347e+00   1.3638169e+02
   5.2701347e+00   1.3638891e+02
   5.2701347e+00   1.3639613e+02
   5.2701347e+00   1.3640334e+02
   5.2701347e+00   1.3641056e+02
   5.2701347e+00   1.3641778e+02
   5.2701347e+00   1.3642499e+02
   5.2701347e+00   1.3643221e+02
   5.2701347e+00   1.3643943e+02
   5.2701347e+00   1.3644665e+02
   5.2701347e+00   1.3645386e+02
   5.2701347e+00   1.3646108e+02
   5.2701347e+00   1.3646830e+02
   5.2701347e+00   1.3647645e+02
   5.2701347e+00   1.3648554e+02
   5.2701347e+00   1.3649556e+02
   5.2701347e+00   1.3650652e+02
   5.2701347e+00   1.3651841e+02
   5.2701347e+00   1.3653124e+02
   5.2701347e+00   1.3654501e+02
   5.2701347e+00   1.3655971e+02
   5.2701347e+00   1.3657534e+02
   5.2701347e+00   1.3659191e+02
   5.2701347e+00   1.3660942e+02
   5.2701347e+00   1.3662786e+02
   5.2701347e+00   1.3664724e+02
   5.2701347e+00   1.3666755e+02
   5.2701347e+00   1.3668880e+02
   5.2930018e+00   1.3668918e+02
   5.3148265e+00   1.3668955e+02
   5.3356089e+00   1.3668990e+02
   5.3553489e+00   1.3669023e+02
   5.3740464e+00   1.3669055e+02
   5.3917016e+00   1.3669085e+02
   5.4083145e+00   1.3669114e+02
   5.4238849e+00   1.3669140e+02
   5.4384130e+00   1.3669165e+02
   5.4518987e+00   1.3669188e+02
   5.4643420e+00   1.3669210e+02
   5.4757429e+00   1.3669230e+02
   5.4861014e+00   1.3669248e+02
   5.4954176e+00   1.3669264e+02
   5.5036914e+00   1.3669278e+02
   5.5109228e+00   1.3669291e+02
   5.5181542e+00   1.3669303e+02
   5.5253855e+00   1.3669316e+02
   5.5326169e+00   1.3669329e+02
   5.5398483e+00   1.3669341e+02
   5.5470797e+00   1.3669354e+02
   5.5543111e+00   1.3669367e+02
   5.5615425e+00   1.3669379e+02
   5.5687739e+00   1.3669392e+02
   5.5760053e+00   1.3669405e+02
   5.5832367e+00   1.3669418e+02
   5.5904681e+00   1.3669430e+02
   5.5976995e+00   1.3669443e+02
   5.6049309e+00   1.3669456e+02
   5.6121623e+00   1.3669469e+02
   5.6193937e+00   1.3669482e+02
   5.6266251e+00   1.3669495e+02
   5.6338565e+00   1.3669507e+02
   5.6410879e+00   1.3669520e+02
   5.6483193e+00   1.3669533e+02
   5.6555507e+00   1.3669546e+02
   5.6627821e+00   1.3669559e+02
   5.6700135e+00   1.3669572e+02
   5.6772449e+00   1.3669585e+02
   5.6844763e+00   1.3669598e+02
   5.6917077e+00   1.3669611e+02
   5.6989390e+00   1.3669624e+02
   5.7061704e+00   1.3669637e+02
   5.7134018e+00   1.3669650e+02
   5.7206332e+00   1.3669663e+02
   5.7278646e+00   1.3669676e+02
   5.7350960e+00   1.3669690e+02
   5.7423274e+00   1.3669703e+02
   5.7495588e+00   1.3669716e+02
   5.7567902e+00   1.3669729e+02
   5.7640216e+00   1.3669742e+02
   5.7712530e+00   1.3669755e+02
   5.7784844e+00   1.3669769e+02
   5.7857158e+00   1.3669782e+02
   5.7929472e+00   1.3669795e+02
   5.8001786e+00   1.3669808e+02
   5.8074100e+00   1.3669822e+02
   5.8146414e+00   1.3669835e+02
   5.8218728e+00   1.3669848e+02
   5.8291042e+00   1.3669862e+02
   5.8363356e+00   1.3669875e+02
   5.8435670e+00   1.3669888e+02
   5.8507984e+00   1.3669902e+02
   5.8580298e+00   1.3669915e+02
   5.8652612e+00   1.3669929e+02
   5.8724925e+00   1.3669942e+02
   5.8797239e+00   1.3669956e+02
   5.8869553e+00   1.3669969e+02
   5.8941867e+00   1.3669982e+02
   5.9014181e+00   1.3669996e+02
   5.9086495e+00   1.3670010e+02
   5.9158809e+00   1.3670023e+02
   5.9231123e+00   1.3670037e+02
   5.9303437e+00   1.3670050e+02
   5.9375751e+00   1.3670064e+02
   5.9448065e+00   1.3670077e+02
   5.9520379e+00   1.3670091e+02
   5.9592693e+00   1.3670105e+02
   5.9665007e+00   1.3670118e+02
   5.9737321e+00   1.3670132e+02
   5.9809635e+00   1.3670146e+02
   5.9881949e+00   1.3670159e+02
   5.9954263e+00   1.3670173e+02
   6.0026577e+00   1.3670187e+02
   6.0098891e+00   1.3670201e+02
   6.0171205e+00   1.3670214e+02
   6.0243519e+00   1.3670228e+02
   6.0315833e+00   1.3670242e+02
   6.0388147e+00   1.3670256e+02
   6.0460461e+00   1.3670270e+02
   6.0532774e+00   1.3670284e+02
   6.0605088e+00   1.3670297e+02
   6.0677402e+00   1.3670311e+02
   6.0749716e+00   1.3670325e+02
   6.0822030e+00   1.3670339e+02
   6.0894344e+00   1.3670353e+02
   6.0966658e+00   1.3670367e+02
   6.1038972e+00   1.3670381e+02
   6.1111286e+00   1.3670395e+02
   6.1183600e+00   1.3670409e+02
   6.1255914e+00   1.3670423e+02
   6.1328228e+00   1.3670437e+02
   6.1400542e+00   1.3670451e+02
   6.1472856e+00   1.3670465e+02
   6.1545170e+00   1.3670479e+02
   6.1617484e+00   1.3670494e+02
   6.1689798e+00   1.3670508e+02
   6.1762112e+00   1.3670522e+02
   6.1834426e+00   1.3670536e+02
   6.1906740e+00   1.3670550e+02
   6.1979054e+00   1.3670564e+02
   6.2051368e+00   1.3670579e+02
   6.2123682e+00   1.3670593e+02
   6.2195996e+00   1.3670607e+02
   6.2268309e+00   1.3670621e+02
   6.2340623e+00   1.3670636e+02
   6.2412937e+00   1.3670650e+02
   6.2485251e+00   1.3670664e+02
   6.2557565e+00   1.3670679e+02
   6.2629879e+00   1.3670693e+02
   6.2702193e+00   1.3670707e+02
   6.2774507e+00   1.3670722e+02
   6.2846821e+00   1.3670736e+02
   6.2919135e+00   1.3670751e+02
   6.2991449e+00   1.3670765e+02
   6.3063763e+00   1.3670779e+02
   6.3136077e+00   1.3670794e+02
   6.3208391e+00   1.3670808e+02
   6.3280705e+00   1.3670823e+02
   6.3353019e+00   1.3670837e+02
   6.3425333e+00   1.3670852e+02
   6.3497647e+00   1.3670867e+02
   6.3569961e+00   1.3670881e+02
   6.3642275e+00   1.3670896e+02
   6.3714589e+00   1.3670910e+02
   6.3786903e+00   1.3670925e+02
   6.3859217e+00   1.3670940e+02
   6.3931531e+00   1.3670954e+02
   6.4003845e+00   1.3670969e+02
   6.4076158e+00   1.3670984e+02
   6.4148472e+00   1.3670998e+02
   6.4220786e+00   1.3671013e+02
   6.4293100e+00   1.3671028e+02
   6.4365414e+00   1.3671043e+02
   6.4437728e+00   1.3671057e+02
   6.4510042e+00   1.3671072e+02
   6.4582356e+00   1.3671087e+02
   6.4654670e+00   1.3671102e+02
   6.4726984e+00   1.3671117e+02
   6.4799298e+00   1.3671131e+02
   6.4871612e+00   1.3671146e+02
   6.4943926e+00   1.3671161e+02
   6.5016240e+00   1.3671176e+02
   6.5088554e+00   1.3671191e+02
   6.5160868e+00   1.3671206e+02
   6.5233182e+00   1.3671221e+02
   6.5305496e+00   1.3671236e+02
   6.5377810e+00   1.3671251e+02
   6.5450124e+00   1.3671266e+02
   6.5522438e+00   1.3671281e+02
   6.5594752e+00   1.3671296e+02
   6.5667066e+00   1.3671311e+02
   6.5739380e+00   1.3671326e+02
   6.5811693e+00   1.3671341e+02
   6.5884007e+00   1.3671356e+02
   6.5956321e+00   1.3671372e+02
   6.6028635e+00   1.3671387e+02
   6.6100949e+00   1.3671402e+02
   6.6173263e+00   1.3671417e+02
   6.6245577e+00   1.3671432e+02
   6.6317891e+00   1.3671448e+02
   6.6390205e+00   1.3671463e+02
   6.6462519e+00   1.3671478e+02
   6.6534833e+00   1.3671493e+02
   6.6607147e+00   1.3671509e+02
   6.6679461e+00   1.3671524e+02
   6.6751775e+00   1.3671539e+02
   6.6824089e+00   1.3671555e+02
   6.6896403e+00   1.3671570e+02
   6.6968717e+00   1.3671585e+02
   6.7041031e+00   1.3671601e+02
   6.7113345e+00   1.3671616e+02
   6.7185659e+00   1.3671631e+02
   6.7257973e+00   1.3671647e+02
   6.7330287e+00   1.3671662e+02
   6.7402601e+00   1.3671678e+02
   6.7474915e+00   1.3671693e+02
   6.7547229e+00   1.3671709e+02
   6.7619542e+00   1.3671724e+02
   6.7691856e+00   1.3671740e+02
   6.7764170e+00   1.3671756e+02
   6.7836484e+00   1.3671771e+02
   6.7908798e+00   1.3671787e+02
   6.7981112e+00   1.3671802e+02
   6.8053426e+00   1.3671818e+02
   6.8125740e+00   1.3671834e+02
   6.8198054e+00   1.3671849e+02
   6.8270368e+00   1.3671865e+02
   6.8342682e+00   1.3671881e+02
   6.8414996e+00   1.3671896e+02
   6.8487310e+00   1.3671912e+02
   6.8559624e+00   1.3671928e+02
   6.8631938e+00   1.3671944e+02
   6.8704252e+00   1.3671959e+02
   6.8776566e+00   1.3671975e+02
   6.8848880e+00   1.3671991e+02
   6.8921194e+00   1.3672007e+02
   6.8993508e+00   1.3672023e+02
   6.9065822e+00   1.3672039e+02
   6.9138136e+00   1.3672054e+02
   6.9210450e+00   1.3672070e+02
   6.9282764e+00   1.3672086e+02
   6.9355077e+00   1.3672102e+02
   6.9427391e+00   1.3672118e+02
   6.9499705e+00   1.3672134e+02
   6.9572019e+00   1.3672150e+02
   6.9644333e+00   1.3672166e+02
   6.9716647e+00   1.3672182e+02
   6.9788961e+00   1.3672198e+02
   6.9861275e+00   1.3672214e+02
   6.9933589e+00   1.3672230e+02
   7.0005903e+00   1.3672246e+02
   7.0078217e+00   1.3672262e+02
   7.0150531e+00   1.3672279e+02
   7.0222845e+00   1.3672295e+02
   7.0295159e+00   1.3672311e+02
   7.0367473e+00   1.3672327e+02
   7.0439787e+00   1.3672343e+02
   7.0512101e+00   1.3672359e+02
   7.0584415e+00   1.3672376e+02
   7.0656729e+00   1.3672392e+02
   7.0729043e+00   1.3672408e+02
   7.0801357e+00   1.3672424e+02
   7.0873671e+00   1.3672441e+02
   7.0945985e+00   1.3672457e+02
   7.1018299e+00   1.3672473e+02
   7.1090612e+00   1.3672490e+02
   7.1162926e+00   1.3672506e+02
   7.1235240e+00   1.3672522e+02
   7.1307554e+00   1.3672539e+02
   7.1379868e+00   1.3672555e+02
   7.1452182e+00   1.3672572e+02
   7.1524496e+00   1.3672588e+02
   7.1596810e+00   1.3672605e+02
   7.1669124e+00   1.3672621e+02
   7.1741438e+00   1.3672638e+02
   7.1813752e+00   1.3672654e+02
   7.1886066e+00   1.3672671e+02
   7.1958380e+00   1.3672687e+02
   7.2030694e+00   1.3672704e+02
   7.2103008e+00   1.3672720e+02
   7.2175322e+00   1.3672737e+02
   7.2247636e+00   1.3672754e+02
   7.2319950e+00   1.3672770e+02
   7.2392264e+00   1.3672787e+02
   7.2464578e+00   1.3672804e+02
   7.2536892e+00   1.3672820e+02
   7.2609206e+00   1.3672837e+02
   7.2681520e+00   1.3672854e+02
   7.2753834e+00   1.3672870e+02
   7.2826148e+00   1.3672887e+02
   7.2898461e+00   1.3672904e+02
   7.2970775e+00   1.3672921e+02
   7.3043089e+00   1.3672937e+02
   7.3115403e+00   1.3672954e+02
   7.3187717e+00   1.3672971e+02
   7.3260031e+00   1.3672988e+02
   7.3332345e+00   1.3673005e+02
   7.3404659e+00   1.3673022e+02
   7.3476973e+00   1.3673039e+02
   7.3549287e+00   1.3673056e+02
   7.3621601e+00   1.3673073e+02
   7.3693915e+00   1.3673090e+02
   7.3766229e+00   1.3673107e+02
   7.3838543e+00   1.3673124e+02
   7.3910857e+00   1.3673141e+02
   7.3983171e+00   1.3673158e+02
   7.4055485e+00   1.3673175e+02
   7.4127799e+00   1.3673192e+02
   7.4200113e+00   1.3673209e+02
   7.4272427e+00   1.3673226e+02
   7.4344741e+00   1.3673243e+02
   7.4417055e+00   1.3673260e+02
   7.4489369e+00   1.3673277e+02
   7.4561683e+00   1.3673294e+02
   7.4633996e+00   1.3673312e+02
   7.4706310e+00   1.3673329e+02
   7.4778624e+00   1.3673346e+02
   7.4850938e+00   1.3673363e+02
   7.4923252e+00   1.3673381e+02
   7.4995566e+00   1.3673398e+02
   7.5067880e+00   1.3673415e+02
   7.5140194e+00   1.3673432e+02
   7.5212508e+00   1.3673450e+02
   7.5284822e+00   1.3673467e+02
   7.5357136e+00   1.3673484e+02
   7.5429450e+00   1.3673502e+02
   7.5501764e+00   1.3673519e+02
   7.5574078e+00   1.3673537e+02
   7.5646392e+00   1.3673554e+02
   7.5718706e+00   1.3673571e+02
   7.5791020e+00   1.3673589e+02
   7.5863334e+00   1.3673606e+02
   7.5935648e+00   1.3673624e+02
   7.6007962e+00   1.3673641e+02
   7.6080276e+00   1.3673659e+02
   7.6152590e+00   1.3673676e+02
   7.6224904e+00   1.3673694e+02
   7.6297218e+00   1.3673712e+02
   7.6369532e+00   1.3673729e+02
   7.6441845e+00   1.3673747e+02
   7.6514159e+00   1.3673764e+02
   7.6586473e+00   1.3673782e+02
   7.6658787e+00   1.3673800e+02
   7.6731101e+00   1.3673817e+02
   7.6803415e+00   1.3673835e+02
   7.6875729e+00   1.3673853e+02
   7.6948043e+00   1.3673871e+02
   7.7020357e+00   1.3673888e+02
   7.7092671e+00   1.3673906e+02
   7.7164985e+00   1.3673924e+02
   7.7237299e+00   1.3673942e+02
   7.7309613e+00   1.3673959e+02
   7.7381927e+00   1.3673977e+02
   7.7454241e+00   1.3673995e+02
   7.7526555e+00   1.3674013e+02
   7.7598869e+00   1.3674031e+02
   7.7671183e+00   1.3674049e+02
   7.7743497e+00   1.3674067e+02
   7.7815811e+00   1.3674085e+02
   7.7888125e+00   1.3674103e+02
   7.7960439e+00   1.3674121e+02
   7.8032753e+00   1.3674139e+02
   7.8105067e+00   1.3674157e+02
   7.8177380e+00   1.3674175e+02
   7.8249694e+00   1.3674193e+02
   7.8322008e+00   1.3674211e+02
   7.8394322e+00   1.3674229e+02
   7.8466636e+00   1.3674247e+02
   7.8538950e+00   1.3674265e+02
   7.8611264e+00   1.3674283e+02
   7.8683578e+00   1.3674301e+02
   7.8755892e+00   1.3674320e+02
   7.8828206e+00   1.3674338e+02
   7.8900520e+00   1.3674356e+02
   7.8972834e+00   1.3674374e+02
   7.9045148e+00   1.3674392e+02
   7.9117462e+00   1.3674411e+02
   7.9189776e+00   1.3674429e+02
   7.9262090e+00   1.3674447e+02
   7.9334404e+00   1.3674465e+02
   7.9406718e+00   1.3674484e+02
   7.9479032e+00   1.3674502e+02
   7.9551346e+00   1.3674520e+02
   7.9623660e+00   1.3674539e+02
   7.9695974e+00   1.3674557e+02
   7.9768288e+00   1.3674576e+02
   7.9840602e+00   1.3674594e+02
   7.9912916e+00   1.3674612e+02
   7.9985229e+00   1.3674631e+02
   8.0057543e+00   1.3674649e+02
   8.0129857e+00   1.3674668e+02
   8.0202171e+00   1.3674686e+02
   8.0274485e+00   1.3674705e+02
   8.0346799e+00   1.3674723e+02
   8.0419113e+00   1.3674742e+02
   8.0491427e+00   1.3674761e+02
   8.0563741e+00   1.3674779e+02
   8.0636055e+00   1.3674798e+02
   8.0708369e+00   1.3674816e+02
   8.0780683e+00   1.3674835e+02
   8.0852997e+00   1.3674854e+02
   8.0925311e+00   1.3674872e+02
   8.0997625e+00   1.3674891e+02
   8.1069939e+00   1.3674910e+02
   8.1142253e+00   1.3674929e+02
   8.1214567e+00   1.3674947e+02
   8.1286881e+00   1.3674966e+02
   8.1359195e+00   1.3674985e+02
   8.1431509e+00   1.3675004e+02
   8.1503823e+00   1.3675023e+02
   8.1576137e+00   1.3675041e+02
   8.1648451e+00   1.3675060e+02
   8.1720764e+00   1.3675079e+02
   8.1793078e+00   1.3675098e+02
   8.1865392e+00   1.3675117e+02
   8.1937706e+00   1.3675136e+02
   8.2010020e+00   1.3675155e+02
   8.2082334e+00   1.3675174e+02
   8.2154648e+00   1.3675193e+02
   8.2226962e+00   1.3675212e+02
   8.2299276e+00   1.3675231e+02
   8.2371590e+00   1.3675250e+02
   8.2443904e+00   1.3675269e+02
   8.2516218e+00   1.3675288e+02
   8.2588532e+00   1.3675307e+02
   8.2660846e+00   1.3675326e+02
   8.2733160e+00   1.3675345e+02
   8.2805474e+00   1.3675364e+02
   8.2877788e+00   1.3675383e+02
   8.2950102e+00   1.3675403e+02
   8.3022416e+00   1.3675422e+02
   8.3094730e+00   1.3675441e+02
   8.3167044e+00   1.3675460e+02
   8.3239358e+00   1.3675479e+02
   8.3311672e+00   1.3675499e+02
   8.3383986e+00   1.3675518e+02
   8.3456299e+00   1.3675537e+02
   8.3528613e+00   1.3675557e+02
   8.3600927e+00   1.3675576e+02
   8.3673241e+00   1.3675595e+02
   8.3745555e+00   1.3675615e+02
   8.3817869e+00   1.3675634e+02
   8.3890183e+00   1.3675653e+02
   8.3962497e+00   1.3675673e+02
   8.4034811e+00   1.3675692e+02
   8.4107125e+00   1.3675712e+02
   8.4179439e+00   1.3675731e+02
   8.4251753e+00   1.3675751e+02
   8.4324067e+00   1.3675770e+02
   8.4396381e+00   1.3675790e+02
   8.4468695e+00   1.3675809e+02
   8.4541009e+00   1.3675829e+02
   8.4613323e+00   1.3675848e+02
   8.4685637e+00   1.3675868e+02
   8.4757951e+00   1.3675887e+02
   8.4830265e+00   1.3675907e+02
   8.4902579e+00   1.3675927e+02
   8.4974893e+00   1.3675946e+02
   8.5047207e+00   1.3675966e+02
   8.5119521e+00   1.3675986e+02
   8.5191835e+00   1.3676005e+02
   8.5264148e+00   1.3676025e+02
   8.5336462e+00   1.3676045e+02
   8.5408776e+00   1.3676065e+02
   8.5481090e+00   1.3676084e+02
   8.5553404e+00   1.3676104e+02
   8.5625718e+00   1.3676124e+02
   8.5698032e+00   1.3676144e+02
   8.5770346e+00   1.3676164e+02
   8.5842660e+00   1.3676184e+02
   8.5914974e+00   1.3676203e+02
   8.5987288e+00   1.3676223e+02
   8.6059602e+00   1.3676243e+02
   8.6131916e+00   1.3676263e+02
   8.6204230e+00   1.3676283e+02
   8.6276544e+00   1.3676303e+02
   8.6348858e+00   1.3676323e+02
   8.6421172e+00   1.3676343e+02
   8.6493486e+00   1.3676363e+02
   8.6565800e+00   1.3676383e+02
   8.6638114e+00   1.3676403e+02
   8.6710428e+00   1.3676423e+02
   8.6782742e+00   1.3676443e+02
   8.6855056e+00   1.3676463e+02
   8.6927370e+00   1.3676484e+02
   8.6999683e+00   1.3676504e+02
   8.7071997e+00   1.3676524e+02
   8.7144311e+00   1.3676544e+02
   8.7216625e+00   1.3676564e+02
   8.7288939e+00   1.3676584e+02
   8.7361253e+00   1.3676605e+02
   8.7433567e+00   1.3676625e+02
   8.7505881e+00   1.3676645e+02
   8.7578195e+00   1.3676665e+02
   8.7650509e+00   1.3676686e+02
   8.7722823e+00   1.3676706e+02
   8.7795137e+00   1.3676726e+02
   8.7867451e+00   1.3676747e+02
   8.7939765e+00   1.3676767e+02
   8.8012079e+00   1.3676787e+02
   8.8084393e+00   1.3676808e+02
   8.8156707e+00   1.3676828e+02
   8.8229021e+00   1.3676849e+02
   8.8301335e+00   1.3676869e+02
   8.8373649e+00   1.3676890e+02
   8.8445963e+00   1.3676910e+02
   8.8518277e+00   1.3676931e+02
   8.8590591e+00   1.3676951e+02
   8.8662905e+00   1.3676972e+02
   8.8735219e+00   1.3676992e+02
   8.8807532e+00   1.3677013e+02
   8.8879846e+00   1.3677033e+02
   8.8952160e+00   1.3677054e+02
   8.9024474e+00   1.3677075e+02
   8.9096788e+00   1.3677095e+02
   8.9169102e+00   1.3677116e+02
   8.9241416e+00   1.3677137e+02
   8.9313730e+00   1.3677157e+02
   8.9386044e+00   1.3677178e+02
   8.9458358e+00   1.3677199e+02
   8.9530672e+00   1.3677220e+02
   8.9602986e+00   1.3677240e+02
   8.9675300e+00   1.3677261e+02
   8.9747614e+00   1.3677282e+02
   8.9819928e+00   1.3677303e+02
   8.9892242e+00   1.3677324e+02
   8.9964556e+00   1.3677344e+02
   9.0036870e+00   1.3677365e+02
   9.0109184e+00   1.3677386e+02
   9.0181498e+00   1.3677407e+02
   9.0253812e+00   1.3677428e+02
   9.0326126e+00   1.3677449e+02
   9.0398440e+00   1.3677470e+02
   9.0470754e+00   1.3677491e+02
   9.0543067e+00   1.3677512e+02
   9.0615381e+00   1.3677533e+02
   9.0687695e+00   1.3677554e+02
   9.0760009e+00   1.3677575e+02
   9.0832323e+00   1.3677596e+02
   9.0904637e+00   1.3677617e+02
   9.0976951e+00   1.3677638e+02
   9.1049265e+00   1.3677659e+02
   9.1121579e+00   1.3677680e+02
   9.1193893e+00   1.3677702e+02
   9.1266207e+00   1.3677723e+02
   9.1338521e+00   1.3677744e+02
   9.1410835e+00   1.3677765e+02
   9.1483149e+00   1.3677786e+02
   9.1555463e+00   1.3677808e+02
   9.1627777e+00   1.3677829e+02
   9.1700091e+00   1.3677850e+02
   9.1772405e+00   1.3677871e+02
   9.1844719e+00   1.3677893e+02
   9.1917033e+00   1.3677914e+02
   9.1989347e+00   1.3677935e+02
   9.2061661e+00   1.3677957e+02
   9.2133975e+00   1.3677978e+02
   9.2206289e+00   1.3678000e+02
   9.2278603e+00   1.3678021e+02
   9.2350916e+00   1.3678042e+02
   9.2423230e+00   1.3678064e+02
   9.2495544e+00   1.3678085e+02
   9.2567858e+00   1.3678107e+02
   9.2640172e+00   1.3678128e+02
   9.2712486e+00   1.3678150e+02
   9.2784800e+00   1.3678171e+02
   9.2857114e+00   1.3678193e+02
   9.2929428e+00   1.3678215e+02
   9.3001742e+00   1.3678236e+02
   9.3074056e+00   1.3678258e+02
   9.3146370e+00   1.3678279e+02
   9.3218684e+00   1.3678301e+02
   9.3290998e+00   1.3678323e+02
   9.3363312e+00   1.3678344e+02
   9.3435626e+00   1.3678366e+02
   9.3507940e+00   1.3678388e+02
   9.3580254e+00   1.3678410e+02
   9.3652568e+00   1.3678431e+02
   9.3724882e+00   1.3678453e+02
   9.3797196e+00   1.3678475e+02
   9.3869510e+00   1.3678497e+02
   9.3941824e+00   1.3678518e+02
   9.4014138e+00   1.3678540e+02
   9.4086451e+00   1.3678562e+02
   9.4158765e+00   1.3678584e+02
   9.4231079e+00   1.3678606e+02
   9.4303393e+00   1.3678628e+02
   9.4375707e+00   1.3678650e+02
   9.4448021e+00   1.3678672e+02
   9.4520335e+00   1.3678694e+02
   9.4592649e+00   1.3678716e+02
   9.4664963e+00   1.3678738e+02
   9.4737277e+00   1.3678760e+02
   9.4809591e+00   1.3678782e+02
   9.4881905e+00   1.3678804e+02
   9.4954219e+00   1.3678826e+02
   9.5026533e+00   1.3678848e+02
   9.5098847e+00   1.3678870e+02
   9.5171161e+00   1.3678892e+02
   9.5243475e+00   1.3678914e+02
   9.5315789e+00   1.3678936e+02
   9.5388103e+00   1.3678959e+02
   9.5460417e+00   1.3678981e+02
   9.5532731e+00   1.3679003e+02
   9.5605045e+00   1.3679025e+02
   9.5677359e+00   1.3679047e+02
   9.5749673e+00   1.3679070e+02
   9.5821986e+00   1.3679092e+02
   9.5894300e+00   1.3679114e+02
   9.5966614e+00   1.3679137e+02
   9.6038928e+00   1.3679159e+02
   9.6111242e+00   1.3679181e+02
   9.6183556e+00   1.3679204e+02
   9.6255870e+00   1.3679226e+02
   9.6328184e+00   1.3679248e+02
   9.6400498e+00   1.3679271e+02
   9.6472812e+00   1.3679293e+02
   9.6545126e+00   1.3679316e+02
   9.6617440e+00   1.3679338e+02
   9.6689754e+00   1.3679361e+02
   9.6762068e+00   1.3679383e+02
   9.6834382e+00   1.3679406e+02
   9.6906696e+00   1.3679428e+02
   9.6979010e+00   1.3679451e+02
   9.7051324e+00   1.3679473e+02
   9.7123638e+00   1.3679496e+02
   9.7195952e+00   1.3679519e+02
   9.7268266e+00   1.3679541e+02
   9.7340580e+00   1.3679564e+02
   9.7412894e+00   1.3679587e+02
   9.7485208e+00   1.3679609e+02
   9.7557522e+00   1.3679632e+02
   9.7629835e+00   1.3679655e+02
   9.7702149e+00   1.3679677e+02
   9.7774463e+00   1.3679700e+02
   9.7846777e+00   1.3679723e+02
   9.7919091e+00   1.3679746e+02
   9.7991405e+00   1.3679769e+02
   9.8063719e+00   1.3679791e+02
   9.8136033e+00   1.3679814e+02
   9.8208347e+00   1.3679837e+02
   9.8280661e+00   1.3679860e+02
   9.8352975e+00   1.3679883e+02
   9.8425289e+00   1.3679906e+02
   9.8497603e+00   1.3679929e+02
   9.8569917e+00   1.3679952e+02
   9.8642231e+00   1.3679975e+02
   9.8714545e+00   1.3679998e+02
   9.8786859e+00   1.3680021e+02
   9.8859173e+00   1.3680043e+02
   9.8931487e+00   1.3680066e+02
   9.9003801e+00   1.3680089e+02
   9.9076115e+00   1.3680112e+02
   9.9148429e+00   1.3680134e+02
   9.9220743e+00   1.3680157e+02
   9.9293057e+00   1.3680179e+02
   9.9365370e+00   1.3680202e+02
   9.9437684e+00   1.3680224e+02
   9.9509998e+00   1.3680247e+02
   9.9582312e+00   1.3680269e+02
   9.9654626e+00   1.3680292e+02
   9.9726940e+00   1.3680315e+02
   9.9799254e+00   1.3680337e+02
   9.9871568e+00   1.3680360e+02
   9.9943882e+00   1.3680383e+02
   1.0001620e+01   1.3680406e+02
   1.0009893e+01   1.3680432e+02
   1.0019210e+01   1.3680461e+02
   1.0029568e+01   1.3680494e+02
   1.0040969e+01   1.3680530e+02
   1.0053412e+01   1.3680570e+02
   1.0066898e+01   1.3680612e+02
   1.0081426e+01   1.3680659e+02
   1.0096996e+01   1.3680708e+02
   1.0113609e+01   1.3680761e+02
   1.0131265e+01   1.3680818e+02
   1.0149962e+01   1.3680878e+02
   1.0169702e+01   1.3680941e+02
   1.0190484e+01   1.3681008e+02
   1.0212309e+01   1.3681079e+02
   1.0235176e+01   1.3681153e+02
   1.0235176e+01   1.3679005e+02
   1.0235176e+01   1.3676951e+02
   1.0235176e+01   1.3674992e+02
   1.0235176e+01   1.3673127e+02
   1.0235176e+01   1.3671357e+02
   1.0235176e+01   1.3669681e+02
   1.0235176e+01   1.3668100e+02
   1.0235176e+01   1.3666614e+02
   1.0235176e+01   1.3665222e+02
   1.0235176e+01   1.3663924e+02
   1.0235176e+01   1.3662721e+02
   1.0235176e+01   1.3661613e+02
   1.0235176e+01   1.3660599e+02
   1.0235176e+01   1.3659680e+02
   1.0235176e+01   1.3658855e+02
   1.0235176e+01   1.3658125e+02
   1.0235176e+01   1.3657395e+02
   1.0235176e+01   1.3656665e+02
   1.0235176e+01   1.3655934e+02
   1.0235176e+01   1.3655204e+02
   1.0235176e+01   1.3654474e+02
   1.0235176e+01   1.3653744e+02
   1.0235176e+01   1.3653014e+02
   1.0235176e+01   1.3652283e+02
   1.0235176e+01   1.3651553e+02
   1.0235176e+01   1.3650823e+02
   1.0235176e+01   1.3650093e+02
   1.0235176e+01   1.3649363e+02
   1.0235176e+01   1.3648632e+02
   1.0235176e+01   1.3647902e+02
   1.0235176e+01   1.3647172e+02
   1.0235176e+01   1.3646442e+02
   1.0235176e+01   1.3645712e+02
   1.0235176e+01   1.3644981e+02
   1.0235176e+01   1.3644251e+02
   1.0235176e+01   1.3643521e+02
   1.0235176e+01   1.3642791e+02
   1.0235176e+01   1.3642060e+02
   1.0235176e+01   1.3641330e+02
   1.0235176e+01   1.3640600e+02
   1.0235176e+01   1.3639870e+02
   1.0235176e+01   1.3639140e+02
   1.0235176e+01   1.3638409e+02
   1.0235176e+01   1.3637679e+02
   1.0235176e+01   1.3636949e+02
   1.0235176e+01   1.3636219e+02
   1.0235176e+01   1.3635489e+02
   1.0235176e+01   1.3634758e+02
   1.0235176e+01   1.3634028e+02
   1.0235176e+01   1.3633298e+02
   1.0235176e+01   1.3632568e+02
   1.0235176e+01   1.3631838e+02
   1.0235176e+01   1.3631107e+02
   1.0235176e+01   1.3630377e+02
   1.0235176e+01   1.3629647e+02
   1.0235176e+01   1.3628917e+02
   1.0235176e+01   1.3628187e+02
   1.0235176e+01   1.3627456e+02
   1.0235176e+01   1.3626726e+02
   1.0235176e+01   1.3625996e+02
   1.0235176e+01   1.3625266e+02
   1.0235176e+01   1.3624536e+02
   1.0235176e+01   1.3623805e+02
   1.0235176e+01   1.3623075e+02
   1.0235176e+01   1.3622345e+02
   1.0235176e+01   1.3621615e+02
   1.0235176e+01   1.3620885e+02
   1.0235176e+01   1.3620154e+02
   1.0235176e+01   1.3619424e+02
   1.0235176e+01   1.3618694e+02
   1.0235176e+01   1.3617964e+02
   1.0235176e+01   1.3617234e+02
   1.0235176e+01   1.3616503e+02
   1.0235176e+01   1.3615773e+02
   1.0235176e+01   1.3615043e+02
   1.0235176e+01   1.3614313e+02
   1.0235176e+01   1.3613582e+02
   1.0235176e+01   1.3612852e+02
   1.0235176e+01   1.3612122e+02
   1.0235176e+01   1.3611392e+02
   1.0235176e+01   1.3610662e+02
   1.0235176e+01   1.3609931e+02
   1.0235176e+01   1.3609201e+02
   1.0235176e+01   1.3608471e+02
   1.0235176e+01   1.3607741e+02
   1.0235176e+01   1.3607011e+02
   1.0235176e+01   1.3606280e+02
   1.0235176e+01   1.3605550e+02
   1.0235176e+01   1.3604820e+02
   1.0235176e+01   1.3604090e+02
   1.0235176e+01   1.3603360e+02
   1.0235176e+01   1.3602629e+02
   1.0235176e+01   1.3601899e+02
   1.0235176e+01   1.3601169e+02
   1.0235176e+01   1.3600439e+02
   1.0235176e+01   1.3599709e+02
   1.0235176e+01   1.3598978e+02
   1.0235176e+01   1.3598248e+02
   1.0235176e+01   1.3597518e+02
   1.0235176e+01   1.3596788e+02
   1.0235176e+01   1.3596058e+02
   1.0235176e+01   1.3595327e+02
   1.0235176e+01   1.3594597e+02
   1.0235176e+01   1.3593867e+02
   1.0235176e+01   1.3593137e+02
   1.0235176e+01   1.3592407e+02
   1.0235176e+01   1.3591676e+02
   1.0235176e+01   1.3590946e+02
   1.0235176e+01   1.3590216e+02
   1.0235176e+01   1.3589486e+02
   1.0235176e+01   1.3588756e+02
   1.0235176e+01   1.3588025e+02
   1.0235176e+01   1.3587295e+02
   1.0235176e+01   1.3586565e+02
   1.0235176e+01   1.3585835e+02
   1.0235176e+01   1.3585104e+02
   1.0235176e+01   1.3584374e+02
   1.0235176e+01   1.3583644e+02
   1.0235176e+01   1.3582914e+02
   1.0235176e+01   1.3582184e+02
   1.0235176e+01   1.3581453e+02
   1.0235176e+01   1.3580723e+02
   1.0235176e+01   1.3579993e+02
   1.0235176e+01   1.3579263e+02
   1.0235176e+01   1.3578533e+02
   1.0235176e+01   1.3577802e+02
   1.0235176e+01   1.3577072e+02
   1.0235176e+01   1.3576342e+02
   1.0235176e+01   1.3575612e+02
   1.0235176e+01   1.3574882e+02
   1.0235176e+01   1.3574151e+02
   1.0235176e+01   1.3573421e+02
   1.0235176e+01   1.3572691e+02
   1.0235176e+01   1.3571961e+02
   1.0235176e+01   1.3571231e+02
   1.0235176e+01   1.3570500e+02
   1.0235176e+01   1.3569770e+02
   1.0235176e+01   1.3569040e+02
   1.0235176e+01   1.3568310e+02
   1.0235176e+01   1.3567580e+02
   1.0235176e+01   1.3566849e+02
   1.0235176e+01   1.3566119e+02
   1.0235176e+01   1.3565389e+02
   1.0235176e+01   1.3564659e+02
   1.0235176e+01   1.3563929e+02
   1.0235176e+01   1.3563198e+02
   1.0235176e+01   1.3562468e+02
   1.0235176e+01   1.3561738e+02
   1.0235176e+01   1.3561008e+02
   1.0235176e+01   1.3560278e+02
   1.0235176e+01   1.3559547e+02
   1.0235176e+01   1.3558817e+02
   1.0235176e+01   1.3558087e+02
   1.0235176e+01   1.3557357e+02
   1.0235176e+01   1.3556626e+02
   1.0235176e+01   1.3555896e+02
   1.0235176e+01   1.3555166e+02
   1.0235176e+01   1.3554436e+02
   1.0235176e+01   1.3553706e+02
   1.0235176e+01   1.3552975e+02
   1.0235176e+01   1.3552245e+02
   1.0235176e+01   1.3551515e+02
   1.0235176e+01   1.3550785e+02
   1.0235176e+01   1.3550055e+02
   1.0235176e+01   1.3549324e+02
   1.0235176e+01   1.3548594e+02
   1.0235176e+01   1.3547864e+02
   1.0235176e+01   1.3547134e+02
   1.0235176e+01   1.3546404e+02
   1.0235176e+01   1.3545673e+02
   1.0235176e+01   1.3544943e+02
   1.0235176e+01   1.3544213e+02
   1.0235176e+01   1.3543483e+02
   1.0235176e+01   1.3542753e+02
   1.0235176e+01   1.3542022e+02
   1.0235176e+01   1.3541292e+02
   1.0235176e+01   1.3540562e+02
   1.0235176e+01   1.3539832e+02
   1.0235176e+01   1.3539102e+02
   1.0235176e+01   1.3538371e+02
   1.0235176e+01   1.3537641e+02
   1.0235176e+01   1.3536911e+02
   1.0235176e+01   1.3536181e+02
   1.0235176e+01   1.3535451e+02
   1.0235176e+01   1.3534720e+02
   1.0235176e+01   1.3533990e+02
   1.0235176e+01   1.3533260e+02
   1.0235176e+01   1.3532530e+02
   1.0235176e+01   1.3531800e+02
   1.0235176e+01   1.3531069e+02
   1.0235176e+01   1.3530339e+02
   1.0235176e+01   1.3529609e+02
   1.0235176e+01   1.3528879e+02
   1.0235176e+01   1.3528148e+02
   1.0235176e+01   1.3527418e+02
   1.0235176e+01   1.3526688e+02
   1.0235176e+01   1.3525958e+02
   1.0235176e+01   1.3525228e+02
   1.0235176e+01   1.3524497e+02
   1.0235176e+01   1.3523767e+02
   1.0235176e+01   1.3523037e+02
   1.0235176e+01   1.3522307e+02
   1.0235176e+01   1.3521577e+02
   1.0235176e+01   1.3520846e+02
   1.0235176e+01   1.3520116e+02
   1.0235176e+01   1.3519386e+02
   1.0235176e+01   1.3518656e+02
   1.0235176e+01   1.3517926e+02
   1.0235176e+01   1.3517195e+02
   1.0235176e+01   1.3516465e+02
   1.0235176e+01   1.3515735e+02
   1.0235176e+01   1.3515005e+02
   1.0235176e+01   1.3514275e+02
   1.0235176e+01   1.3513544e+02
   1.0235176e+01   1.3512814e+02
   1.0235176e+01   1.3512084e+02
   1.0235176e+01   1.3511354e+02
   1.0235176e+01   1.3510624e+02
   1.0235176e+01   1.3509893e+02
   1.0235176e+01   1.3509163e+02
   1.0235176e+01   1.3508433e+02
   1.0235176e+01   1.3507703e+02
   1.0235176e+01   1.3506973e+02
   1.0235176e+01   1.3506242e+02
   1.0235176e+01   1.3505512e+02
   1.0235176e+01   1.3504782e+02
   1.0235176e+01   1.3504052e+02
   1.0235176e+01   1.3503322e+02
   1.0235176e+01   1.3502591e+02
   1.0235176e+01   1.3501861e+02
   1.0235176e+01   1.3501131e+02
   1.0235176e+01   1.3500401e+02
   1.0235176e+01   1.3499670e+02
   1.0235176e+01   1.3498940e+02
   1.0235176e+01   1.3498210e+02
   1.0235176e+01   1.3497480e+02
   1.0235176e+01   1.3496750e+02
   1.0235176e+01   1.3496019e+02
   1.0235176e+01   1.3495289e+02
   1.0235176e+01   1.3494559e+02
   1.0235176e+01   1.3493829e+02
   1.0235176e+01   1.3493099e+02
   1.0235176e+01   1.3492368e+02
   1.0235176e+01   1.3491638e+02
   1.0235176e+01   1.3490908e+02
   1.0235176e+01   1.3490178e+02
   1.0235176e+01   1.3489448e+02
   1.0235176e+01   1.3488717e+02
   1.0235176e+01   1.3487987e+02
   1.0235176e+01   1.3487257e+02
   1.0235176e+01   1.3486527e+02
   1.0235176e+01   1.3485797e+02
   1.0235176e+01   1.3485066e+02
   1.0235176e+01   1.3484336e+02
   1.0235176e+01   1.3483606e+02
   1.0235176e+01   1.3482876e+02
   1.0235176e+01   1.3482146e+02
   1.0235176e+01   1.3481415e+02
   1.0235176e+01   1.3480685e+02
   1.0235176e+01   1.3479955e+02
   1.0235176e+01   1.3479225e+02
   1.0235176e+01   1.3478495e+02
   1.0235176e+01   1.3477764e+02
   1.0235176e+01   1.3477034e+02
   1.0235176e+01   1.3476304e+02
   1.0235176e+01   1.3475574e+02
   1.0235176e+01   1.3474843e+02
   1.0235176e+01   1.3474113e+02
   1.0235176e+01   1.3473383e+02
   1.0235176e+01   1.3472653e+02
   1.0235176e+01   1.3471923e+02
   1.0235176e+01   1.3471192e+02
   1.0235176e+01   1.3470462e+02
   1.0235176e+01   1.3469732e+02
   1.0235176e+01   1.3469002e+02
   1.0235176e+01   1.3468272e+02
   1.0235176e+01   1.3467541e+02
   1.0235176e+01   1.3466811e+02
   1.0235176e+01   1.3466081e+02
   1.0235176e+01   1.3465351e+02
   1.0235176e+01   1.3464621e+02
   1.0235176e+01   1.3463890e+02
   1.0235176e+01   1.3463160e+02
   1.0235176e+01   1.3462430e+02
   1.0235176e+01   1.3461700e+02
   1.0235176e+01   1.3460970e+02
   1.0235176e+01   1.3460239e+02
   1.0235176e+01   1.3459509e+02
   1.0235176e+01   1.3458779e+02
   1.0235176e+01   1.3458049e+02
   1.0235176e+01   1.3457319e+02
   1.0235176e+01   1.3456588e+02
   1.0235176e+01   1.3455858e+02
   1.0235176e+01   1.3455128e+02
   1.0235176e+01   1.3454398e+02
   1.0235176e+01   1.3453668e+02
   1.0235176e+01   1.3452937e+02
   1.0235176e+01   1.3452207e+02
   1.0235176e+01   1.3451477e+02
   1.0235176e+01   1.3450747e+02
   1.0235176e+01   1.3450017e+02
   1.0235176e+01   1.3449286e+02
   1.0235176e+01   1.3448556e+02
   1.0235176e+01   1.3447826e+02
   1.0235176e+01   1.3447096e+02
   1.0235176e+01   1.3446365e+02
   1.0235176e+01   1.3445635e+02
   1.0235176e+01   1.3444905e+02
   1.0235176e+01   1.3444175e+02
   1.0235176e+01   1.3443445e+02
   1.0235176e+01   1.3442714e+02
   1.0235176e+01   1.3441984e+02
   1.0235176e+01   1.3441254e+02
   1.0235176e+01   1.3440524e+02
   1.0235176e+01   1.3439794e+02
   1.0235176e+01   1.3439063e+02
   1.0235176e+01   1.3438333e+02
   1.0235176e+01   1.3437603e+02
   1.0235176e+01   1.3436873e+02
   1.0235176e+01   1.3436143e+02
   1.0235176e+01   1.3435412e+02
   1.0235176e+01   1.3434682e+02
   1.0235176e+01   1.3433952e+02
   1.0235176e+01   1.3433222e+02
   1.0235176e+01   1.3432492e+02
   1.0235176e+01   1.3431761e+02
   1.0235176e+01   1.3431031e+02
   1.0235176e+01   1.3430301e+02
   1.0235176e+01   1.3429571e+02
   1.0235176e+01   1.3428841e+02
   1.0235176e+01   1.3428110e+02
   1.0235176e+01   1.3427380e+02
   1.0235176e+01   1.3426650e+02
   1.0235176e+01   1.3425920e+02
   1.0235176e+01   1.3425190e+02
   1.0235176e+01   1.3424459e+02
   1.0235176e+01   1.3423729e+02
   1.0235176e+01   1.3422999e+02
   1.0235176e+01   1.3422269e+02
   1.0235176e+01   1.3421539e+02
   1.0235176e+01   1.3420808e+02
   1.0235176e+01   1.3420078e+02
   1.0235176e+01   1.3419348e+02
   1.0235176e+01   1.3418618e+02
   1.0235176e+01   1.3417887e+02
   1.0235176e+01   1.3417157e+02
   1.0235176e+01   1.3416427e+02
   1.0235176e+01   1.3415697e+02
   1.0235176e+01   1.3414967e+02
   1.0235176e+01   1.3414236e+02
   1.0235176e+01   1.3413506e+02
   1.0235176e+01   1.3412776e+02
   1.0235176e+01   1.3412046e+02
   1.0235176e+01   1.3411316e+02
   1.0235176e+01   1.3410585e+02
   1.0235176e+01   1.3409855e+02
   1.0235176e+01   1.3409125e+02
   1.0235176e+01   1.3408395e+02
   1.0235176e+01   1.3407665e+02
   1.0235176e+01   1.3406934e+02
   1.0235176e+01   1.3406204e+02
   1.0235176e+01   1.3405474e+02
   1.0235176e+01   1.3404744e+02
   1.0235176e+01   1.3404014e+02
   1.0235176e+01   1.3403283e+02
   1.0235176e+01   1.3402553e+02
   1.0235176e+01   1.3401823e+02
   1.0235176e+01   1.3401093e+02
   1.0235176e+01   1.3400363e+02
   1.0235176e+01   1.3399632e+02
   1.0235176e+01   1.3398902e+02
   1.0235176e+01   1.3398172e+02
   1.0235176e+01   1.3397442e+02
   1.0235176e+01   1.3396712e+02
   1.0235176e+01   1.3395981e+02
   1.0235176e+01   1.3395251e+02
   1.0235176e+01   1.3394521e+02
   1.0235176e+01   1.3393791e+02
   1.0235176e+01   1.3393061e+02
   1.0235176e+01   1.3392330e+02
   1.0235176e+01   1.3391600e+02
   1.0235176e+01   1.3390870e+02
   1.0235176e+01   1.3390140e+02
   1.0235176e+01   1.3389409e+02
   1.0235176e+01   1.3388679e+02
   1.0235176e+01   1.3387949e+02
   1.0235176e+01   1.3387219e+02
   1.0235176e+01   1.3386489e+02
   1.0235176e+01   1.3385758e+02
   1.0235176e+01   1.3385028e+02
   1.0235176e+01   1.3384298e+02
   1.0235176e+01   1.3383568e+02
   1.0235176e+01   1.3382838e+02
   1.0235176e+01   1.3382107e+02
   1.0235176e+01   1.3381377e+02
   1.0235176e+01   1.3380647e+02
   1.0235176e+01   1.3379917e+02
   1.0235176e+01   1.3379187e+02
   1.0235176e+01   1.3378456e+02
   1.0235176e+01   1.3377726e+02
   1.0235176e+01   1.3376996e+02
   1.0235176e+01   1.3376266e+02
   1.0235176e+01   1.3375536e+02
   1.0235176e+01   1.3374805e+02
   1.0235176e+01   1.3374075e+02
   1.0235176e+01   1.3373345e+02
   1.0235176e+01   1.3372615e+02
   1.0235176e+01   1.3371885e+02
   1.0235176e+01   1.3371154e+02
   1.0235176e+01   1.3370424e+02
   1.0235176e+01   1.3369694e+02
   1.0235176e+01   1.3368964e+02
   1.0235176e+01   1.3368234e+02
   1.0235176e+01   1.3367503e+02
   1.0235176e+01   1.3366773e+02
   1.0235176e+01   1.3366043e+02
   1.0235176e+01   1.3365313e+02
   1.0235176e+01   1.3364583e+02
   1.0235176e+01   1.3363852e+02
   1.0235176e+01   1.3363122e+02
   1.0235176e+01   1.3362392e+02
   1.0235176e+01   1.3361662e+02
   1.0235176e+01   1.3360931e+02
   1.0235176e+01   1.3360201e+02
   1.0235176e+01   1.3359471e+02
   1.0235176e+01   1.3358741e+02
   1.0235176e+01   1.3358011e+02
   1.0235176e+01   1.3357280e+02
   1.0235176e+01   1.3356550e+02
   1.0235176e+01   1.3355820e+02
   1.0235176e+01   1.3355090e+02
   1.0235176e+01   1.3354360e+02
   1.0235176e+01   1.3353629e+02
   1.0235176e+01   1.3352899e+02
   1.0235176e+01   1.3352169e+02
   1.0235176e+01   1.3351439e+02
   1.0235176e+01   1.3350709e+02
   1.0235176e+01   1.3349978e+02
   1.0235176e+01   1.3349248e+02
   1.0235176e+01   1.3348518e+02
   1.0235176e+01   1.3347788e+02
   1.0235176e+01   1.3347058e+02
   1.0235176e+01   1.3346327e+02
   1.0235176e+01   1.3345597e+02
   1.0235176e+01   1.3344867e+02
   1.0235176e+01   1.3344137e+02
   1.0235176e+01   1.3343407e+02
   1.0235176e+01   1.3342676e+02
   1.0235176e+01   1.3341946e+02
   1.0235176e+01   1.3341216e+02
   1.0235176e+01   1.3340486e+02
   1.0235176e+01   1.3339756e+02
   1.0235176e+01   1.3339025e+02
   1.0235176e+01   1.3338295e+02
   1.0235176e+01   1.3337565e+02
   1.0235176e+01   1.3336835e+02
   1.0235176e+01   1.3336105e+02
   1.0235176e+01   1.3335374e+02
   1.0235176e+01   1.3334644e+02
   1.0235176e+01   1.3333914e+02
   1.0235176e+01   1.3333184e+02
   1.0235176e+01   1.3332453e+02
   1.0235176e+01   1.3331723e+02
   1.0235176e+01   1.3330993e+02
   1.0235176e+01   1.3330263e+02
   1.0235176e+01   1.3329533e+02
   1.0235176e+01   1.3328802e+02
   1.0235176e+01   1.3328072e+02
   1.0235176e+01   1.3327342e+02
   1.0235176e+01   1.3326612e+02
   1.0235176e+01   1.3325882e+02
   1.0235176e+01   1.3325151e+02
   1.0235176e+01   1.3324421e+02
   1.0235176e+01   1.3323691e+02
   1.0235176e+01   1.3322961e+02
   1.0235176e+01   1.3322231e+02
   1.0235176e+01   1.3321500e+02
   1.0235176e+01   1.3320770e+02
   1.0235176e+01   1.3320040e+02
   1.0235176e+01   1.3319310e+02
   1.0235176e+01   1.3318580e+02
   1.0235176e+01   1.3317849e+02
   1.0235176e+01   1.3317119e+02
   1.0235176e+01   1.3316389e+02
   1.0235176e+01   1.3315659e+02
   1.0235176e+01   1.3314929e+02
   1.0235176e+01   1.3314198e+02
   1.0235176e+01   1.3313468e+02
   1.0235176e+01   1.3312738e+02
   1.0235176e+01   1.3312008e+02
   1.0235176e+01   1.3311278e+02
   1.0235176e+01   1.3310547e+02
   1.0235176e+01   1.3309817e+02
   1.0235176e+01   1.3309087e+02
   1.0235176e+01   1.3308357e+02
   1.0235176e+01   1.3307627e+02
   1.0235176e+01   1.3306896e+02
   1.0235176e+01   1.3306166e+02
   1.0235176e+01   1.3305436e+02
   1.0235176e+01   1.3304706e+02
   1.0235176e+01   1.3303975e+02
   1.0235176e+01   1.3303245e+02
   1.0235176e+01   1.3302515e+02
   1.0235176e+01   1.3301785e+02
   1.0235176e+01   1.3301055e+02
   1.0235176e+01   1.3300324e+02
   1.0235176e+01   1.3299594e+02
   1.0235176e+01   1.3298864e+02
   1.0235176e+01   1.3298134e+02
   1.0235176e+01   1.3297404e+02
   1.0235176e+01   1.3296673e+02
   1.0235176e+01   1.3295943e+02
   1.0235176e+01   1.3295213e+02
   1.0235176e+01   1.3294483e+02
   1.0235176e+01   1.3293753e+02
   1.0235176e+01   1.3293022e+02
   1.0235176e+01   1.3292292e+02
   1.0235176e+01   1.3291562e+02
   1.0235176e+01   1.3290832e+02
   1.0235176e+01   1.3290102e+02
   1.0235176e+01   1.3289371e+02
   1.0235176e+01   1.3288641e+02
   1.0235176e+01   1.3287911e+02
   1.0235176e+01   1.3287181e+02
   1.0235176e+01   1.3286451e+02
   1.0235176e+01   1.3285720e+02
   1.0235176e+01   1.3284990e+02
   1.0235176e+01   1.3284260e+02
   1.0235176e+01   1.3283530e+02
   1.0235176e+01   1.3282800e+02
   1.0235176e+01   1.3282069e+02
   1.0235176e+01   1.3281339e+02
   1.0235176e+01   1.3280609e+02
   1.0235176e+01   1.3279879e+02
   1.0235176e+01   1.3279148e+02
   1.0235176e+01   1.3278418e+02
   1.0235176e+01   1.3277688e+02
   1.0235176e+01   1.3276958e+02
   1.0235176e+01   1.3276228e+02
   1.0235176e+01   1.3275497e+02
   1.0235176e+01   1.3274767e+02
   1.0235176e+01   1.3274037e+02
   1.0235176e+01   1.3273307e+02
   1.0235176e+01   1.3272577e+02
   1.0235176e+01   1.3271846e+02
   1.0235176e+01   1.3271116e+02
   1.0235176e+01   1.3270386e+02
   1.0235176e+01   1.3269656e+02
   1.0235176e+01   1.3268926e+02
   1.0235176e+01   1.3268195e+02
   1.0235176e+01   1.3267465e+02
   1.0235176e+01   1.3266735e+02
   1.0235176e+01   1.3266005e+02
   1.0235176e+01   1.3265275e+02
   1.0235176e+01   1.3264544e+02
   1.0235176e+01   1.3263814e+02
   1.0235176e+01   1.3263084e+02
   1.0235176e+01   1.3262354e+02
   1.0235176e+01   1.3261624e+02
   1.0235176e+01   1.3260893e+02
   1.0235176e+01   1.3260163e+02
   1.0235176e+01   1.3259433e+02
   1.0235176e+01   1.3258703e+02
   1.0235176e+01   1.3257973e+02
   1.0235176e+01   1.3257242e+02
   1.0235176e+01   1.3256512e+02
   1.0235176e+01   1.3255782e+02
   1.0235176e+01   1.3255052e+02
   1.0235176e+01   1.3254322e+02
   1.0235176e+01   1.3253591e+02
   1.0235176e+01   1.3252861e+02
   1.0235176e+01   1.3252131e+02
   1.0235176e+01   1.3251401e+02
   1.0235176e+01   1.3250670e+02
   1.0235176e+01   1.3249940e+02
   1.0235176e+01   1.3249210e+02
   1.0235176e+01   1.3248480e+02
   1.0235176e+01   1.3247750e+02
   1.0235176e+01   1.3247019e+02
   1.0235176e+01   1.3246289e+02
   1.0235176e+01   1.3245559e+02
   1.0235176e+01   1.3244829e+02
   1.0235176e+01   1.3244099e+02
   1.0235176e+01   1.3243368e+02
   1.0235176e+01   1.3242638e+02
   1.0235176e+01   1.3241908e+02
   1.0235176e+01   1.3241178e+02
   1.0235176e+01   1.3240448e+02
   1.0235176e+01   1.3239717e+02
   1.0235176e+01   1.3238987e+02
   1.0235176e+01   1.3238257e+02
   1.0235176e+01   1.3237527e+02
   1.0235176e+01   1.3236797e+02
   1.0235176e+01   1.3236066e+02
   1.0235176e+01   1.3235336e+02
   1.0235176e+01   1.3234606e+02
   1.0235176e+01   1.3233876e+02
   1.0235176e+01   1.3233146e+02
   1.0235176e+01   1.3232415e+02
   1.0235176e+01   1.3231685e+02
   1.0235176e+01   1.3230955e+02
   1.0235176e+01   1.3230225e+02
   1.0235176e+01   1.3229495e+02
   1.0235176e+01   1.3228764e+02
   1.0235176e+01   1.3228034e+02
   1.0235176e+01   1.3227304e+02
   1.0235176e+01   1.3226574e+02
   1.0235176e+01   1.3225844e+02
   1.0235176e+01   1.3225113e+02
   1.0235176e+01   1.3224383e+02
   1.0235176e+01   1.3223653e+02
   1.0235176e+01   1.3222923e+02
   1.0235176e+01   1.3222192e+02
   1.0235176e+01   1.3221462e+02
   1.0235176e+01   1.3220732e+02
   1.0235176e+01   1.3220002e+02
   1.0235176e+01   1.3219272e+02
   1.0235176e+01   1.3218541e+02
   1.0235176e+01   1.3217811e+02
   1.0235176e+01   1.3217081e+02
   1.0235176e+01   1.3216351e+02
   1.0235176e+01   1.3215621e+02
   1.0235176e+01   1.3214890e+02
   1.0235176e+01   1.3214160e+02
   1.0235176e+01   1.3213430e+02
   1.0235176e+01   1.3212700e+02
   1.0235176e+01   1.3211970e+02
   1.0235176e+01   1.3211239e+02
   1.0235176e+01   1.3210509e+02
   1.0235176e+01   1.3209779e+02
   1.0235176e+01   1.3209049e+02
   1.0235176e+01   1.3208319e+02
   1.0235176e+01   1.3207588e+02
   1.0235176e+01   1.3206858e+02
   1.0235176e+01   1.3206128e+02
   1.0235176e+01   1.3205398e+02
   1.0235176e+01   1.3204668e+02
   1.0235176e+01   1.3203937e+02
   1.0235176e+01   1.3203207e+02
   1.0235176e+01   1.3202477e+02
   1.0235176e+01   1.3201747e+02
   1.0235176e+01   1.3201017e+02
   1.0235176e+01   1.3200286e+02
   1.0235176e+01   1.3199556e+02
   1.0235176e+01   1.3198826e+02
   1.0235176e+01   1.3198096e+02
   1.0235176e+01   1.3197366e+02
   1.0235176e+01   1.3196635e+02
   1.0235176e+01   1.3195905e+02
   1.0235176e+01   1.3195175e+02
   1.0235176e+01   1.3194445e+02
   1.0235176e+01   1.3193714e+02
   1.0235176e+01   1.3192984e+02
   1.0235176e+01   1.3192254e+02
   1.0235176e+01   1.3191524e+02
   1.0235176e+01   1.3190794e+02
   1.0235176e+01   1.3190063e+02
   1.0235176e+01   1.3189333e+02
   1.0235176e+01   1.3188603e+02
   1.0235176e+01   1.3187873e+02
   1.0235176e+01   1.3187143e+02
   1.0235176e+01   1.3186412e+02
   1.0235176e+01   1.3185682e+02
   1.0235176e+01   1.3184952e+02
   1.0235176e+01   1.3184222e+02
   1.0235176e+01   1.3183492e+02
   1.0235176e+01   1.3182761e+02
   1.0235176e+01   1.3182031e+02
   1.0235176e+01   1.3181301e+02
   1.0235176e+01   1.3180571e+02
   1.0235176e+01   1.3179841e+02
   1.0235176e+01   1.3179110e+02
   1.0235176e+01   1.3178380e+02
   1.0235176e+01   1.3177650e+02
   1.0235176e+01   1.3176920e+02
   1.0235176e+01   1.3176190e+02
   1.0235176e+01   1.3175459e+02
   1.0235176e+01   1.3174729e+02
   1.0235176e+01   1.3173999e+02
   1.0235176e+01   1.3173269e+02
   1.0235176e+01   1.3172539e+02
   1.0235176e+01   1.3171808e+02
   1.0235176e+01   1.3171078e+02
   1.0235176e+01   1.3170348e+02
   1.0235176e+01   1.3169618e+02
   1.0235176e+01   1.3168888e+02
   1.0235176e+01   1.3168157e+02
   1.0235176e+01   1.3167427e+02
   1.0235176e+01   1.3166697e+02
   1.0235176e+01   1.3165967e+02
   1.0235176e+01   1.3165236e+02
   1.0235176e+01   1.3164506e+02
   1.0235176e+01   1.3163776e+02
   1.0235176e+01   1.3163046e+02
   1.0235176e+01   1.3162316e+02
   1.0235176e+01   1.3161585e+02
   1.0235176e+01   1.3160855e+02
   1.0235176e+01   1.3160125e+02
   1.0235176e+01   1.3159395e+02
   1.0235176e+01   1.3158665e+02
   1.0235176e+01   1.3157934e+02
   1.0235176e+01   1.3157204e+02
   1.0235176e+01   1.3156474e+02
   1.0235176e+01   1.3155744e+02
   1.0235176e+01   1.3155014e+02
   1.0235176e+01   1.3154283e+02
   1.0235176e+01   1.3153553e+02
   1.0235176e+01   1.3152728e+02
   1.0235176e+01   1.3151809e+02
   1.0235176e+01   1.3150795e+02
   1.0235176e+01   1.3149687e+02
   1.0235176e+01   1.3148484e+02
   1.0235176e+01   1.3147187e+02
   1.0235176e+01   1.3145795e+02
   1.0235176e+01   1.3144308e+02
   1.0235176e+01   1.3142727e+02
   1.0235176e+01   1.3141052e+02
   1.0235176e+01   1.3139281e+02
   1.0235176e+01   1.3137417e+02
   1.0235176e+01   1.3135458e+02
   1.0235176e+01   1.3133404e+02
   1.0235176e+01   1.3131255e+02
