   4.7290000e+01  -1.2318000e+02
   4.7290000e+01  -1.2317868e+02
   4.7290000e+01  -1.2317736e+02
   4.7290000e+01  -1.2317604e+02
   4.7290000e+01  -1.2317472e+02
   4.7290000e+01  -1.2317340e+02
   4.7290000e+01  -1.2317208e+02
   4.7290000e+01  -1.2317076e+02
   4.7290000e+01  -1.2316944e+02
   4.7290000e+01  -1.2316812e+02
   4.7290000e+01  -1.2316680e+02
   4.7290000e+01  -1.2316548e+02
   4.7290000e+01  -1.2316416e+02
   4.7290000e+01  -1.2316284e+02
   4.7290000e+01  -1.2316152e+02
   4.7290000e+01  -1.2316020e+02
   4.7290000e+01  -1.2315888e+02
   4.7290000e+01  -1.2315756e+02
   4.7290000e+01  -1.2315624e+02
   4.7290000e+01  -1.2315492e+02
   4.7290000e+01  -1.2315360e+02
   4.7290000e+01  -1.2315228e+02
   4.7290000e+01  -1.2315096e+02
   4.7290000e+01  -1.2314964e+02
   4.7290000e+01  -1.2314832e+02
   4.7290000e+01  -1.2314700e+02
   4.7290000e+01  -1.2314568e+02
   4.7290000e+01  -1.2314436e+02
   4.7290000e+01  -1.2314304e+02
   4.7290000e+01  -1.2314172e+02
   4.7290000e+01  -1.2314040e+02
   4.7290000e+01  -1.2313908e+02
   4.7290000e+01  -1.2313776e+02
   4.7290000e+01  -1.2313644e+02
   4.7290000e+01  -1.2313512e+02
   4.7290000e+01  -1.2313380e+02
   4.7290000e+01  -1.2313248e+02
   4.7290000e+01  -1.2313116e+02
   4.7290000e+01  -1.2312984e+02
   4.7290000e+01  -1.2312852e+02
   4.7290000e+01  -1.2312720e+02
   4.7290000e+01  -1.2312588e+02
   4.7290000e+01  -1.2312456e+02
   4.7290000e+01  -1.2312324e+02
   4.7290000e+01  -1.2312192e+02
   4.7290000e+01  -1.2312060e+02
   4.7290000e+01  -1.2311928e+02
   4.7290000e+01  -1.2311796e+02
   4.7290000e+01  -1.2311664e+02
   4.7290000e+01  -1.2311532e+02
   4.7290000e+01  -1.2311400e+02
   4.7290000e+01  -1.2311268e+02
   4.7290000e+01  -1.2311136e+02
   4.7290000e+01  -1.2311004e+02
   4.7290000e+01  -1.2310872e+02
   4.7290000e+01  -1.2310740e+02
   4.7290000e+01  -1.2310608e+02
   4.7290000e+01  -1.2310476e+02
   4.7290000e+01  -1.2310344e+02
   4.7290000e+01  -1.2310212e+02
   4.7290000e+01  -1.2310080e+02
   4.7290000e+01  -1.2309948e+02
   4.7290000e+01  -1.2309816e+02
   4.7290000e+01  -1.2309684e+02
   4.7290000e+01  -1.2309552e+02
   4.7290000e+01  -1.2309420e+02
   4.7290000e+01  -1.2309288e+02
   4.7290000e+01  -1.2309156e+02
   4.7290000e+01  -1.2309024e+02
   4.7290000e+01  -1.2308892e+02
   4.7290000e+01  -1.2308760e+02
   4.7290000e+01  -1.2308628e+02
   4.7290000e+01  -1.2308496e+02
   4.7290000e+01  -1.2308364e+02
   4.7290000e+01  -1.2308232e+02
   4.7290000e+01  -1.2308100e+02
   4.7290000e+01  -1.2307968e+02
   4.7290000e+01  -1.2307836e+02
   4.7290000e+01  -1.2307704e+02
   4.7290000e+01  -1.2307572e+02
   4.7290000e+01  -1.2307440e+02
   4.7290000e+01  -1.2307308e+02
   4.7290000e+01  -1.2307176e+02
   4.7290000e+01  -1.2307044e+02
   4.7290000e+01  -1.2306912e+02
   4.7290000e+01  -1.2306780e+02
   4.7290000e+01  -1.2306648e+02
   4.7290000e+01  -1.2306516e+02
   4.7290000e+01  -1.2306384e+02
   4.7290000e+01  -1.2306252e+02
   4.7290000e+01  -1.2306120e+02
   4.7290000e+01  -1.2305988e+02
   4.7290000e+01  -1.2305856e+02
   4.7290000e+01  -1.2305724e+02
   4.7290000e+01  -1.2305592e+02
   4.7290000e+01  -1.2305460e+02
   4.7290000e+01  -1.2305328e+02
   4.7290000e+01  -1.2305196e+02
   4.7290000e+01  -1.2305064e+02
   4.7290000e+01  -1.2304932e+02
   4.7290000e+01  -1.2304800e+02
   4.7290000e+01  -1.2304668e+02
   4.7290000e+01  -1.2304536e+02
   4.7290000e+01  -1.2304404e+02
   4.7290000e+01  -1.2304272e+02
   4.7290000e+01  -1.2304140e+02
   4.7290000e+01  -1.2304008e+02
   4.7290000e+01  -1.2303876e+02
   4.7290000e+01  -1.2303744e+02
   4.7290000e+01  -1.2303612e+02
   4.7290000e+01  -1.2303480e+02
   4.7290000e+01  -1.2303348e+02
   4.7290000e+01  -1.2303216e+02
   4.7290000e+01  -1.2303084e+02
   4.7290000e+01  -1.2302952e+02
   4.7290000e+01  -1.2302820e+02
   4.7290000e+01  -1.2302688e+02
   4.7290000e+01  -1.2302556e+02
   4.7290000e+01  -1.2302424e+02
   4.7290000e+01  -1.2302292e+02
   4.7290000e+01  -1.2302160e+02
   4.7290000e+01  -1.2302028e+02
   4.7290000e+01  -1.2301896e+02
   4.7290000e+01  -1.2301764e+02
   4.7290000e+01  -1.2301632e+02
   4.7290000e+01  -1.2301500e+02
   4.7290000e+01  -1.2301368e+02
   4.7290000e+01  -1.2301236e+02
   4.7290000e+01  -1.2301104e+02
   4.7290000e+01  -1.2300972e+02
   4.7290000e+01  -1.2300840e+02
   4.7290000e+01  -1.2300708e+02
   4.7290000e+01  -1.2300576e+02
   4.7290000e+01  -1.2300444e+02
   4.7290000e+01  -1.2300312e+02
   4.7290000e+01  -1.2300180e+02
   4.7290000e+01  -1.2300048e+02
   4.7290000e+01  -1.2299916e+02
   4.7290000e+01  -1.2299784e+02
   4.7290000e+01  -1.2299652e+02
   4.7290000e+01  -1.2299520e+02
   4.7290000e+01  -1.2299388e+02
   4.7290000e+01  -1.2299256e+02
   4.7290000e+01  -1.2299124e+02
   4.7290000e+01  -1.2298992e+02
   4.7290000e+01  -1.2298860e+02
   4.7290000e+01  -1.2298728e+02
   4.7290000e+01  -1.2298596e+02
   4.7290000e+01  -1.2298464e+02
   4.7290000e+01  -1.2298332e+02
   4.7290000e+01  -1.2298200e+02
   4.7290000e+01  -1.2298068e+02
   4.7290000e+01  -1.2297936e+02
   4.7290000e+01  -1.2297804e+02
   4.7290000e+01  -1.2297672e+02
   4.7290000e+01  -1.2297540e+02
   4.7290000e+01  -1.2297408e+02
   4.7290000e+01  -1.2297276e+02
   4.7290000e+01  -1.2297144e+02
   4.7290000e+01  -1.2297012e+02
   4.7290000e+01  -1.2296880e+02
   4.7290000e+01  -1.2296748e+02
   4.7290000e+01  -1.2296616e+02
   4.7290000e+01  -1.2296484e+02
   4.7290000e+01  -1.2296352e+02
   4.7290000e+01  -1.2296220e+02
   4.7290000e+01  -1.2296088e+02
   4.7290000e+01  -1.2295956e+02
   4.7290000e+01  -1.2295824e+02
   4.7290000e+01  -1.2295692e+02
   4.7290000e+01  -1.2295560e+02
   4.7290000e+01  -1.2295428e+02
   4.7290000e+01  -1.2295296e+02
   4.7290000e+01  -1.2295164e+02
   4.7290000e+01  -1.2295032e+02
   4.7290000e+01  -1.2294900e+02
   4.7290000e+01  -1.2294768e+02
   4.7290000e+01  -1.2294636e+02
   4.7290000e+01  -1.2294504e+02
   4.7290000e+01  -1.2294372e+02
   4.7290000e+01  -1.2294240e+02
   4.7290000e+01  -1.2294108e+02
   4.7290000e+01  -1.2293976e+02
   4.7290000e+01  -1.2293844e+02
   4.7290000e+01  -1.2293712e+02
   4.7290000e+01  -1.2293580e+02
   4.7290000e+01  -1.2293448e+02
   4.7290000e+01  -1.2293316e+02
   4.7290000e+01  -1.2293184e+02
   4.7290000e+01  -1.2293052e+02
   4.7290000e+01  -1.2292920e+02
   4.7290000e+01  -1.2292788e+02
   4.7290000e+01  -1.2292656e+02
   4.7290000e+01  -1.2292524e+02
   4.7290000e+01  -1.2292392e+02
   4.7290000e+01  -1.2292260e+02
   4.7290000e+01  -1.2292128e+02
   4.7290000e+01  -1.2291996e+02
   4.7290000e+01  -1.2291864e+02
   4.7290000e+01  -1.2291732e+02
   4.7290000e+01  -1.2291600e+02
   4.7290000e+01  -1.2291468e+02
   4.7290000e+01  -1.2291336e+02
   4.7290000e+01  -1.2291204e+02
   4.7290000e+01  -1.2291072e+02
   4.7290000e+01  -1.2290940e+02
   4.7290000e+01  -1.2290808e+02
   4.7290000e+01  -1.2290676e+02
   4.7290000e+01  -1.2290544e+02
   4.7290000e+01  -1.2290412e+02
   4.7290000e+01  -1.2290280e+02
   4.7290000e+01  -1.2290148e+02
   4.7290000e+01  -1.2290016e+02
   4.7290000e+01  -1.2289884e+02
   4.7290000e+01  -1.2289752e+02
   4.7290000e+01  -1.2289620e+02
   4.7290000e+01  -1.2289488e+02
   4.7290000e+01  -1.2289356e+02
   4.7290000e+01  -1.2289224e+02
   4.7290000e+01  -1.2289092e+02
   4.7290000e+01  -1.2288960e+02
   4.7290000e+01  -1.2288828e+02
   4.7290000e+01  -1.2288696e+02
   4.7290000e+01  -1.2288564e+02
   4.7290000e+01  -1.2288432e+02
   4.7290000e+01  -1.2288300e+02
   4.7290000e+01  -1.2288168e+02
   4.7290000e+01  -1.2288036e+02
   4.7290000e+01  -1.2287904e+02
   4.7290000e+01  -1.2287772e+02
   4.7290000e+01  -1.2287640e+02
   4.7290000e+01  -1.2287508e+02
   4.7290000e+01  -1.2287376e+02
   4.7290000e+01  -1.2287244e+02
   4.7290000e+01  -1.2287112e+02
   4.7290000e+01  -1.2286980e+02
   4.7290000e+01  -1.2286848e+02
   4.7290000e+01  -1.2286716e+02
   4.7290000e+01  -1.2286584e+02
   4.7290000e+01  -1.2286452e+02
   4.7290000e+01  -1.2286320e+02
   4.7290000e+01  -1.2286188e+02
   4.7290000e+01  -1.2286056e+02
   4.7290000e+01  -1.2285924e+02
   4.7290000e+01  -1.2285792e+02
   4.7290000e+01  -1.2285660e+02
   4.7290000e+01  -1.2285528e+02
   4.7290000e+01  -1.2285396e+02
   4.7290000e+01  -1.2285264e+02
   4.7290000e+01  -1.2285132e+02
   4.7290000e+01  -1.2285000e+02
   4.7290000e+01  -1.2284868e+02
   4.7290000e+01  -1.2284736e+02
   4.7290000e+01  -1.2284604e+02
   4.7290000e+01  -1.2284472e+02
   4.7290000e+01  -1.2284340e+02
   4.7290000e+01  -1.2284208e+02
   4.7290000e+01  -1.2284076e+02
   4.7290000e+01  -1.2283944e+02
   4.7290000e+01  -1.2283812e+02
   4.7290000e+01  -1.2283680e+02
   4.7290000e+01  -1.2283548e+02
   4.7290000e+01  -1.2283416e+02
   4.7290000e+01  -1.2283284e+02
   4.7290000e+01  -1.2283152e+02
   4.7290000e+01  -1.2283020e+02
   4.7290000e+01  -1.2282888e+02
   4.7290000e+01  -1.2282756e+02
   4.7290000e+01  -1.2282624e+02
   4.7290000e+01  -1.2282492e+02
   4.7290000e+01  -1.2282360e+02
   4.7290000e+01  -1.2282228e+02
   4.7290000e+01  -1.2282096e+02
   4.7290000e+01  -1.2281964e+02
   4.7290000e+01  -1.2281832e+02
   4.7290000e+01  -1.2281700e+02
   4.7290000e+01  -1.2281568e+02
   4.7290000e+01  -1.2281436e+02
   4.7290000e+01  -1.2281304e+02
   4.7290000e+01  -1.2281172e+02
   4.7290000e+01  -1.2281040e+02
   4.7290000e+01  -1.2280908e+02
   4.7290000e+01  -1.2280776e+02
   4.7290000e+01  -1.2280644e+02
   4.7290000e+01  -1.2280512e+02
   4.7290000e+01  -1.2280380e+02
   4.7290000e+01  -1.2280248e+02
   4.7290000e+01  -1.2280116e+02
   4.7290000e+01  -1.2279984e+02
   4.7290000e+01  -1.2279852e+02
   4.7290000e+01  -1.2279720e+02
   4.7290000e+01  -1.2279588e+02
   4.7290000e+01  -1.2279456e+02
   4.7290000e+01  -1.2279324e+02
   4.7290000e+01  -1.2279192e+02
   4.7290000e+01  -1.2279060e+02
   4.7290000e+01  -1.2278928e+02
   4.7290000e+01  -1.2278796e+02
   4.7290000e+01  -1.2278664e+02
   4.7290000e+01  -1.2278532e+02
   4.7290000e+01  -1.2278400e+02
   4.7290000e+01  -1.2278268e+02
   4.7290000e+01  -1.2278136e+02
   4.7290000e+01  -1.2278004e+02
   4.7290000e+01  -1.2277872e+02
   4.7290000e+01  -1.2277740e+02
   4.7290000e+01  -1.2277608e+02
   4.7290000e+01  -1.2277476e+02
   4.7290000e+01  -1.2277344e+02
   4.7290000e+01  -1.2277212e+02
   4.7290000e+01  -1.2277080e+02
   4.7290000e+01  -1.2276948e+02
   4.7290000e+01  -1.2276816e+02
   4.7290000e+01  -1.2276684e+02
   4.7290000e+01  -1.2276552e+02
   4.7290000e+01  -1.2276420e+02
   4.7290000e+01  -1.2276288e+02
   4.7290000e+01  -1.2276156e+02
   4.7290000e+01  -1.2276024e+02
   4.7290000e+01  -1.2275892e+02
   4.7290000e+01  -1.2275760e+02
   4.7290000e+01  -1.2275628e+02
   4.7290000e+01  -1.2275496e+02
   4.7290000e+01  -1.2275364e+02
   4.7290000e+01  -1.2275232e+02
   4.7290000e+01  -1.2275100e+02
   4.7290000e+01  -1.2274968e+02
   4.7290000e+01  -1.2274836e+02
   4.7290000e+01  -1.2274704e+02
   4.7290000e+01  -1.2274572e+02
   4.7290000e+01  -1.2274440e+02
   4.7290000e+01  -1.2274308e+02
   4.7290000e+01  -1.2274176e+02
   4.7290000e+01  -1.2274044e+02
   4.7290000e+01  -1.2273912e+02
   4.7290000e+01  -1.2273780e+02
   4.7290000e+01  -1.2273648e+02
   4.7290000e+01  -1.2273516e+02
   4.7290000e+01  -1.2273384e+02
   4.7290000e+01  -1.2273252e+02
   4.7290000e+01  -1.2273120e+02
   4.7290000e+01  -1.2272988e+02
   4.7290000e+01  -1.2272856e+02
   4.7290000e+01  -1.2272724e+02
   4.7290000e+01  -1.2272592e+02
   4.7290000e+01  -1.2272460e+02
   4.7290000e+01  -1.2272328e+02
   4.7290000e+01  -1.2272196e+02
   4.7290000e+01  -1.2272064e+02
   4.7290000e+01  -1.2271932e+02
   4.7290000e+01  -1.2271800e+02
   4.7290000e+01  -1.2271668e+02
   4.7290000e+01  -1.2271536e+02
   4.7290000e+01  -1.2271404e+02
   4.7290000e+01  -1.2271272e+02
   4.7290000e+01  -1.2271140e+02
   4.7290000e+01  -1.2271008e+02
   4.7290000e+01  -1.2270876e+02
   4.7290000e+01  -1.2270744e+02
   4.7290000e+01  -1.2270612e+02
   4.7290000e+01  -1.2270480e+02
   4.7290000e+01  -1.2270348e+02
   4.7290000e+01  -1.2270216e+02
   4.7290000e+01  -1.2270084e+02
   4.7290000e+01  -1.2269952e+02
   4.7290000e+01  -1.2269820e+02
   4.7290000e+01  -1.2269688e+02
   4.7290000e+01  -1.2269556e+02
   4.7290000e+01  -1.2269424e+02
   4.7290000e+01  -1.2269292e+02
   4.7290000e+01  -1.2269160e+02
   4.7290000e+01  -1.2269028e+02
   4.7290000e+01  -1.2268896e+02
   4.7290000e+01  -1.2268764e+02
   4.7290000e+01  -1.2268632e+02
   4.7290000e+01  -1.2268500e+02
   4.7290000e+01  -1.2268368e+02
   4.7290000e+01  -1.2268236e+02
   4.7290000e+01  -1.2268104e+02
   4.7290000e+01  -1.2267972e+02
   4.7290000e+01  -1.2267840e+02
   4.7290000e+01  -1.2267708e+02
   4.7290000e+01  -1.2267576e+02
   4.7290000e+01  -1.2267444e+02
   4.7290000e+01  -1.2267312e+02
   4.7290000e+01  -1.2267180e+02
   4.7290000e+01  -1.2267048e+02
   4.7290000e+01  -1.2266916e+02
   4.7290000e+01  -1.2266784e+02
   4.7290000e+01  -1.2266652e+02
   4.7290000e+01  -1.2266520e+02
   4.7290000e+01  -1.2266388e+02
   4.7290000e+01  -1.2266256e+02
   4.7290000e+01  -1.2266124e+02
   4.7290000e+01  -1.2265992e+02
   4.7290000e+01  -1.2265860e+02
   4.7290000e+01  -1.2265728e+02
   4.7290000e+01  -1.2265596e+02
   4.7290000e+01  -1.2265464e+02
   4.7290000e+01  -1.2265332e+02
   4.7290000e+01  -1.2265200e+02
   4.7290000e+01  -1.2265068e+02
   4.7290000e+01  -1.2264936e+02
   4.7290000e+01  -1.2264804e+02
   4.7290000e+01  -1.2264672e+02
   4.7290000e+01  -1.2264540e+02
   4.7290000e+01  -1.2264408e+02
   4.7290000e+01  -1.2264276e+02
   4.7290000e+01  -1.2264144e+02
   4.7290000e+01  -1.2264012e+02
   4.7290000e+01  -1.2263880e+02
   4.7290000e+01  -1.2263748e+02
   4.7290000e+01  -1.2263616e+02
   4.7290000e+01  -1.2263484e+02
   4.7290000e+01  -1.2263352e+02
   4.7290000e+01  -1.2263220e+02
   4.7290000e+01  -1.2263088e+02
   4.7290000e+01  -1.2262956e+02
   4.7290000e+01  -1.2262824e+02
   4.7290000e+01  -1.2262692e+02
   4.7290000e+01  -1.2262560e+02
   4.7290000e+01  -1.2262428e+02
   4.7290000e+01  -1.2262296e+02
   4.7290000e+01  -1.2262164e+02
   4.7290000e+01  -1.2262032e+02
   4.7290000e+01  -1.2261900e+02
   4.7290000e+01  -1.2261768e+02
   4.7290000e+01  -1.2261636e+02
   4.7290000e+01  -1.2261504e+02
   4.7290000e+01  -1.2261372e+02
   4.7290000e+01  -1.2261240e+02
   4.7290000e+01  -1.2261108e+02
   4.7290000e+01  -1.2260976e+02
   4.7290000e+01  -1.2260844e+02
   4.7290000e+01  -1.2260712e+02
   4.7290000e+01  -1.2260580e+02
   4.7290000e+01  -1.2260448e+02
   4.7290000e+01  -1.2260316e+02
   4.7290000e+01  -1.2260184e+02
   4.7290000e+01  -1.2260052e+02
   4.7290000e+01  -1.2259920e+02
   4.7290000e+01  -1.2259788e+02
   4.7290000e+01  -1.2259656e+02
   4.7290000e+01  -1.2259524e+02
   4.7290000e+01  -1.2259392e+02
   4.7290000e+01  -1.2259260e+02
   4.7290000e+01  -1.2259128e+02
   4.7290000e+01  -1.2258996e+02
   4.7290000e+01  -1.2258864e+02
   4.7290000e+01  -1.2258732e+02
   4.7290000e+01  -1.2258600e+02
   4.7290000e+01  -1.2258468e+02
   4.7290000e+01  -1.2258336e+02
   4.7290000e+01  -1.2258204e+02
   4.7290000e+01  -1.2258072e+02
   4.7290000e+01  -1.2257940e+02
   4.7290000e+01  -1.2257808e+02
   4.7290000e+01  -1.2257676e+02
   4.7290000e+01  -1.2257544e+02
   4.7290000e+01  -1.2257412e+02
   4.7290000e+01  -1.2257280e+02
   4.7290000e+01  -1.2257148e+02
   4.7290000e+01  -1.2257016e+02
   4.7290000e+01  -1.2256884e+02
   4.7290000e+01  -1.2256752e+02
   4.7290000e+01  -1.2256620e+02
   4.7290000e+01  -1.2256488e+02
   4.7290000e+01  -1.2256356e+02
   4.7290000e+01  -1.2256224e+02
   4.7290000e+01  -1.2256092e+02
