         661
   26583.5723         5982573.00    
   26583.5723         5982720.50    
   26583.5723         5982868.00    
   26583.5723         5983015.50    
   26583.5723         5983164.00    
   26583.5723         5983311.50    
   26583.5723         5983459.00    
   26583.5723         5983606.50    
   26583.5723         5983754.00    
   26583.5723         5983901.50    
   26583.5723         5984049.50    
   26583.5723         5984197.50    
   26583.5723         5984345.50    
   26583.5723         5984492.50    
   26583.5723         5984640.50    
   26583.5723         5984788.50    
   26583.5723         5984936.50    
   26583.5723         5985083.50    
   26583.5723         5985231.50    
   26583.5723         5985379.00    
   26583.5723         5985527.50    
   26583.5723         5985675.50    
   26583.5723         5985823.00    
   26583.5723         5985970.50    
   26583.5723         5986118.00    
   26583.5723         5986266.50    
   26583.5723         5986413.50    
   26583.5723         5986561.50    
   26583.5723         5986709.00    
   26583.5723         5986857.00    
   26583.5723         5987004.50    
   26583.5723         5987153.00    
   26583.5723         5987300.50    
   26583.5723         5987448.00    
   26583.5723         5987595.50    
   26583.5723         5987743.50    
   26583.5723         5987892.00    
   26583.5723         5988039.50    
   26583.5723         5988187.00    
   26583.5723         5988334.50    
   26583.5723         5988483.00    
   26583.5723         5988630.00    
   26583.5723         5988778.50    
   26583.5723         5988926.00    
   26583.5723         5989073.50    
   26583.5723         5989221.00    
   26583.5723         5989370.00    
   26583.5723         5989517.50    
   26583.5723         5989665.00    
   26583.5723         5989813.00    
   26583.5723         5989961.00    
   26583.5723         5990109.00    
   26583.5723         5990256.50    
   26583.5723         5990404.00    
   26583.5723         5990552.00    
   26583.5723         5990700.00    
   26583.5723         5990847.00    
   26583.5723         5990995.50    
   26583.5723         5991144.00    
   26583.5723         5991291.00    
   26583.5723         5991439.00    
   26583.5723         5991586.00    
   26583.5723         5991735.50    
   26583.5723         5991883.00    
   26583.5723         5992030.50    
   26583.5723         5992178.50    
   26583.5723         5992326.00    
   26583.5723         5992474.50    
   26583.5723         5992622.00    
   26583.5723         5992770.00    
   26583.5723         5992917.50    
   26583.5723         5993065.00    
   26583.5723         5993214.00    
   26583.5723         5993361.50    
   26583.5723         5993509.00    
   26583.5723         5993656.50    
   26583.5723         5993805.00    
   26583.5723         5993953.00    
   26583.5723         5994100.50    
   26583.5723         5994248.50    
   26583.5723         5994396.50    
   26583.5723         5994544.50    
   26583.5723         5994692.00    
   26583.5723         5994840.50    
   26583.5723         5994988.00    
   26583.5723         5995136.50    
   26583.5723         5995284.50    
   26583.5723         5995431.50    
   26583.5723         5995580.00    
   26583.5723         5995727.50    
   26583.5723         5995875.50    
   26583.5723         5996023.50    
   26583.5723         5996171.50    
   26583.5723         5996320.00    
   26583.5723         5996467.50    
   26583.5723         5996615.50    
   26583.5723         5996763.00    
   26583.5723         5996911.50    
   26583.5723         5997059.50    
   26583.5723         5997207.00    
   26583.5723         5997355.00    
   26583.5723         5997503.00    
   26583.5723         5997651.00    
   26583.5723         5997799.00    
   26583.5723         5997947.00    
   26583.5723         5998095.00    
   26583.5723         5998243.00    
   26583.5723         5998391.00    
   26583.5723         5998538.00    
   26583.5723         5998687.00    
   26583.5723         5998835.00    
   26583.5723         5998982.00    
   26583.5723         5999130.50    
   26583.5723         5999278.00    
   26583.5723         5999427.00    
   26583.5723         5999575.50    
   26583.5723         5999722.50    
   26583.5723         5999870.50    
   26583.5723         6000018.50    
   26583.5723         6000166.50    
   26583.5723         6000315.00    
   26583.5723         6000462.50    
   26583.5723         6000610.50    
   26583.5723         6000758.50    
   26583.5723         6000907.00    
   26583.5723         6001054.50    
   26583.5723         6001203.00    
   26583.5723         6001350.50    
   26583.5723         6001498.50    
   26583.5723         6001646.00    
   26583.5723         6001795.00    
   26583.5723         6001943.00    
   26583.5723         6002091.00    
   26583.5723         6002239.00    
   26583.5723         6002386.50    
   26583.5723         6002535.50    
   26583.5723         6002683.00    
   26583.5723         6002831.50    
   26583.5723         6002978.50    
   26583.5723         6003126.50    
   26583.5723         6003275.50    
   26583.5723         6003423.50    
   26583.5723         6003570.50    
   26583.5723         6003719.00    
   26583.5723         6003867.50    
   26583.5723         6004015.50    
   26583.5723         6004164.00    
   26583.5723         6004311.00    
   26583.5723         6004459.50    
   26583.5723         6004608.00    
   26583.5723         6004756.00    
   26583.5723         6004904.00    
   26583.5723         6005052.50    
   26583.5723         6005200.00    
   26583.5723         6005348.00    
   26583.5723         6005495.50    
   26583.5723         6005644.50    
   26583.5723         6005792.50    
   26583.5723         6005940.50    
   26583.5723         6006088.50    
   26583.5723         6006236.00    
   26583.5723         6006385.00    
   26583.5723         6006533.00    
   26583.5723         6006681.00    
   26583.5723         6006829.00    
   26583.5723         6006977.00    
   26583.5723         6007126.00    
   26583.5723         6007273.50    
   26583.5723         6007421.50    
   26583.5723         6007569.50    
   26583.5723         6007717.50    
   26583.5723         6007866.50    
   26583.5723         6008014.00    
   26583.5723         6008162.50    
   26583.5723         6008310.50    
   26583.5723         6008458.00    
   26583.5723         6008607.00    
   26583.5723         6008755.00    
   26583.5723         6008903.00    
   26583.5723         6009051.00    
   26583.5723         6009199.00    
   26583.5723         6009347.00    
   26583.5723         6009496.50    
   26583.5723         6009643.50    
   26583.5723         6009791.50    
   26583.5723         6009940.50    
   26583.5723         6010087.50    
   26583.5723         6010236.50    
   26583.5723         6010385.00    
   26583.5723         6010532.50    
   26583.5723         6010680.50    
   26583.5723         6010829.00    
   26583.5723         6010977.50    
   26583.5723         6011126.00    
   26583.5723         6011274.00    
   26583.5723         6011421.50    
   26583.5723         6011569.50    
   26583.5723         6011718.50    
   26583.5723         6011866.50    
   26583.5723         6012014.50    
   26583.5723         6012163.00    
   26583.5723         6012311.00    
   26583.5723         6012459.00    
   26583.5723         6012608.00    
   26583.5723         6012755.50    
   26583.5723         6012903.50    
   26583.5723         6013052.00    
   26583.5723         6013200.50    
   26583.5723         6013348.50    
   26583.5723         6013496.50    
   26583.5723         6013645.00    
   26583.5723         6013793.00    
   26583.5723         6013941.00    
   26583.5723         6014089.50    
   26583.5723         6014238.00    
   26583.5723         6014386.00    
   26583.5723         6014534.00    
   26583.5723         6014682.50    
   26583.5723         6014831.50    
   26583.5723         6014979.50    
   26583.5723         6015128.00    
   26583.5723         6015276.00    
   26583.5723         6015424.00    
   26583.5723         6015572.50    
   26583.5723         6015720.50    
   26583.5723         6015868.50    
   26583.5723         6016017.00    
   26583.5723         6016165.50    
   26583.5723         6016313.50    
   26583.5723         6016461.50    
   26583.5723         6016610.00    
   26583.5723         6016758.00    
   26583.5723         6016906.00    
   26583.5723         6017054.50    
   26583.5723         6017203.50    
   26583.5723         6017351.50    
   26583.5723         6017499.50    
   26583.5723         6017648.00    
   26583.5723         6017796.50    
   26583.5723         6017944.50    
   26583.5723         6018093.00    
   26583.5723         6018242.00    
   26583.5723         6018389.00    
   26583.5723         6018537.50    
   26583.5723         6018686.50    
   26583.5723         6018835.50    
   26583.5723         6018982.50    
   26583.5723         6019131.00    
   26583.5723         6019280.00    
   26583.5723         6019428.00    
   26583.5723         6019576.00    
   26583.5723         6019724.50    
   26583.5723         6019872.50    
   26583.5723         6020021.00    
   26583.5723         6020169.50    
   26583.5723         6020318.00    
   26583.5723         6020466.00    
   26583.5723         6020614.50    
   26583.5723         6020763.00    
   26583.5723         6020911.00    
   26583.5723         6021059.50    
   26583.5723         6021208.00    
   26583.5723         6021356.50    
   26583.5723         6021504.50    
   26583.5723         6021652.50    
   26583.5723         6021802.00    
   26583.5723         6021950.50    
   26583.5723         6022098.00    
   26583.5723         6022246.00    
   26583.5723         6022395.50    
   26583.5723         6022544.00    
   26583.5723         6022691.50    
   26583.5723         6022840.00    
   26583.5723         6022989.00    
   26583.5723         6023137.00    
   26583.5723         6023285.00    
   26583.5723         6023434.00    
   26583.5723         6023582.50    
   26583.5723         6023730.50    
   26583.5723         6023878.50    
   26583.5723         6024027.00    
   26583.5723         6024176.50    
   26583.5723         6024324.00    
   26583.5723         6024472.50    
   26583.5723         6024621.50    
   26583.5723         6024769.50    
   26583.5723         6024918.00    
   26583.5723         6025066.00    
   26583.5723         6025215.00    
   26583.5723         6025363.00    
   26583.5723         6025511.00    
   26583.5723         6025660.00    
   26583.5723         6025809.00    
   26583.5723         6025957.00    
   26583.5723         6026105.00    
   26583.5723         6026253.50    
   26583.5723         6026402.50    
   26583.5723         6026550.50    
   26583.5723         6026698.50    
   26583.5723         6026848.00    
   26583.5723         6026996.00    
   26583.5723         6027144.00    
   26583.5723         6027293.00    
   26583.5723         6027441.50    
   26583.5723         6027589.50    
   26583.5723         6027738.50    
   26583.5723         6027886.50    
   26583.5723         6028035.50    
   26583.5723         6028184.00    
   26583.5723         6028332.00    
   26583.5723         6028480.50    
   26583.5723         6028629.50    
   26583.5723         6028778.00    
   26583.5723         6028926.00    
   26583.5723         6029074.00    
   26583.5723         6029223.50    
   26583.5723         6029371.50    
   26583.5723         6029520.50    
   26583.5723         6029668.50    
   26583.5723         6029817.50    
   26583.5723         6029966.00    
   26583.5723         6030114.00    
   26583.5723         6030262.50    
   26583.5723         6030411.50    
   26583.5723         6030560.00    
   26583.5723         6030708.00    
   26583.5723         6030856.00    
   26583.5723         6031005.00    
   26583.5723         6031154.50    
   26583.5723         6031302.50    
   26583.5723         6031450.50    
   26583.5723         6031599.50    
   26583.5723         6031748.00    
   26583.5723         6031896.50    
   26583.5723         6032045.00    
   26583.5723         6032193.50    
   26583.5723         6032342.00    
   26583.5723         6032491.00    
   26583.5723         6032639.00    
   26583.5723         6032788.00    
   26583.5723         6032936.00    
   26583.5723         6033085.50    
   26583.5723         6033233.50    
   26583.5723         6033382.00    
   26583.5723         6033531.00    
   26583.5723         6033679.50    
   26583.5723         6033828.50    
   26583.5723         6033975.50    
   26583.5723         6034124.50    
   26583.5723         6034273.50    
   26583.5723         6034422.50    
   26583.5723         6034570.50    
   26583.5723         6034718.50    
   26583.5723         6034867.50    
   26583.5723         6035017.00    
   26583.5723         6035165.50    
   26583.5723         6035314.00    
   26583.5723         6035462.00    
   26583.5723         6035611.00    
   26583.5723         6035760.00    
   26583.5723         6035909.00    
   26583.5723         6036057.00    
   26583.5723         6036205.00    
   26583.5723         6036354.00    
   26583.5723         6036503.00    
   26583.5723         6036652.00    
   26583.5723         6036800.00    
   26583.5723         6036948.00    
   26583.5723         6037097.50    
   26583.5723         6037246.00    
   26583.5723         6037395.00    
   26583.5723         6037543.00    
   26583.5723         6037691.50    
   26583.5723         6037840.50    
   26583.5723         6037988.50    
   26583.5723         6038138.00    
   26583.5723         6038286.00    
   26583.5723         6038434.50    
   26583.5723         6038583.50    
   26583.5723         6038732.50    
   26583.5723         6038881.00    
   26583.5723         6039030.00    
   26583.5723         6039178.50    
   26583.5723         6039326.50    
   26583.5723         6039475.50    
   26583.5723         6039624.00    
   26583.5723         6039773.00    
   26583.5723         6039922.00    
   26583.5723         6040070.50    
   26583.5723         6040218.50    
   26583.5723         6040368.00    
   26583.5723         6040516.00    
   26583.5723         6040665.50    
   26583.5723         6040813.50    
   26583.5723         6040962.50    
   26583.5723         6041110.50    
   26583.5723         6041260.00    
   26583.5723         6041409.00    
   26583.5723         6041557.50    
   26583.5723         6041705.50    
   26583.5723         6041854.50    
   26583.5723         6042004.00    
   26583.5723         6042152.00    
   26583.5723         6042301.00    
   26583.5723         6042449.50    
   26583.5723         6042598.00    
   26583.5723         6042747.00    
   26583.5723         6042895.50    
   26583.5723         6043045.00    
   26583.5723         6043193.00    
   26583.5723         6043341.00    
   26583.5723         6043491.00    
   26583.5723         6043639.50    
   26583.5723         6043788.00    
   26583.5723         6043937.00    
   26583.5723         6044086.00    
   26583.5723         6044234.50    
   26583.5723         6044383.50    
   26583.5723         6044532.00    
   26583.5723         6044681.00    
   26583.5723         6044829.50    
   26583.5723         6044977.50    
   26583.5723         6045127.50    
   26583.5723         6045275.50    
   26583.5723         6045424.50    
   26583.5723         6045573.50    
   26583.5723         6045722.50    
   26583.5723         6045871.00    
   26583.5723         6046020.00    
   26583.5723         6046168.50    
   26583.5723         6046317.50    
   26583.5723         6046466.00    
   26583.5723         6046615.00    
   26583.5723         6046764.00    
   26583.5723         6046912.50    
   26583.5723         6047061.50    
   26583.5723         6047210.00    
   26583.5723         6047359.00    
   26583.5723         6047507.50    
   26583.5723         6047656.50    
   26583.5723         6047805.50    
   26583.5723         6047954.50    
   26583.5723         6048103.50    
   26583.5723         6048252.50    
   26583.5723         6048400.50    
   26583.5723         6048549.00    
   26583.5723         6048698.00    
   26583.5723         6048847.50    
   26583.5723         6048996.00    
   26583.5723         6049145.00    
   26583.5723         6049293.50    
   26583.5723         6049442.00    
   26583.5723         6049591.00    
   26583.5723         6049740.50    
   26583.5723         6049889.50    
   26583.5723         6050038.50    
   26583.5723         6050186.50    
   26583.5723         6050335.00    
   26583.5723         6050484.00    
   26583.5723         6050633.50    
   26583.5723         6050782.00    
   26583.5723         6050931.00    
   26583.5723         6051080.00    
   26583.5723         6051229.50    
   26583.5723         6051378.00    
   26583.5723         6051526.50    
   26583.5723         6051675.50    
   26583.5723         6051824.50    
   26583.5723         6051973.50    
   26583.5723         6052122.00    
   26583.5723         6052271.00    
   26583.5723         6052419.50    
   26583.5723         6052569.00    
   26583.5723         6052717.00    
   26583.5723         6052867.50    
   26583.5723         6053015.50    
   26583.5723         6053164.50    
   26583.5723         6053313.00    
   26583.5723         6053462.00    
   26583.5723         6053611.50    
   26583.5723         6053760.00    
   26583.5723         6053909.00    
   26583.5723         6054058.00    
   26583.5723         6054206.50    
   26583.5723         6054356.00    
   26583.5723         6054505.00    
   26583.5723         6054653.50    
   26583.5723         6054802.50    
   26583.5723         6054951.00    
   26583.5723         6055101.00    
   26583.5723         6055249.50    
   26583.5723         6055398.50    
   26583.5723         6055547.00    
   26583.5723         6055696.50    
   26583.5723         6055845.50    
   26583.5723         6055994.00    
   26583.5723         6056143.00    
   26583.5723         6056292.00    
   26583.5723         6056440.50    
   26583.5723         6056589.50    
   26583.5723         6056739.00    
   26583.5723         6056888.50    
   26583.5723         6057037.00    
   26583.5723         6057186.00    
   26583.5723         6057335.00    
   26583.5723         6057483.50    
   26583.5723         6057632.50    
   26583.5723         6057782.00    
   26583.5723         6057931.00    
   26583.5723         6058080.00    
   26583.5723         6058229.00    
   26583.5723         6058378.00    
   26583.5723         6058526.50    
   26583.5723         6058676.50    
   26583.5723         6058824.50    
   26583.5723         6058974.00    
   26583.5723         6059123.00    
   26583.5723         6059272.00    
   26583.5723         6059421.00    
   26583.5723         6059569.50    
   26583.5723         6059718.50    
   26583.5723         6059868.00    
   26583.5723         6060017.00    
   26583.5723         6060165.50    
   26583.5723         6060315.00    
   26583.5723         6060464.00    
   26583.5723         6060613.50    
   26583.5723         6060762.50    
   26583.5723         6060911.00    
   26583.5723         6061060.00    
   26583.5723         6061209.00    
   26583.5723         6061358.50    
   26583.5723         6061507.00    
   26583.5723         6061656.50    
   26583.5723         6061806.00    
   26583.5723         6061955.00    
   26583.5723         6062104.50    
   26583.5723         6062253.50    
   26583.5723         6062402.00    
   26583.5723         6062551.00    
   26583.5723         6062700.00    
   26583.5723         6062848.50    
   26583.5723         6062998.00    
   26583.5723         6063147.50    
   26583.5723         6063296.50    
   26583.5723         6063445.00    
   26583.5723         6063594.00    
   26583.5723         6063743.50    
   26583.5723         6063892.50    
   26583.5723         6064042.00    
   26583.5723         6064190.50    
   26583.5723         6064340.00    
   26583.5723         6064489.50    
   26583.5723         6064638.50    
   26583.5723         6064787.50    
   26583.5723         6064936.00    
   26583.5723         6065085.50    
   26583.5723         6065235.50    
   26583.5723         6065384.00    
   26583.5723         6065533.00    
   26583.5723         6065681.50    
   26583.5723         6065831.00    
   26583.5723         6065980.50    
   26583.5723         6066129.50    
   26583.5723         6066278.50    
   26583.5723         6066428.00    
   26583.5723         6066576.50    
   26583.5723         6066725.50    
   26583.5723         6066875.00    
   26583.5723         6067024.00    
   26583.5723         6067173.50    
   26583.5723         6067322.50    
   26583.5723         6067471.50    
   26583.5723         6067621.00    
   26583.5723         6067770.00    
   26583.5723         6067919.50    
   26583.5723         6068068.50    
   26583.5723         6068217.50    
   26583.5723         6068367.00    
   26583.5723         6068516.50    
   26583.5723         6068665.00    
   26583.5723         6068814.00    
   26583.5723         6068963.00    
   26583.5723         6069113.00    
   26583.5723         6069262.00    
   26583.5723         6069411.50    
   26583.5723         6069560.00    
   26583.5723         6069709.00    
   26583.5723         6069859.50    
   26583.5723         6070008.00    
   26583.5723         6070157.00    
   26583.5723         6070306.00    
   26583.5723         6070455.50    
   26583.5723         6070604.00    
   26583.5723         6070754.00    
   26583.5723         6070902.50    
   26583.5723         6071052.00    
   26583.5723         6071201.50    
   26583.5723         6071350.50    
   26583.5723         6071500.00    
   26583.5723         6071649.50    
   26583.5723         6071798.50    
   26583.5723         6071947.00    
   26583.5723         6072096.50    
   26583.5723         6072246.50    
   26583.5723         6072395.00    
   26583.5723         6072544.50    
   26583.5723         6072693.50    
   26583.5723         6072842.50    
   26583.5723         6072992.50    
   26583.5723         6073141.50    
   26583.5723         6073291.00    
   26583.5723         6073440.50    
   26583.5723         6073589.00    
   26583.5723         6073739.00    
   26583.5723         6073888.50    
   26583.5723         6074037.00    
   26583.5723         6074187.00    
   26583.5723         6074335.50    
   26583.5723         6074484.50    
   26583.5723         6074635.00    
   26583.5723         6074783.50    
   26583.5723         6074932.50    
   26583.5723         6075082.00    
   26583.5723         6075231.00    
   26583.5723         6075380.50    
   26583.5723         6075530.00    
   26583.5723         6075679.50    
   26583.5723         6075829.00    
   26583.5723         6075977.50    
   26583.5723         6076127.50    
   26583.5723         6076277.00    
   26583.5723         6076425.50    
   26583.5723         6076575.50    
   26583.5723         6076724.00    
   26583.5723         6076874.50    
   26583.5723         6077023.50    
   26583.5723         6077172.00    
   26583.5723         6077321.50    
   26583.5723         6077470.50    
   26583.5723         6077620.00    
   26583.5723         6077769.50    
   26583.5723         6077919.00    
   26583.5723         6078068.00    
   26583.5723         6078217.50    
   26583.5723         6078366.50    
   26583.5723         6078516.50    
   26583.5723         6078666.00    
   26583.5723         6078815.00    
   26583.5723         6078964.50    
   26583.5723         6079113.50    
   26583.5723         6079263.50    
   26583.5723         6079412.50    
   26583.5723         6079562.00    
   26583.5723         6079711.00    
   26583.5723         6079860.50    
   26583.5723         6080011.00    
   26583.5723         6080159.50    
   26583.5723         6080309.00    
   26583.5723         6080458.00    
   26583.5723         6080607.50    
