         661
  -42251.9062         6080607.50    
  -42251.9062         6080458.00    
  -42251.9062         6080309.00    
  -42251.9062         6080159.50    
  -42251.9062         6080011.00    
  -42251.9062         6079860.50    
  -42251.9062         6079711.00    
  -42251.9062         6079562.00    
  -42251.9062         6079412.50    
  -42251.9062         6079263.50    
  -42251.9062         6079113.50    
  -42251.9062         6078964.50    
  -42251.9062         6078815.00    
  -42251.9062         6078666.00    
  -42251.9062         6078516.50    
  -42251.9062         6078366.50    
  -42251.9062         6078217.50    
  -42251.9062         6078068.00    
  -42251.9062         6077919.00    
  -42251.9062         6077769.50    
  -42251.9062         6077620.00    
  -42251.9062         6077470.50    
  -42251.9062         6077321.50    
  -42251.9062         6077172.00    
  -42251.9062         6077023.50    
  -42251.9062         6076874.50    
  -42251.9062         6076724.00    
  -42251.9062         6076575.50    
  -42251.9062         6076425.50    
  -42251.9062         6076277.00    
  -42251.9062         6076127.50    
  -42251.9062         6075977.50    
  -42251.9062         6075829.00    
  -42251.9062         6075679.50    
  -42251.9062         6075530.00    
  -42251.9062         6075380.50    
  -42251.9062         6075231.00    
  -42251.9062         6075082.00    
  -42251.9062         6074932.50    
  -42251.9062         6074783.50    
  -42251.9062         6074635.00    
  -42251.9062         6074484.50    
  -42251.9062         6074335.50    
  -42251.9062         6074187.00    
  -42251.9062         6074037.00    
  -42251.9062         6073888.50    
  -42251.9062         6073739.00    
  -42251.9062         6073589.00    
  -42251.9062         6073440.50    
  -42251.9062         6073291.00    
  -42251.9062         6073141.50    
  -42251.9062         6072992.50    
  -42251.9062         6072842.50    
  -42251.9062         6072693.50    
  -42251.9062         6072544.50    
  -42251.9062         6072395.00    
  -42251.9062         6072246.50    
  -42251.9062         6072096.50    
  -42251.9062         6071947.00    
  -42251.9062         6071798.50    
  -42251.9062         6071649.50    
  -42251.9062         6071500.00    
  -42251.9062         6071350.50    
  -42251.9062         6071201.50    
  -42251.9062         6071052.00    
  -42251.9062         6070902.50    
  -42251.9062         6070754.00    
  -42251.9062         6070604.00    
  -42251.9062         6070455.50    
  -42251.9062         6070306.00    
  -42251.9062         6070157.00    
  -42251.9062         6070008.00    
  -42251.9062         6069859.50    
  -42251.9062         6069709.00    
  -42251.9062         6069560.00    
  -42251.9062         6069411.50    
  -42251.9062         6069262.00    
  -42251.9062         6069113.00    
  -42251.9062         6068963.00    
  -42251.9062         6068814.00    
  -42251.9062         6068665.00    
  -42251.9062         6068516.50    
  -42251.9062         6068367.00    
  -42251.9062         6068217.50    
  -42251.9062         6068068.50    
  -42251.9062         6067919.50    
  -42251.9062         6067770.00    
  -42251.9062         6067621.00    
  -42251.9062         6067471.50    
  -42251.9062         6067322.50    
  -42251.9062         6067173.50    
  -42251.9062         6067024.00    
  -42251.9062         6066875.00    
  -42251.9062         6066725.50    
  -42251.9062         6066576.50    
  -42251.9062         6066428.00    
  -42251.9062         6066278.50    
  -42251.9062         6066129.50    
  -42251.9062         6065980.50    
  -42251.9062         6065831.00    
  -42251.9062         6065681.50    
  -42251.9062         6065533.00    
  -42251.9062         6065384.00    
  -42251.9062         6065235.50    
  -42251.9062         6065085.50    
  -42251.9062         6064936.00    
  -42251.9062         6064787.50    
  -42251.9062         6064638.50    
  -42251.9062         6064489.50    
  -42251.9062         6064340.00    
  -42251.9062         6064190.50    
  -42251.9062         6064042.00    
  -42251.9062         6063892.50    
  -42251.9062         6063743.50    
  -42251.9062         6063594.00    
  -42251.9062         6063445.00    
  -42251.9062         6063296.50    
  -42251.9062         6063147.50    
  -42251.9062         6062998.00    
  -42251.9062         6062848.50    
  -42251.9062         6062700.00    
  -42251.9062         6062551.00    
  -42251.9062         6062402.00    
  -42251.9062         6062253.50    
  -42251.9062         6062104.50    
  -42251.9062         6061955.00    
  -42251.9062         6061806.00    
  -42251.9062         6061656.50    
  -42251.9062         6061507.00    
  -42251.9062         6061358.50    
  -42251.9062         6061209.00    
  -42251.9062         6061060.00    
  -42251.9062         6060911.00    
  -42251.9062         6060762.50    
  -42251.9062         6060613.50    
  -42251.9062         6060464.00    
  -42251.9062         6060315.00    
  -42251.9062         6060165.50    
  -42251.9062         6060017.00    
  -42251.9062         6059868.00    
  -42251.9062         6059718.50    
  -42251.9062         6059569.50    
  -42251.9062         6059421.00    
  -42251.9062         6059272.00    
  -42251.9062         6059123.00    
  -42251.9062         6058974.00    
  -42251.9062         6058824.50    
  -42251.9062         6058676.50    
  -42251.9062         6058526.50    
  -42251.9062         6058378.00    
  -42251.9062         6058229.00    
  -42251.9062         6058080.00    
  -42251.9062         6057931.00    
  -42251.9062         6057782.00    
  -42251.9062         6057632.50    
  -42251.9062         6057483.50    
  -42251.9062         6057335.00    
  -42251.9062         6057186.00    
  -42251.9062         6057037.00    
  -42251.9062         6056888.50    
  -42251.9062         6056739.00    
  -42251.9062         6056589.50    
  -42251.9062         6056440.50    
  -42251.9062         6056292.00    
  -42251.9062         6056143.00    
  -42251.9062         6055994.00    
  -42251.9062         6055845.50    
  -42251.9062         6055696.50    
  -42251.9062         6055547.00    
  -42251.9062         6055398.50    
  -42251.9062         6055249.50    
  -42251.9062         6055101.00    
  -42251.9062         6054951.00    
  -42251.9062         6054802.50    
  -42251.9062         6054653.50    
  -42251.9062         6054505.00    
  -42251.9062         6054356.00    
  -42251.9062         6054206.50    
  -42251.9062         6054058.00    
  -42251.9062         6053909.00    
  -42251.9062         6053760.00    
  -42251.9062         6053611.50    
  -42251.9062         6053462.00    
  -42251.9062         6053313.00    
  -42251.9062         6053164.50    
  -42251.9062         6053015.50    
  -42251.9062         6052867.50    
  -42251.9062         6052717.00    
  -42251.9062         6052569.00    
  -42251.9062         6052419.50    
  -42251.9062         6052271.00    
  -42251.9062         6052122.00    
  -42251.9062         6051973.50    
  -42251.9062         6051824.50    
  -42251.9062         6051675.50    
  -42251.9062         6051526.50    
  -42251.9062         6051378.00    
  -42251.9062         6051229.50    
  -42251.9062         6051080.00    
  -42251.9062         6050931.00    
  -42251.9062         6050782.00    
  -42251.9062         6050633.50    
  -42251.9062         6050484.00    
  -42251.9062         6050335.00    
  -42251.9062         6050186.50    
  -42251.9062         6050038.50    
  -42251.9062         6049889.50    
  -42251.9062         6049740.50    
  -42251.9062         6049591.00    
  -42251.9062         6049442.00    
  -42251.9062         6049293.50    
  -42251.9062         6049145.00    
  -42251.9062         6048996.00    
  -42251.9062         6048847.50    
  -42251.9062         6048698.00    
  -42251.9062         6048549.00    
  -42251.9062         6048400.50    
  -42251.9062         6048252.50    
  -42251.9062         6048103.50    
  -42251.9062         6047954.50    
  -42251.9062         6047805.50    
  -42251.9062         6047656.50    
  -42251.9062         6047507.50    
  -42251.9062         6047359.00    
  -42251.9062         6047210.00    
  -42251.9062         6047061.50    
  -42251.9062         6046912.50    
  -42251.9062         6046764.00    
  -42251.9062         6046615.00    
  -42251.9062         6046466.00    
  -42251.9062         6046317.50    
  -42251.9062         6046168.50    
  -42251.9062         6046020.00    
  -42251.9062         6045871.00    
  -42251.9062         6045722.50    
  -42251.9062         6045573.50    
  -42251.9062         6045424.50    
  -42251.9062         6045275.50    
  -42251.9062         6045127.50    
  -42251.9062         6044977.50    
  -42251.9062         6044829.50    
  -42251.9062         6044681.00    
  -42251.9062         6044532.00    
  -42251.9062         6044383.50    
  -42251.9062         6044234.50    
  -42251.9062         6044086.00    
  -42251.9062         6043937.00    
  -42251.9062         6043788.00    
  -42251.9062         6043639.50    
  -42251.9062         6043491.00    
  -42251.9062         6043341.00    
  -42251.9062         6043193.00    
  -42251.9062         6043045.00    
  -42251.9062         6042895.50    
  -42251.9062         6042747.00    
  -42251.9062         6042598.00    
  -42251.9062         6042449.50    
  -42251.9062         6042301.00    
  -42251.9062         6042152.00    
  -42251.9062         6042004.00    
  -42251.9062         6041854.50    
  -42251.9062         6041705.50    
  -42251.9062         6041557.50    
  -42251.9062         6041409.00    
  -42251.9062         6041260.00    
  -42251.9062         6041110.50    
  -42251.9062         6040962.50    
  -42251.9062         6040813.50    
  -42251.9062         6040665.50    
  -42251.9062         6040516.00    
  -42251.9062         6040368.00    
  -42251.9062         6040218.50    
  -42251.9062         6040070.50    
  -42251.9062         6039922.00    
  -42251.9062         6039773.00    
  -42251.9062         6039624.00    
  -42251.9062         6039475.50    
  -42251.9062         6039326.50    
  -42251.9062         6039178.50    
  -42251.9062         6039030.00    
  -42251.9062         6038881.00    
  -42251.9062         6038732.50    
  -42251.9062         6038583.50    
  -42251.9062         6038434.50    
  -42251.9062         6038286.00    
  -42251.9062         6038138.00    
  -42251.9062         6037988.50    
  -42251.9062         6037840.50    
  -42251.9062         6037691.50    
  -42251.9062         6037543.00    
  -42251.9062         6037395.00    
  -42251.9062         6037246.00    
  -42251.9062         6037097.50    
  -42251.9062         6036948.00    
  -42251.9062         6036800.00    
  -42251.9062         6036652.00    
  -42251.9062         6036503.00    
  -42251.9062         6036354.00    
  -42251.9062         6036205.00    
  -42251.9062         6036057.00    
  -42251.9062         6035909.00    
  -42251.9062         6035760.00    
  -42251.9062         6035611.00    
  -42251.9062         6035462.00    
  -42251.9062         6035314.00    
  -42251.9062         6035165.50    
  -42251.9062         6035017.00    
  -42251.9062         6034867.50    
  -42251.9062         6034718.50    
  -42251.9062         6034570.50    
  -42251.9062         6034422.50    
  -42251.9062         6034273.50    
  -42251.9062         6034124.50    
  -42251.9062         6033975.50    
  -42251.9062         6033828.50    
  -42251.9062         6033679.50    
  -42251.9062         6033531.00    
  -42251.9062         6033382.00    
  -42251.9062         6033233.50    
  -42251.9062         6033085.50    
  -42251.9062         6032936.00    
  -42251.9062         6032788.00    
  -42251.9062         6032639.00    
  -42251.9062         6032491.00    
  -42251.9062         6032342.00    
  -42251.9062         6032193.50    
  -42251.9062         6032045.00    
  -42251.9062         6031896.50    
  -42251.9062         6031748.00    
  -42251.9062         6031599.50    
  -42251.9062         6031450.50    
  -42251.9062         6031302.50    
  -42251.9062         6031154.50    
  -42251.9062         6031005.00    
  -42251.9062         6030856.00    
  -42251.9062         6030708.00    
  -42251.9062         6030560.00    
  -42251.9062         6030411.50    
  -42251.9062         6030262.50    
  -42251.9062         6030114.00    
  -42251.9062         6029966.00    
  -42251.9062         6029817.50    
  -42251.9062         6029668.50    
  -42251.9062         6029520.50    
  -42251.9062         6029371.50    
  -42251.9062         6029223.50    
  -42251.9062         6029074.00    
  -42251.9062         6028926.00    
  -42251.9062         6028778.00    
  -42251.9062         6028629.50    
  -42251.9062         6028480.50    
  -42251.9062         6028332.00    
  -42251.9062         6028184.00    
  -42251.9062         6028035.50    
  -42251.9062         6027886.50    
  -42251.9062         6027738.50    
  -42251.9062         6027589.50    
  -42251.9062         6027441.50    
  -42251.9062         6027293.00    
  -42251.9062         6027144.00    
  -42251.9062         6026996.00    
  -42251.9062         6026848.00    
  -42251.9062         6026698.50    
  -42251.9062         6026550.50    
  -42251.9062         6026402.50    
  -42251.9062         6026253.50    
  -42251.9062         6026105.00    
  -42251.9062         6025957.00    
  -42251.9062         6025809.00    
  -42251.9062         6025660.00    
  -42251.9062         6025511.00    
  -42251.9062         6025363.00    
  -42251.9062         6025215.00    
  -42251.9062         6025066.00    
  -42251.9062         6024918.00    
  -42251.9062         6024769.50    
  -42251.9062         6024621.50    
  -42251.9062         6024472.50    
  -42251.9062         6024324.00    
  -42251.9062         6024176.50    
  -42251.9062         6024027.00    
  -42251.9062         6023878.50    
  -42251.9062         6023730.50    
  -42251.9062         6023582.50    
  -42251.9062         6023434.00    
  -42251.9062         6023285.00    
  -42251.9062         6023137.00    
  -42251.9062         6022989.00    
  -42251.9062         6022840.00    
  -42251.9062         6022691.50    
  -42251.9062         6022544.00    
  -42251.9062         6022395.50    
  -42251.9062         6022246.00    
  -42251.9062         6022098.00    
  -42251.9062         6021950.50    
  -42251.9062         6021802.00    
  -42251.9062         6021652.50    
  -42251.9062         6021504.50    
  -42251.9062         6021356.50    
  -42251.9062         6021208.00    
  -42251.9062         6021059.50    
  -42251.9062         6020911.00    
  -42251.9062         6020763.00    
  -42251.9062         6020614.50    
  -42251.9062         6020466.00    
  -42251.9062         6020318.00    
  -42251.9062         6020169.50    
  -42251.9062         6020021.00    
  -42251.9062         6019872.50    
  -42251.9062         6019724.50    
  -42251.9062         6019576.00    
  -42251.9062         6019428.00    
  -42251.9062         6019280.00    
  -42251.9062         6019131.00    
  -42251.9062         6018982.50    
  -42251.9062         6018835.50    
  -42251.9062         6018686.50    
  -42251.9062         6018537.50    
  -42251.9062         6018389.00    
  -42251.9062         6018242.00    
  -42251.9062         6018093.00    
  -42251.9062         6017944.50    
  -42251.9062         6017796.50    
  -42251.9062         6017648.00    
  -42251.9062         6017499.50    
  -42251.9062         6017351.50    
  -42251.9062         6017203.50    
  -42251.9062         6017054.50    
  -42251.9062         6016906.00    
  -42251.9062         6016758.00    
  -42251.9062         6016610.00    
  -42251.9062         6016461.50    
  -42251.9062         6016313.50    
  -42251.9062         6016165.50    
  -42251.9062         6016017.00    
  -42251.9062         6015868.50    
  -42251.9062         6015720.50    
  -42251.9062         6015572.50    
  -42251.9062         6015424.00    
  -42251.9062         6015276.00    
  -42251.9062         6015128.00    
  -42251.9062         6014979.50    
  -42251.9062         6014831.50    
  -42251.9062         6014682.50    
  -42251.9062         6014534.00    
  -42251.9062         6014386.00    
  -42251.9062         6014238.00    
  -42251.9062         6014089.50    
  -42251.9062         6013941.00    
  -42251.9062         6013793.00    
  -42251.9062         6013645.00    
  -42251.9062         6013496.50    
  -42251.9062         6013348.50    
  -42251.9062         6013200.50    
  -42251.9062         6013052.00    
  -42251.9062         6012903.50    
  -42251.9062         6012755.50    
  -42251.9062         6012608.00    
  -42251.9062         6012459.00    
  -42251.9062         6012311.00    
  -42251.9062         6012163.00    
  -42251.9062         6012014.50    
  -42251.9062         6011866.50    
  -42251.9062         6011718.50    
  -42251.9062         6011569.50    
  -42251.9062         6011421.50    
  -42251.9062         6011274.00    
  -42251.9062         6011126.00    
  -42251.9062         6010977.50    
  -42251.9062         6010829.00    
  -42251.9062         6010680.50    
  -42251.9062         6010532.50    
  -42251.9062         6010385.00    
  -42251.9062         6010236.50    
  -42251.9062         6010087.50    
  -42251.9062         6009940.50    
  -42251.9062         6009791.50    
  -42251.9062         6009643.50    
  -42251.9062         6009496.50    
  -42251.9062         6009347.00    
  -42251.9062         6009199.00    
  -42251.9062         6009051.00    
  -42251.9062         6008903.00    
  -42251.9062         6008755.00    
  -42251.9062         6008607.00    
  -42251.9062         6008458.00    
  -42251.9062         6008310.50    
  -42251.9062         6008162.50    
  -42251.9062         6008014.00    
  -42251.9062         6007866.50    
  -42251.9062         6007717.50    
  -42251.9062         6007569.50    
  -42251.9062         6007421.50    
  -42251.9062         6007273.50    
  -42251.9062         6007126.00    
  -42251.9062         6006977.00    
  -42251.9062         6006829.00    
  -42251.9062         6006681.00    
  -42251.9062         6006533.00    
  -42251.9062         6006385.00    
  -42251.9062         6006236.00    
  -42251.9062         6006088.50    
  -42251.9062         6005940.50    
  -42251.9062         6005792.50    
  -42251.9062         6005644.50    
  -42251.9062         6005495.50    
  -42251.9062         6005348.00    
  -42251.9062         6005200.00    
  -42251.9062         6005052.50    
  -42251.9062         6004904.00    
  -42251.9062         6004756.00    
  -42251.9062         6004608.00    
  -42251.9062         6004459.50    
  -42251.9062         6004311.00    
  -42251.9062         6004164.00    
  -42251.9062         6004015.50    
  -42251.9062         6003867.50    
  -42251.9062         6003719.00    
  -42251.9062         6003570.50    
  -42251.9062         6003423.50    
  -42251.9062         6003275.50    
  -42251.9062         6003126.50    
  -42251.9062         6002978.50    
  -42251.9062         6002831.50    
  -42251.9062         6002683.00    
  -42251.9062         6002535.50    
  -42251.9062         6002386.50    
  -42251.9062         6002239.00    
  -42251.9062         6002091.00    
  -42251.9062         6001943.00    
  -42251.9062         6001795.00    
  -42251.9062         6001646.00    
  -42251.9062         6001498.50    
  -42251.9062         6001350.50    
  -42251.9062         6001203.00    
  -42251.9062         6001054.50    
  -42251.9062         6000907.00    
  -42251.9062         6000758.50    
  -42251.9062         6000610.50    
  -42251.9062         6000462.50    
  -42251.9062         6000315.00    
  -42251.9062         6000166.50    
  -42251.9062         6000018.50    
  -42251.9062         5999870.50    
  -42251.9062         5999722.50    
  -42251.9062         5999575.50    
  -42251.9062         5999427.00    
  -42251.9062         5999278.00    
  -42251.9062         5999130.50    
  -42251.9062         5998982.00    
  -42251.9062         5998835.00    
  -42251.9062         5998687.00    
  -42251.9062         5998538.00    
  -42251.9062         5998391.00    
  -42251.9062         5998243.00    
  -42251.9062         5998095.00    
  -42251.9062         5997947.00    
  -42251.9062         5997799.00    
  -42251.9062         5997651.00    
  -42251.9062         5997503.00    
  -42251.9062         5997355.00    
  -42251.9062         5997207.00    
  -42251.9062         5997059.50    
  -42251.9062         5996911.50    
  -42251.9062         5996763.00    
  -42251.9062         5996615.50    
  -42251.9062         5996467.50    
  -42251.9062         5996320.00    
  -42251.9062         5996171.50    
  -42251.9062         5996023.50    
  -42251.9062         5995875.50    
  -42251.9062         5995727.50    
  -42251.9062         5995580.00    
  -42251.9062         5995431.50    
  -42251.9062         5995284.50    
  -42251.9062         5995136.50    
  -42251.9062         5994988.00    
  -42251.9062         5994840.50    
  -42251.9062         5994692.00    
  -42251.9062         5994544.50    
  -42251.9062         5994396.50    
  -42251.9062         5994248.50    
  -42251.9062         5994100.50    
  -42251.9062         5993953.00    
  -42251.9062         5993805.00    
  -42251.9062         5993656.50    
  -42251.9062         5993509.00    
  -42251.9062         5993361.50    
  -42251.9062         5993214.00    
  -42251.9062         5993065.00    
  -42251.9062         5992917.50    
  -42251.9062         5992770.00    
  -42251.9062         5992622.00    
  -42251.9062         5992474.50    
  -42251.9062         5992326.00    
  -42251.9062         5992178.50    
  -42251.9062         5992030.50    
  -42251.9062         5991883.00    
  -42251.9062         5991735.50    
  -42251.9062         5991586.00    
  -42251.9062         5991439.00    
  -42251.9062         5991291.00    
  -42251.9062         5991144.00    
  -42251.9062         5990995.50    
  -42251.9062         5990847.00    
  -42251.9062         5990700.00    
  -42251.9062         5990552.00    
  -42251.9062         5990404.00    
  -42251.9062         5990256.50    
  -42251.9062         5990109.00    
  -42251.9062         5989961.00    
  -42251.9062         5989813.00    
  -42251.9062         5989665.00    
  -42251.9062         5989517.50    
  -42251.9062         5989370.00    
  -42251.9062         5989221.00    
  -42251.9062         5989073.50    
  -42251.9062         5988926.00    
  -42251.9062         5988778.50    
  -42251.9062         5988630.00    
  -42251.9062         5988483.00    
  -42251.9062         5988334.50    
  -42251.9062         5988187.00    
  -42251.9062         5988039.50    
  -42251.9062         5987892.00    
  -42251.9062         5987743.50    
  -42251.9062         5987595.50    
  -42251.9062         5987448.00    
  -42251.9062         5987300.50    
  -42251.9062         5987153.00    
  -42251.9062         5987004.50    
  -42251.9062         5986857.00    
  -42251.9062         5986709.00    
  -42251.9062         5986561.50    
  -42251.9062         5986413.50    
  -42251.9062         5986266.50    
  -42251.9062         5986118.00    
  -42251.9062         5985970.50    
  -42251.9062         5985823.00    
  -42251.9062         5985675.50    
  -42251.9062         5985527.50    
  -42251.9062         5985379.00    
  -42251.9062         5985231.50    
  -42251.9062         5985083.50    
  -42251.9062         5984936.50    
  -42251.9062         5984788.50    
  -42251.9062         5984640.50    
  -42251.9062         5984492.50    
  -42251.9062         5984345.50    
  -42251.9062         5984197.50    
  -42251.9062         5984049.50    
  -42251.9062         5983901.50    
  -42251.9062         5983754.00    
  -42251.9062         5983606.50    
  -42251.9062         5983459.00    
  -42251.9062         5983311.50    
  -42251.9062         5983164.00    
  -42251.9062         5983015.50    
  -42251.9062         5982868.00    
  -42251.9062         5982720.50    
  -42251.9062         5982573.00    
         470
  -42251.9062         5982573.00    
  -42105.1445         5982573.00    
  -41958.3906         5982573.00    
  -41811.6289         5982573.00    
  -41664.8672         5982573.00    
  -41518.1133         5982573.00    
  -41371.3555         5982573.00    
  -41224.5977         5982573.00    
  -41077.8398         5982573.00    
  -40931.0781         5982573.00    
  -40784.3203         5982573.00    
  -40637.5664         5982573.00    
  -40490.8047         5982573.00    
  -40344.0508         5982573.00    
  -40197.2930         5982573.00    
  -40050.5312         5982573.00    
  -39903.7734         5982573.00    
  -39757.0156         5982573.00    
  -39610.2578         5982573.00    
  -39463.5000         5982573.00    
  -39316.7422         5982573.00    
  -39169.9805         5982573.00    
  -39023.2266         5982573.00    
  -38876.4648         5982573.00    
  -38729.7109         5982573.00    
  -38582.9531         5982573.00    
  -38436.1953         5982573.00    
  -38289.4336         5982573.00    
  -38142.6758         5982573.00    
  -37995.9180         5982573.00    
  -37849.1641         5982573.00    
  -37701.5586         5982573.00    
  -37554.7969         5982573.00    
  -37408.0352         5982573.00    
  -37261.2812         5982573.00    
  -37114.5195         5982573.00    
  -36967.7656         5982573.00    
  -36821.0078         5982573.00    
  -36674.2500         5982573.00    
  -36527.4883         5982573.00    
  -36380.7305         5982573.00    
  -36233.9727         5982573.00    
  -36087.2188         5982573.00    
  -35940.4570         5982573.00    
  -35793.6992         5982573.00    
  -35646.9414         5982573.00    
  -35500.1797         5982573.00    
  -35353.4258         5982573.00    
  -35206.6680         5982573.00    
  -35059.9102         5982573.00    
  -34913.1523         5982573.00    
  -34766.3906         5982573.00    
  -34619.6328         5982573.00    
  -34472.8789         5982573.00    
  -34326.1172         5982573.00    
  -34179.3633         5982573.00    
  -34032.6055         5982573.00    
  -33885.8438         5982573.00    
  -33739.0859         5982573.00    
  -33592.3281         5982573.00    
  -33445.5703         5982573.00    
  -33298.8125         5982573.00    
  -33152.0547         5982573.00    
  -33005.2969         5982573.00    
  -32858.5391         5982573.00    
  -32711.7812         5982573.00    
  -32565.0234         5982573.00    
  -32418.2637         5982573.00    
  -32271.5039         5982573.00    
  -32124.7500         5982573.00    
  -31977.9902         5982573.00    
  -31831.2344         5982573.00    
  -31684.4746         5982573.00    
  -31537.7168         5982573.00    
  -31390.9570         5982573.00    
  -31244.2012         5982573.00    
  -31097.4414         5982573.00    
  -30950.6875         5982573.00    
  -30803.9277         5982573.00    
  -30657.1680         5982573.00    
  -30510.4102         5982573.00    
  -30363.6504         5982573.00    
  -30216.8945         5982573.00    
  -30070.1348         5982573.00    
  -29923.3789         5982573.00    
  -29776.6172         5982573.00    
  -29629.8613         5982573.00    
  -29483.1016         5982573.00    
  -29336.3477         5982573.00    
  -29189.5879         5982573.00    
  -29042.8301         5982573.00    
  -28896.0684         5982573.00    
  -28749.3145         5982573.00    
  -28602.5547         5982573.00    
  -28455.7949         5982573.00    
  -28309.0391         5982573.00    
  -28162.2812         5982573.00    
  -28015.5215         5982573.00    
  -27867.9160         5982573.00    
  -27721.1562         5982573.00    
  -27574.4004         5982573.00    
  -27427.6426         5982573.00    
  -27280.8848         5982573.00    
  -27134.1250         5982573.00    
  -26987.3691         5982573.00    
  -26840.6094         5982573.00    
  -26693.8516         5982573.00    
  -26547.0938         5982573.00    
  -26400.3359         5982573.00    
  -26253.5762         5982573.00    
  -26106.8164         5982573.00    
  -25960.0625         5982573.00    
  -25813.3027         5982573.00    
  -25666.5469         5982573.00    
  -25519.7871         5982573.00    
  -25373.0293         5982573.00    
  -25226.2695         5982573.00    
  -25079.5137         5982573.00    
  -24932.7539         5982573.00    
  -24785.9961         5982573.00    
  -24639.2363         5982573.00    
  -24492.4805         5982573.00    
  -24345.7227         5982573.00    
  -24198.9629         5982573.00    
  -24052.2070         5982573.00    
  -23905.4473         5982573.00    
  -23758.6895         5982573.00    
  -23611.9336         5982573.00    
  -23465.1738         5982573.00    
  -23318.4141         5982573.00    
  -23171.6602         5982573.00    
  -23024.9004         5982573.00    
  -22878.1406         5982573.00    
  -22731.3828         5982573.00    
  -22584.6250         5982573.00    
  -22437.8672         5982573.00    
  -22291.1074         5982573.00    
  -22144.3516         5982573.00    
  -21997.5938         5982573.00    
  -21850.8340         5982573.00    
  -21704.0762         5982573.00    
  -21557.3184         5982573.00    
  -21410.5605         5982573.00    
  -21263.8027         5982573.00    
  -21117.0430         5982573.00    
  -20970.2871         5982573.00    
  -20823.5293         5982573.00    
  -20676.7695         5982573.00    
  -20530.0117         5982573.00    
  -20383.2559         5982573.00    
  -20236.4961         5982573.00    
  -20089.7383         5982573.00    
  -19942.9805         5982573.00    
  -19796.2227         5982573.00    
  -19649.4648         5982573.00    
  -19502.7051         5982573.00    
  -19355.9492         5982573.00    
  -19209.1895         5982573.00    
  -19062.4316         5982573.00    
  -18915.6738         5982573.00    
  -18768.9160         5982573.00    
  -18622.1582         5982573.00    
  -18475.4004         5982573.00    
  -18328.6406         5982573.00    
  -18181.0352         5982573.00    
  -18034.2773         5982573.00    
  -17887.5176         5982573.00    
  -17740.7598         5982573.00    
  -17594.0039         5982573.00    
  -17447.2441         5982573.00    
  -17300.4863         5982573.00    
  -17153.7285         5982573.00    
  -17006.9707         5982573.00    
  -16860.2129         5982573.00    
  -16713.4551         5982573.00    
  -16566.6953         5982573.00    
  -16419.9395         5982573.00    
  -16273.1816         5982573.00    
  -16126.4209         5982573.00    
  -15979.6631         5982573.00    
  -15832.9062         5982573.00    
  -15686.1465         5982573.00    
  -15539.3896         5982573.00    
  -15392.6318         5982573.00    
  -15245.8730         5982573.00    
  -15099.1152         5982573.00    
  -14952.3584         5982573.00    
  -14805.5986         5982573.00    
  -14658.8418         5982573.00    
  -14512.0840         5982573.00    
  -14365.3242         5982573.00    
  -14218.5664         5982573.00    
  -14071.8086         5982573.00    
  -13925.0508         5982573.00    
  -13778.2930         5982573.00    
  -13631.5352         5982573.00    
  -13484.7764         5982573.00    
  -13338.0195         5982573.00    
  -13191.2607         5982573.00    
  -13044.5029         5982573.00    
  -12897.7451         5982573.00    
  -12750.9873         5982573.00    
  -12604.2266         5982573.00    
  -12457.4697         5982573.00    
  -12310.7119         5982573.00    
  -12163.9531         5982573.00    
  -12017.1953         5982573.00    
  -11870.4385         5982573.00    
  -11723.6797         5982573.00    
  -11576.9219         5982573.00    
  -11430.1631         5982573.00    
  -11283.4053         5982573.00    
  -11136.6475         5982573.00    
  -10989.8887         5982573.00    
  -10843.1309         5982573.00    
  -10696.3730         5982573.00    
  -10549.6152         5982573.00    
  -10402.8564         5982573.00    
  -10256.0986         5982573.00    
  -10109.3408         5982573.00    
  -9962.58301         5982573.00    
  -9815.82422         5982573.00    
  -9669.06738         5982573.00    
  -9522.30859         5982573.00    
  -9375.54980         5982573.00    
  -9228.79297         5982573.00    
  -9082.03418         5982573.00    
  -8935.27637         5982573.00    
  -8788.51855         5982573.00    
  -8641.76074         5982573.00    
  -8495.00098         5982573.00    
  -8347.39551         5982573.00    
  -8200.63770         5982573.00    
  -8053.87939         5982573.00    
  -7907.12207         5982573.00    
  -7760.36377         5982573.00    
  -7613.60547         5982573.00    
  -7466.84814         5982573.00    
  -7320.08887         5982573.00    
  -7173.33057         5982573.00    
  -7026.57324         5982573.00    
  -6879.81494         5982573.00    
  -6733.05713         5982573.00    
  -6586.29932         5982573.00    
  -6439.54053         5982573.00    
  -6292.78223         5982573.00    
  -6146.02490         5982573.00    
  -5999.26660         5982573.00    
  -5852.50830         5982573.00    
  -5705.75000         5982573.00    
  -5558.99219         5982573.00    
  -5412.23438         5982573.00    
  -5265.47607         5982573.00    
  -5118.71777         5982573.00    
  -4971.95996         5982573.00    
  -4825.20166         5982573.00    
  -4678.44336         5982573.00    
  -4531.68555         5982573.00    
  -4384.92773         5982573.00    
  -4238.16943         5982573.00    
  -4091.41138         5982573.00    
  -3944.65332         5982573.00    
  -3797.89551         5982573.00    
  -3651.13745         5982573.00    
  -3504.37891         5982573.00    
  -3357.62109         5982573.00    
  -3210.86328         5982573.00    
  -3064.10498         5982573.00    
  -2917.34692         5982573.00    
  -2770.58887         5982573.00    
  -2623.83081         5982573.00    
  -2477.07275         5982573.00    
  -2330.31470         5982573.00    
  -2183.55640         5982573.00    
  -2036.79822         5982573.00    
  -1890.04041         5982573.00    
  -1743.28223         5982573.00    
  -1596.52417         5982573.00    
  -1449.76611         5982573.00    
  -1303.00818         5982573.00    
  -1156.25000         5982573.00    
  -1009.49200         5982573.00    
  -862.733887         5982573.00    
  -715.975769         5982573.00    
  -569.217712         5982573.00    
  -422.459686         5982573.00    
  -275.701569         5982573.00    
  -128.943512         5982573.00    
   17.8145657         5982573.00    
   164.572632         5982573.00    
   311.330719         5982573.00    
   458.088806         5982573.00    
   604.846802         5982573.00    
   751.604919         5982573.00    
   898.362976         5982573.00    
   1045.12109         5982573.00    
   1191.87915         5982573.00    
   1339.48547         5982573.00    
   1486.24365         5982573.00    
   1633.00171         5982573.00    
   1779.75977         5982573.00    
   1926.51794         5982573.00    
   2073.27588         5982573.00    
   2220.03369         5982573.00    
   2366.79199         5982573.00    
   2513.55029         5982573.00    
   2660.30811         5982573.00    
   2807.06641         5982573.00    
   2953.82446         5982573.00    
   3100.58228         5982573.00    
   3247.34033         5982573.00    
   3394.09814         5982573.00    
   3540.85693         5982573.00    
   3687.61450         5982573.00    
   3834.37280         5982573.00    
   3981.13110         5982573.00    
   4127.88867         5982573.00    
   4274.64697         5982573.00    
   4421.40527         5982573.00    
   4568.16309         5982573.00    
   4714.92139         5982573.00    
   4861.67920         5982573.00    
   5008.43750         5982573.00    
   5155.19531         5982573.00    
   5301.95361         5982573.00    
   5448.71191         5982573.00    
   5595.47021         5982573.00    
   5742.22754         5982573.00    
   5888.98584         5982573.00    
   6035.74365         5982573.00    
   6182.50195         5982573.00    
   6329.25928         5982573.00    
   6476.01758         5982573.00    
   6622.77637         5982573.00    
   6769.53418         5982573.00    
   6916.29199         5982573.00    
   7063.05029         5982573.00    
   7209.80811         5982573.00    
   7356.56641         5982573.00    
   7503.32471         5982573.00    
   7650.08301         5982573.00    
   7796.84033         5982573.00    
   7943.59863         5982573.00    
   8090.35693         5982573.00    
   8237.11426         5982573.00    
   8383.87305         5982573.00    
   8530.63184         5982573.00    
   8677.38867         5982573.00    
   8824.14746         5982573.00    
   8970.90527         5982573.00    
   9117.66309         5982573.00    
   9264.42188         5982573.00    
   9411.17969         5982573.00    
   9557.93750         5982573.00    
   9704.69531         5982573.00    
   9851.45410         5982573.00    
   9998.21094         5982573.00    
   10144.9697         5982573.00    
   10291.7285         5982573.00    
   10438.4873         5982573.00    
   10585.2441         5982573.00    
   10732.0029         5982573.00    
   10878.7598         5982573.00    
   11025.5186         5982573.00    
   11173.1240         5982573.00    
   11319.8818         5982573.00    
   11466.6406         5982573.00    
   11613.3984         5982573.00    
   11760.1572         5982573.00    
   11906.9150         5982573.00    
   12053.6738         5982573.00    
   12200.4316         5982573.00    
   12347.1885         5982573.00    
   12493.9482         5982573.00    
   12640.7051         5982573.00    
   12787.4639         5982573.00    
   12934.2217         5982573.00    
   13080.9795         5982573.00    
   13227.7383         5982573.00    
   13374.4951         5982573.00    
   13521.2529         5982573.00    
   13668.0127         5982573.00    
   13814.7705         5982573.00    
   13961.5273         5982573.00    
   14108.2871         5982573.00    
   14255.0439         5982573.00    
   14401.8018         5982573.00    
   14548.5605         5982573.00    
   14695.3193         5982573.00    
   14842.0762         5982573.00    
   14988.8350         5982573.00    
   15135.5928         5982573.00    
   15282.3506         5982573.00    
   15429.1094         5982573.00    
   15575.8662         5982573.00    
   15722.6240         5982573.00    
   15869.3828         5982573.00    
   16016.1406         5982573.00    
   16162.8975         5982573.00    
   16309.6572         5982573.00    
   16456.4141         5982573.00    
   16603.1738         5982573.00    
   16749.9316         5982573.00    
   16896.6875         5982573.00    
   17043.4473         5982573.00    
   17190.2070         5982573.00    
   17336.9648         5982573.00    
   17483.7227         5982573.00    
   17630.4805         5982573.00    
   17777.2383         5982573.00    
   17923.9961         5982573.00    
   18070.7539         5982573.00    
   18217.5117         5982573.00    
   18364.2715         5982573.00    
   18511.0273         5982573.00    
   18657.7852         5982573.00    
   18804.5449         5982573.00    
   18951.3027         5982573.00    
   19098.0586         5982573.00    
   19244.8203         5982573.00    
   19391.5781         5982573.00    
   19538.3359         5982573.00    
   19685.0938         5982573.00    
   19831.8516         5982573.00    
   19978.6094         5982573.00    
   20125.3672         5982573.00    
   20272.1250         5982573.00    
   20418.8828         5982573.00    
   20565.6426         5982573.00    
   20712.3984         5982573.00    
   20860.0039         5982573.00    
   21006.7656         5982573.00    
   21153.5234         5982573.00    
   21300.2793         5982573.00    
   21447.0391         5982573.00    
   21593.7969         5982573.00    
   21740.5547         5982573.00    
   21887.3125         5982573.00    
   22034.0703         5982573.00    
   22180.8281         5982573.00    
   22327.5879         5982573.00    
   22474.3457         5982573.00    
   22621.1016         5982573.00    
   22767.8613         5982573.00    
   22914.6191         5982573.00    
   23061.3750         5982573.00    
   23208.1348         5982573.00    
   23354.8945         5982573.00    
   23501.6504         5982573.00    
   23648.4082         5982573.00    
   23795.1680         5982573.00    
   23941.9258         5982573.00    
   24088.6836         5982573.00    
   24235.4414         5982573.00    
   24382.1992         5982573.00    
   24528.9590         5982573.00    
   24675.7148         5982573.00    
   24822.4727         5982573.00    
   24969.2324         5982573.00    
   25115.9902         5982573.00    
   25262.7461         5982573.00    
   25409.5039         5982573.00    
   25556.2656         5982573.00    
   25703.0234         5982573.00    
   25849.7793         5982573.00    
   25996.5391         5982573.00    
   26143.2949         5982573.00    
   26290.0527         5982573.00    
   26436.8125         5982573.00    
   26583.5723         5982573.00    
         661
   26583.5723         5982573.00    
   26583.5723         5982720.50    
   26583.5723         5982868.00    
   26583.5723         5983015.50    
   26583.5723         5983164.00    
   26583.5723         5983311.50    
   26583.5723         5983459.00    
   26583.5723         5983606.50    
   26583.5723         5983754.00    
   26583.5723         5983901.50    
   26583.5723         5984049.50    
   26583.5723         5984197.50    
   26583.5723         5984345.50    
   26583.5723         5984492.50    
   26583.5723         5984640.50    
   26583.5723         5984788.50    
   26583.5723         5984936.50    
   26583.5723         5985083.50    
   26583.5723         5985231.50    
   26583.5723         5985379.00    
   26583.5723         5985527.50    
   26583.5723         5985675.50    
   26583.5723         5985823.00    
   26583.5723         5985970.50    
   26583.5723         5986118.00    
   26583.5723         5986266.50    
   26583.5723         5986413.50    
   26583.5723         5986561.50    
   26583.5723         5986709.00    
   26583.5723         5986857.00    
   26583.5723         5987004.50    
   26583.5723         5987153.00    
   26583.5723         5987300.50    
   26583.5723         5987448.00    
   26583.5723         5987595.50    
   26583.5723         5987743.50    
   26583.5723         5987892.00    
   26583.5723         5988039.50    
   26583.5723         5988187.00    
   26583.5723         5988334.50    
   26583.5723         5988483.00    
   26583.5723         5988630.00    
   26583.5723         5988778.50    
   26583.5723         5988926.00    
   26583.5723         5989073.50    
   26583.5723         5989221.00    
   26583.5723         5989370.00    
   26583.5723         5989517.50    
   26583.5723         5989665.00    
   26583.5723         5989813.00    
   26583.5723         5989961.00    
   26583.5723         5990109.00    
   26583.5723         5990256.50    
   26583.5723         5990404.00    
   26583.5723         5990552.00    
   26583.5723         5990700.00    
   26583.5723         5990847.00    
   26583.5723         5990995.50    
   26583.5723         5991144.00    
   26583.5723         5991291.00    
   26583.5723         5991439.00    
   26583.5723         5991586.00    
   26583.5723         5991735.50    
   26583.5723         5991883.00    
   26583.5723         5992030.50    
   26583.5723         5992178.50    
   26583.5723         5992326.00    
   26583.5723         5992474.50    
   26583.5723         5992622.00    
   26583.5723         5992770.00    
   26583.5723         5992917.50    
   26583.5723         5993065.00    
   26583.5723         5993214.00    
   26583.5723         5993361.50    
   26583.5723         5993509.00    
   26583.5723         5993656.50    
   26583.5723         5993805.00    
   26583.5723         5993953.00    
   26583.5723         5994100.50    
   26583.5723         5994248.50    
   26583.5723         5994396.50    
   26583.5723         5994544.50    
   26583.5723         5994692.00    
   26583.5723         5994840.50    
   26583.5723         5994988.00    
   26583.5723         5995136.50    
   26583.5723         5995284.50    
   26583.5723         5995431.50    
   26583.5723         5995580.00    
   26583.5723         5995727.50    
   26583.5723         5995875.50    
   26583.5723         5996023.50    
   26583.5723         5996171.50    
   26583.5723         5996320.00    
   26583.5723         5996467.50    
   26583.5723         5996615.50    
   26583.5723         5996763.00    
   26583.5723         5996911.50    
   26583.5723         5997059.50    
   26583.5723         5997207.00    
   26583.5723         5997355.00    
   26583.5723         5997503.00    
   26583.5723         5997651.00    
   26583.5723         5997799.00    
   26583.5723         5997947.00    
   26583.5723         5998095.00    
   26583.5723         5998243.00    
   26583.5723         5998391.00    
   26583.5723         5998538.00    
   26583.5723         5998687.00    
   26583.5723         5998835.00    
   26583.5723         5998982.00    
   26583.5723         5999130.50    
   26583.5723         5999278.00    
   26583.5723         5999427.00    
   26583.5723         5999575.50    
   26583.5723         5999722.50    
   26583.5723         5999870.50    
   26583.5723         6000018.50    
   26583.5723         6000166.50    
   26583.5723         6000315.00    
   26583.5723         6000462.50    
   26583.5723         6000610.50    
   26583.5723         6000758.50    
   26583.5723         6000907.00    
   26583.5723         6001054.50    
   26583.5723         6001203.00    
   26583.5723         6001350.50    
   26583.5723         6001498.50    
   26583.5723         6001646.00    
   26583.5723         6001795.00    
   26583.5723         6001943.00    
   26583.5723         6002091.00    
   26583.5723         6002239.00    
   26583.5723         6002386.50    
   26583.5723         6002535.50    
   26583.5723         6002683.00    
   26583.5723         6002831.50    
   26583.5723         6002978.50    
   26583.5723         6003126.50    
   26583.5723         6003275.50    
   26583.5723         6003423.50    
   26583.5723         6003570.50    
   26583.5723         6003719.00    
   26583.5723         6003867.50    
   26583.5723         6004015.50    
   26583.5723         6004164.00    
   26583.5723         6004311.00    
   26583.5723         6004459.50    
   26583.5723         6004608.00    
   26583.5723         6004756.00    
   26583.5723         6004904.00    
   26583.5723         6005052.50    
   26583.5723         6005200.00    
   26583.5723         6005348.00    
   26583.5723         6005495.50    
   26583.5723         6005644.50    
   26583.5723         6005792.50    
   26583.5723         6005940.50    
   26583.5723         6006088.50    
   26583.5723         6006236.00    
   26583.5723         6006385.00    
   26583.5723         6006533.00    
   26583.5723         6006681.00    
   26583.5723         6006829.00    
   26583.5723         6006977.00    
   26583.5723         6007126.00    
   26583.5723         6007273.50    
   26583.5723         6007421.50    
   26583.5723         6007569.50    
   26583.5723         6007717.50    
   26583.5723         6007866.50    
   26583.5723         6008014.00    
   26583.5723         6008162.50    
   26583.5723         6008310.50    
   26583.5723         6008458.00    
   26583.5723         6008607.00    
   26583.5723         6008755.00    
   26583.5723         6008903.00    
   26583.5723         6009051.00    
   26583.5723         6009199.00    
   26583.5723         6009347.00    
   26583.5723         6009496.50    
   26583.5723         6009643.50    
   26583.5723         6009791.50    
   26583.5723         6009940.50    
   26583.5723         6010087.50    
   26583.5723         6010236.50    
   26583.5723         6010385.00    
   26583.5723         6010532.50    
   26583.5723         6010680.50    
   26583.5723         6010829.00    
   26583.5723         6010977.50    
   26583.5723         6011126.00    
   26583.5723         6011274.00    
   26583.5723         6011421.50    
   26583.5723         6011569.50    
   26583.5723         6011718.50    
   26583.5723         6011866.50    
   26583.5723         6012014.50    
   26583.5723         6012163.00    
   26583.5723         6012311.00    
   26583.5723         6012459.00    
   26583.5723         6012608.00    
   26583.5723         6012755.50    
   26583.5723         6012903.50    
   26583.5723         6013052.00    
   26583.5723         6013200.50    
   26583.5723         6013348.50    
   26583.5723         6013496.50    
   26583.5723         6013645.00    
   26583.5723         6013793.00    
   26583.5723         6013941.00    
   26583.5723         6014089.50    
   26583.5723         6014238.00    
   26583.5723         6014386.00    
   26583.5723         6014534.00    
   26583.5723         6014682.50    
   26583.5723         6014831.50    
   26583.5723         6014979.50    
   26583.5723         6015128.00    
   26583.5723         6015276.00    
   26583.5723         6015424.00    
   26583.5723         6015572.50    
   26583.5723         6015720.50    
   26583.5723         6015868.50    
   26583.5723         6016017.00    
   26583.5723         6016165.50    
   26583.5723         6016313.50    
   26583.5723         6016461.50    
   26583.5723         6016610.00    
   26583.5723         6016758.00    
   26583.5723         6016906.00    
   26583.5723         6017054.50    
   26583.5723         6017203.50    
   26583.5723         6017351.50    
   26583.5723         6017499.50    
   26583.5723         6017648.00    
   26583.5723         6017796.50    
   26583.5723         6017944.50    
   26583.5723         6018093.00    
   26583.5723         6018242.00    
   26583.5723         6018389.00    
   26583.5723         6018537.50    
   26583.5723         6018686.50    
   26583.5723         6018835.50    
   26583.5723         6018982.50    
   26583.5723         6019131.00    
   26583.5723         6019280.00    
   26583.5723         6019428.00    
   26583.5723         6019576.00    
   26583.5723         6019724.50    
   26583.5723         6019872.50    
   26583.5723         6020021.00    
   26583.5723         6020169.50    
   26583.5723         6020318.00    
   26583.5723         6020466.00    
   26583.5723         6020614.50    
   26583.5723         6020763.00    
   26583.5723         6020911.00    
   26583.5723         6021059.50    
   26583.5723         6021208.00    
   26583.5723         6021356.50    
   26583.5723         6021504.50    
   26583.5723         6021652.50    
   26583.5723         6021802.00    
   26583.5723         6021950.50    
   26583.5723         6022098.00    
   26583.5723         6022246.00    
   26583.5723         6022395.50    
   26583.5723         6022544.00    
   26583.5723         6022691.50    
   26583.5723         6022840.00    
   26583.5723         6022989.00    
   26583.5723         6023137.00    
   26583.5723         6023285.00    
   26583.5723         6023434.00    
   26583.5723         6023582.50    
   26583.5723         6023730.50    
   26583.5723         6023878.50    
   26583.5723         6024027.00    
   26583.5723         6024176.50    
   26583.5723         6024324.00    
   26583.5723         6024472.50    
   26583.5723         6024621.50    
   26583.5723         6024769.50    
   26583.5723         6024918.00    
   26583.5723         6025066.00    
   26583.5723         6025215.00    
   26583.5723         6025363.00    
   26583.5723         6025511.00    
   26583.5723         6025660.00    
   26583.5723         6025809.00    
   26583.5723         6025957.00    
   26583.5723         6026105.00    
   26583.5723         6026253.50    
   26583.5723         6026402.50    
   26583.5723         6026550.50    
   26583.5723         6026698.50    
   26583.5723         6026848.00    
   26583.5723         6026996.00    
   26583.5723         6027144.00    
   26583.5723         6027293.00    
   26583.5723         6027441.50    
   26583.5723         6027589.50    
   26583.5723         6027738.50    
   26583.5723         6027886.50    
   26583.5723         6028035.50    
   26583.5723         6028184.00    
   26583.5723         6028332.00    
   26583.5723         6028480.50    
   26583.5723         6028629.50    
   26583.5723         6028778.00    
   26583.5723         6028926.00    
   26583.5723         6029074.00    
   26583.5723         6029223.50    
   26583.5723         6029371.50    
   26583.5723         6029520.50    
   26583.5723         6029668.50    
   26583.5723         6029817.50    
   26583.5723         6029966.00    
   26583.5723         6030114.00    
   26583.5723         6030262.50    
   26583.5723         6030411.50    
   26583.5723         6030560.00    
   26583.5723         6030708.00    
   26583.5723         6030856.00    
   26583.5723         6031005.00    
   26583.5723         6031154.50    
   26583.5723         6031302.50    
   26583.5723         6031450.50    
   26583.5723         6031599.50    
   26583.5723         6031748.00    
   26583.5723         6031896.50    
   26583.5723         6032045.00    
   26583.5723         6032193.50    
   26583.5723         6032342.00    
   26583.5723         6032491.00    
   26583.5723         6032639.00    
   26583.5723         6032788.00    
   26583.5723         6032936.00    
   26583.5723         6033085.50    
   26583.5723         6033233.50    
   26583.5723         6033382.00    
   26583.5723         6033531.00    
   26583.5723         6033679.50    
   26583.5723         6033828.50    
   26583.5723         6033975.50    
   26583.5723         6034124.50    
   26583.5723         6034273.50    
   26583.5723         6034422.50    
   26583.5723         6034570.50    
   26583.5723         6034718.50    
   26583.5723         6034867.50    
   26583.5723         6035017.00    
   26583.5723         6035165.50    
   26583.5723         6035314.00    
   26583.5723         6035462.00    
   26583.5723         6035611.00    
   26583.5723         6035760.00    
   26583.5723         6035909.00    
   26583.5723         6036057.00    
   26583.5723         6036205.00    
   26583.5723         6036354.00    
   26583.5723         6036503.00    
   26583.5723         6036652.00    
   26583.5723         6036800.00    
   26583.5723         6036948.00    
   26583.5723         6037097.50    
   26583.5723         6037246.00    
   26583.5723         6037395.00    
   26583.5723         6037543.00    
   26583.5723         6037691.50    
   26583.5723         6037840.50    
   26583.5723         6037988.50    
   26583.5723         6038138.00    
   26583.5723         6038286.00    
   26583.5723         6038434.50    
   26583.5723         6038583.50    
   26583.5723         6038732.50    
   26583.5723         6038881.00    
   26583.5723         6039030.00    
   26583.5723         6039178.50    
   26583.5723         6039326.50    
   26583.5723         6039475.50    
   26583.5723         6039624.00    
   26583.5723         6039773.00    
   26583.5723         6039922.00    
   26583.5723         6040070.50    
   26583.5723         6040218.50    
   26583.5723         6040368.00    
   26583.5723         6040516.00    
   26583.5723         6040665.50    
   26583.5723         6040813.50    
   26583.5723         6040962.50    
   26583.5723         6041110.50    
   26583.5723         6041260.00    
   26583.5723         6041409.00    
   26583.5723         6041557.50    
   26583.5723         6041705.50    
   26583.5723         6041854.50    
   26583.5723         6042004.00    
   26583.5723         6042152.00    
   26583.5723         6042301.00    
   26583.5723         6042449.50    
   26583.5723         6042598.00    
   26583.5723         6042747.00    
   26583.5723         6042895.50    
   26583.5723         6043045.00    
   26583.5723         6043193.00    
   26583.5723         6043341.00    
   26583.5723         6043491.00    
   26583.5723         6043639.50    
   26583.5723         6043788.00    
   26583.5723         6043937.00    
   26583.5723         6044086.00    
   26583.5723         6044234.50    
   26583.5723         6044383.50    
   26583.5723         6044532.00    
   26583.5723         6044681.00    
   26583.5723         6044829.50    
   26583.5723         6044977.50    
   26583.5723         6045127.50    
   26583.5723         6045275.50    
   26583.5723         6045424.50    
   26583.5723         6045573.50    
   26583.5723         6045722.50    
   26583.5723         6045871.00    
   26583.5723         6046020.00    
   26583.5723         6046168.50    
   26583.5723         6046317.50    
   26583.5723         6046466.00    
   26583.5723         6046615.00    
   26583.5723         6046764.00    
   26583.5723         6046912.50    
   26583.5723         6047061.50    
   26583.5723         6047210.00    
   26583.5723         6047359.00    
   26583.5723         6047507.50    
   26583.5723         6047656.50    
   26583.5723         6047805.50    
   26583.5723         6047954.50    
   26583.5723         6048103.50    
   26583.5723         6048252.50    
   26583.5723         6048400.50    
   26583.5723         6048549.00    
   26583.5723         6048698.00    
   26583.5723         6048847.50    
   26583.5723         6048996.00    
   26583.5723         6049145.00    
   26583.5723         6049293.50    
   26583.5723         6049442.00    
   26583.5723         6049591.00    
   26583.5723         6049740.50    
   26583.5723         6049889.50    
   26583.5723         6050038.50    
   26583.5723         6050186.50    
   26583.5723         6050335.00    
   26583.5723         6050484.00    
   26583.5723         6050633.50    
   26583.5723         6050782.00    
   26583.5723         6050931.00    
   26583.5723         6051080.00    
   26583.5723         6051229.50    
   26583.5723         6051378.00    
   26583.5723         6051526.50    
   26583.5723         6051675.50    
   26583.5723         6051824.50    
   26583.5723         6051973.50    
   26583.5723         6052122.00    
   26583.5723         6052271.00    
   26583.5723         6052419.50    
   26583.5723         6052569.00    
   26583.5723         6052717.00    
   26583.5723         6052867.50    
   26583.5723         6053015.50    
   26583.5723         6053164.50    
   26583.5723         6053313.00    
   26583.5723         6053462.00    
   26583.5723         6053611.50    
   26583.5723         6053760.00    
   26583.5723         6053909.00    
   26583.5723         6054058.00    
   26583.5723         6054206.50    
   26583.5723         6054356.00    
   26583.5723         6054505.00    
   26583.5723         6054653.50    
   26583.5723         6054802.50    
   26583.5723         6054951.00    
   26583.5723         6055101.00    
   26583.5723         6055249.50    
   26583.5723         6055398.50    
   26583.5723         6055547.00    
   26583.5723         6055696.50    
   26583.5723         6055845.50    
   26583.5723         6055994.00    
   26583.5723         6056143.00    
   26583.5723         6056292.00    
   26583.5723         6056440.50    
   26583.5723         6056589.50    
   26583.5723         6056739.00    
   26583.5723         6056888.50    
   26583.5723         6057037.00    
   26583.5723         6057186.00    
   26583.5723         6057335.00    
   26583.5723         6057483.50    
   26583.5723         6057632.50    
   26583.5723         6057782.00    
   26583.5723         6057931.00    
   26583.5723         6058080.00    
   26583.5723         6058229.00    
   26583.5723         6058378.00    
   26583.5723         6058526.50    
   26583.5723         6058676.50    
   26583.5723         6058824.50    
   26583.5723         6058974.00    
   26583.5723         6059123.00    
   26583.5723         6059272.00    
   26583.5723         6059421.00    
   26583.5723         6059569.50    
   26583.5723         6059718.50    
   26583.5723         6059868.00    
   26583.5723         6060017.00    
   26583.5723         6060165.50    
   26583.5723         6060315.00    
   26583.5723         6060464.00    
   26583.5723         6060613.50    
   26583.5723         6060762.50    
   26583.5723         6060911.00    
   26583.5723         6061060.00    
   26583.5723         6061209.00    
   26583.5723         6061358.50    
   26583.5723         6061507.00    
   26583.5723         6061656.50    
   26583.5723         6061806.00    
   26583.5723         6061955.00    
   26583.5723         6062104.50    
   26583.5723         6062253.50    
   26583.5723         6062402.00    
   26583.5723         6062551.00    
   26583.5723         6062700.00    
   26583.5723         6062848.50    
   26583.5723         6062998.00    
   26583.5723         6063147.50    
   26583.5723         6063296.50    
   26583.5723         6063445.00    
   26583.5723         6063594.00    
   26583.5723         6063743.50    
   26583.5723         6063892.50    
   26583.5723         6064042.00    
   26583.5723         6064190.50    
   26583.5723         6064340.00    
   26583.5723         6064489.50    
   26583.5723         6064638.50    
   26583.5723         6064787.50    
   26583.5723         6064936.00    
   26583.5723         6065085.50    
   26583.5723         6065235.50    
   26583.5723         6065384.00    
   26583.5723         6065533.00    
   26583.5723         6065681.50    
   26583.5723         6065831.00    
   26583.5723         6065980.50    
   26583.5723         6066129.50    
   26583.5723         6066278.50    
   26583.5723         6066428.00    
   26583.5723         6066576.50    
   26583.5723         6066725.50    
   26583.5723         6066875.00    
   26583.5723         6067024.00    
   26583.5723         6067173.50    
   26583.5723         6067322.50    
   26583.5723         6067471.50    
   26583.5723         6067621.00    
   26583.5723         6067770.00    
   26583.5723         6067919.50    
   26583.5723         6068068.50    
   26583.5723         6068217.50    
   26583.5723         6068367.00    
   26583.5723         6068516.50    
   26583.5723         6068665.00    
   26583.5723         6068814.00    
   26583.5723         6068963.00    
   26583.5723         6069113.00    
   26583.5723         6069262.00    
   26583.5723         6069411.50    
   26583.5723         6069560.00    
   26583.5723         6069709.00    
   26583.5723         6069859.50    
   26583.5723         6070008.00    
   26583.5723         6070157.00    
   26583.5723         6070306.00    
   26583.5723         6070455.50    
   26583.5723         6070604.00    
   26583.5723         6070754.00    
   26583.5723         6070902.50    
   26583.5723         6071052.00    
   26583.5723         6071201.50    
   26583.5723         6071350.50    
   26583.5723         6071500.00    
   26583.5723         6071649.50    
   26583.5723         6071798.50    
   26583.5723         6071947.00    
   26583.5723         6072096.50    
   26583.5723         6072246.50    
   26583.5723         6072395.00    
   26583.5723         6072544.50    
   26583.5723         6072693.50    
   26583.5723         6072842.50    
   26583.5723         6072992.50    
   26583.5723         6073141.50    
   26583.5723         6073291.00    
   26583.5723         6073440.50    
   26583.5723         6073589.00    
   26583.5723         6073739.00    
   26583.5723         6073888.50    
   26583.5723         6074037.00    
   26583.5723         6074187.00    
   26583.5723         6074335.50    
   26583.5723         6074484.50    
   26583.5723         6074635.00    
   26583.5723         6074783.50    
   26583.5723         6074932.50    
   26583.5723         6075082.00    
   26583.5723         6075231.00    
   26583.5723         6075380.50    
   26583.5723         6075530.00    
   26583.5723         6075679.50    
   26583.5723         6075829.00    
   26583.5723         6075977.50    
   26583.5723         6076127.50    
   26583.5723         6076277.00    
   26583.5723         6076425.50    
   26583.5723         6076575.50    
   26583.5723         6076724.00    
   26583.5723         6076874.50    
   26583.5723         6077023.50    
   26583.5723         6077172.00    
   26583.5723         6077321.50    
   26583.5723         6077470.50    
   26583.5723         6077620.00    
   26583.5723         6077769.50    
   26583.5723         6077919.00    
   26583.5723         6078068.00    
   26583.5723         6078217.50    
   26583.5723         6078366.50    
   26583.5723         6078516.50    
   26583.5723         6078666.00    
   26583.5723         6078815.00    
   26583.5723         6078964.50    
   26583.5723         6079113.50    
   26583.5723         6079263.50    
   26583.5723         6079412.50    
   26583.5723         6079562.00    
   26583.5723         6079711.00    
   26583.5723         6079860.50    
   26583.5723         6080011.00    
   26583.5723         6080159.50    
   26583.5723         6080309.00    
   26583.5723         6080458.00    
   26583.5723         6080607.50    
         470
   26583.5723         6080607.50    
   26436.8125         6080607.50    
   26290.0527         6080607.50    
   26143.2949         6080607.50    
   25996.5391         6080607.50    
   25849.7793         6080607.50    
   25703.0234         6080607.50    
   25556.2656         6080607.50    
   25409.5039         6080607.50    
   25262.7461         6080607.50    
   25115.9902         6080607.50    
   24969.2324         6080607.50    
   24822.4727         6080607.50    
   24675.7148         6080607.50    
   24528.9590         6080607.50    
   24382.1992         6080607.50    
   24235.4414         6080607.50    
   24088.6836         6080607.50    
   23941.9258         6080607.50    
   23795.1680         6080607.50    
   23648.4082         6080607.50    
   23501.6504         6080607.50    
   23354.8945         6080607.50    
   23208.1348         6080607.50    
   23061.3750         6080607.50    
   22914.6191         6080607.50    
   22767.8613         6080607.50    
   22621.1016         6080607.50    
   22474.3457         6080607.50    
   22327.5879         6080607.50    
   22180.8281         6080607.50    
   22034.0703         6080607.50    
   21887.3125         6080607.50    
   21740.5547         6080607.50    
   21593.7969         6080607.50    
   21447.0391         6080607.50    
   21300.2793         6080607.50    
   21153.5234         6080607.50    
   21006.7656         6080607.50    
   20860.0039         6080607.50    
   20712.3984         6080607.50    
   20565.6426         6080607.50    
   20418.8828         6080607.50    
   20272.1250         6080607.50    
   20125.3672         6080607.50    
   19978.6094         6080607.50    
   19831.8516         6080607.50    
   19685.0938         6080607.50    
   19538.3359         6080607.50    
   19391.5781         6080607.50    
   19244.8203         6080607.50    
   19098.0586         6080607.50    
   18951.3027         6080607.50    
   18804.5449         6080607.50    
   18657.7852         6080607.50    
   18511.0273         6080607.50    
   18364.2715         6080607.50    
   18217.5117         6080607.50    
   18070.7539         6080607.50    
   17923.9961         6080607.50    
   17777.2383         6080607.50    
   17630.4805         6080607.50    
   17483.7227         6080607.50    
   17336.9648         6080607.50    
   17190.2070         6080607.50    
   17043.4473         6080607.50    
   16896.6875         6080607.50    
   16749.9316         6080607.50    
   16603.1738         6080607.50    
   16456.4141         6080607.50    
   16309.6572         6080607.50    
   16162.8975         6080607.50    
   16016.1406         6080607.50    
   15869.3828         6080607.50    
   15722.6240         6080607.50    
   15575.8662         6080607.50    
   15429.1094         6080607.50    
   15282.3506         6080607.50    
   15135.5928         6080607.50    
   14988.8350         6080607.50    
   14842.0762         6080607.50    
   14695.3193         6080607.50    
   14548.5605         6080607.50    
   14401.8018         6080607.50    
   14255.0439         6080607.50    
   14108.2871         6080607.50    
   13961.5273         6080607.50    
   13814.7705         6080607.50    
   13668.0127         6080607.50    
   13521.2529         6080607.50    
   13374.4951         6080607.50    
   13227.7383         6080607.50    
   13080.9795         6080607.50    
   12934.2217         6080607.50    
   12787.4639         6080607.50    
   12640.7051         6080607.50    
   12493.9482         6080607.50    
   12347.1885         6080607.50    
   12200.4316         6080607.50    
   12053.6738         6080607.50    
   11906.9150         6080607.50    
   11760.1572         6080607.50    
   11613.3984         6080607.50    
   11466.6406         6080607.50    
   11319.8818         6080607.50    
   11173.1240         6080607.50    
   11025.5186         6080607.50    
   10878.7598         6080607.50    
   10732.0029         6080607.50    
   10585.2441         6080607.50    
   10438.4873         6080607.50    
   10291.7285         6080607.50    
   10144.9697         6080607.50    
   9998.21094         6080607.50    
   9851.45410         6080607.50    
   9704.69531         6080607.50    
   9557.93750         6080607.50    
   9411.17969         6080607.50    
   9264.42188         6080607.50    
   9117.66309         6080607.50    
   8970.90527         6080607.50    
   8824.14746         6080607.50    
   8677.38867         6080607.50    
   8530.63184         6080607.50    
   8383.87305         6080607.50    
   8237.11426         6080607.50    
   8090.35693         6080607.50    
   7943.59863         6080607.50    
   7796.84033         6080607.50    
   7650.08301         6080607.50    
   7503.32471         6080607.50    
   7356.56641         6080607.50    
   7209.80811         6080607.50    
   7063.05029         6080607.50    
   6916.29199         6080607.50    
   6769.53418         6080607.50    
   6622.77637         6080607.50    
   6476.01758         6080607.50    
   6329.25928         6080607.50    
   6182.50195         6080607.50    
   6035.74365         6080607.50    
   5888.98584         6080607.50    
   5742.22754         6080607.50    
   5595.47021         6080607.50    
   5448.71191         6080607.50    
   5301.95361         6080607.50    
   5155.19531         6080607.50    
   5008.43750         6080607.50    
   4861.67920         6080607.50    
   4714.92139         6080607.50    
   4568.16309         6080607.50    
   4421.40527         6080607.50    
   4274.64697         6080607.50    
   4127.88867         6080607.50    
   3981.13110         6080607.50    
   3834.37280         6080607.50    
   3687.61450         6080607.50    
   3540.85693         6080607.50    
   3394.09814         6080607.50    
   3247.34033         6080607.50    
   3100.58228         6080607.50    
   2953.82446         6080607.50    
   2807.06641         6080607.50    
   2660.30811         6080607.50    
   2513.55029         6080607.50    
   2366.79199         6080607.50    
   2220.03369         6080607.50    
   2073.27588         6080607.50    
   1926.51794         6080607.50    
   1779.75977         6080607.50    
   1633.00171         6080607.50    
   1486.24365         6080607.50    
   1339.48547         6080607.50    
   1191.87915         6080607.50    
   1045.12109         6080607.50    
   898.362976         6080607.50    
   751.604919         6080607.50    
   604.846802         6080607.50    
   458.088806         6080607.50    
   311.330719         6080607.50    
   164.572632         6080607.50    
   17.8145657         6080607.50    
  -128.943512         6080607.50    
  -275.701569         6080607.50    
  -422.459686         6080607.50    
  -569.217712         6080607.50    
  -715.975769         6080607.50    
  -862.733887         6080607.50    
  -1009.49200         6080607.50    
  -1156.25000         6080607.50    
  -1303.00818         6080607.50    
  -1449.76611         6080607.50    
  -1596.52417         6080607.50    
  -1743.28223         6080607.50    
  -1890.04041         6080607.50    
  -2036.79822         6080607.50    
  -2183.55640         6080607.50    
  -2330.31470         6080607.50    
  -2477.07275         6080607.50    
  -2623.83081         6080607.50    
  -2770.58887         6080607.50    
  -2917.34692         6080607.50    
  -3064.10498         6080607.50    
  -3210.86328         6080607.50    
  -3357.62109         6080607.50    
  -3504.37891         6080607.50    
  -3651.13745         6080607.50    
  -3797.89551         6080607.50    
  -3944.65332         6080607.50    
  -4091.41138         6080607.50    
  -4238.16943         6080607.50    
  -4384.92773         6080607.50    
  -4531.68555         6080607.50    
  -4678.44336         6080607.50    
  -4825.20166         6080607.50    
  -4971.95996         6080607.50    
  -5118.71777         6080607.50    
  -5265.47607         6080607.50    
  -5412.23438         6080607.50    
  -5558.99219         6080607.50    
  -5705.75000         6080607.50    
  -5852.50830         6080607.50    
  -5999.26660         6080607.50    
  -6146.02490         6080607.50    
  -6292.78223         6080607.50    
  -6439.54053         6080607.50    
  -6586.29932         6080607.50    
  -6733.05713         6080607.50    
  -6879.81494         6080607.50    
  -7026.57324         6080607.50    
  -7173.33057         6080607.50    
  -7320.08887         6080607.50    
  -7466.84814         6080607.50    
  -7613.60547         6080607.50    
  -7760.36377         6080607.50    
  -7907.12207         6080607.50    
  -8053.87939         6080607.50    
  -8200.63770         6080607.50    
  -8347.39551         6080607.50    
  -8495.00098         6080607.50    
  -8641.76074         6080607.50    
  -8788.51855         6080607.50    
  -8935.27637         6080607.50    
  -9082.03418         6080607.50    
  -9228.79297         6080607.50    
  -9375.54980         6080607.50    
  -9522.30859         6080607.50    
  -9669.06738         6080607.50    
  -9815.82422         6080607.50    
  -9962.58301         6080607.50    
  -10109.3408         6080607.50    
  -10256.0986         6080607.50    
  -10402.8564         6080607.50    
  -10549.6152         6080607.50    
  -10696.3730         6080607.50    
  -10843.1309         6080607.50    
  -10989.8887         6080607.50    
  -11136.6475         6080607.50    
  -11283.4053         6080607.50    
  -11430.1631         6080607.50    
  -11576.9219         6080607.50    
  -11723.6797         6080607.50    
  -11870.4385         6080607.50    
  -12017.1953         6080607.50    
  -12163.9531         6080607.50    
  -12310.7119         6080607.50    
  -12457.4697         6080607.50    
  -12604.2266         6080607.50    
  -12750.9873         6080607.50    
  -12897.7451         6080607.50    
  -13044.5029         6080607.50    
  -13191.2607         6080607.50    
  -13338.0195         6080607.50    
  -13484.7764         6080607.50    
  -13631.5352         6080607.50    
  -13778.2930         6080607.50    
  -13925.0508         6080607.50    
  -14071.8086         6080607.50    
  -14218.5664         6080607.50    
  -14365.3242         6080607.50    
  -14512.0840         6080607.50    
  -14658.8418         6080607.50    
  -14805.5986         6080607.50    
  -14952.3584         6080607.50    
  -15099.1152         6080607.50    
  -15245.8730         6080607.50    
  -15392.6318         6080607.50    
  -15539.3896         6080607.50    
  -15686.1465         6080607.50    
  -15832.9062         6080607.50    
  -15979.6631         6080607.50    
  -16126.4209         6080607.50    
  -16273.1816         6080607.50    
  -16419.9395         6080607.50    
  -16566.6953         6080607.50    
  -16713.4551         6080607.50    
  -16860.2129         6080607.50    
  -17006.9707         6080607.50    
  -17153.7285         6080607.50    
  -17300.4863         6080607.50    
  -17447.2441         6080607.50    
  -17594.0039         6080607.50    
  -17740.7598         6080607.50    
  -17887.5176         6080607.50    
  -18034.2773         6080607.50    
  -18181.0352         6080607.50    
  -18328.6406         6080607.50    
  -18475.4004         6080607.50    
  -18622.1582         6080607.50    
  -18768.9160         6080607.50    
  -18915.6738         6080607.50    
  -19062.4316         6080607.50    
  -19209.1895         6080607.50    
  -19355.9492         6080607.50    
  -19502.7051         6080607.50    
  -19649.4648         6080607.50    
  -19796.2227         6080607.50    
  -19942.9805         6080607.50    
  -20089.7383         6080607.50    
  -20236.4961         6080607.50    
  -20383.2559         6080607.50    
  -20530.0117         6080607.50    
  -20676.7695         6080607.50    
  -20823.5293         6080607.50    
  -20970.2871         6080607.50    
  -21117.0430         6080607.50    
  -21263.8027         6080607.50    
  -21410.5605         6080607.50    
  -21557.3184         6080607.50    
  -21704.0762         6080607.50    
  -21850.8340         6080607.50    
  -21997.5938         6080607.50    
  -22144.3516         6080607.50    
  -22291.1074         6080607.50    
  -22437.8672         6080607.50    
  -22584.6250         6080607.50    
  -22731.3828         6080607.50    
  -22878.1406         6080607.50    
  -23024.9004         6080607.50    
  -23171.6602         6080607.50    
  -23318.4141         6080607.50    
  -23465.1738         6080607.50    
  -23611.9336         6080607.50    
  -23758.6895         6080607.50    
  -23905.4473         6080607.50    
  -24052.2070         6080607.50    
  -24198.9629         6080607.50    
  -24345.7227         6080607.50    
  -24492.4805         6080607.50    
  -24639.2363         6080607.50    
  -24785.9961         6080607.50    
  -24932.7539         6080607.50    
  -25079.5137         6080607.50    
  -25226.2695         6080607.50    
  -25373.0293         6080607.50    
  -25519.7871         6080607.50    
  -25666.5469         6080607.50    
  -25813.3027         6080607.50    
  -25960.0625         6080607.50    
  -26106.8164         6080607.50    
  -26253.5762         6080607.50    
  -26400.3359         6080607.50    
  -26547.0938         6080607.50    
  -26693.8516         6080607.50    
  -26840.6094         6080607.50    
  -26987.3691         6080607.50    
  -27134.1250         6080607.50    
  -27280.8848         6080607.50    
  -27427.6426         6080607.50    
  -27574.4004         6080607.50    
  -27721.1562         6080607.50    
  -27867.9160         6080607.50    
  -28015.5215         6080607.50    
  -28162.2812         6080607.50    
  -28309.0391         6080607.50    
  -28455.7949         6080607.50    
  -28602.5547         6080607.50    
  -28749.3145         6080607.50    
  -28896.0684         6080607.50    
  -29042.8301         6080607.50    
  -29189.5879         6080607.50    
  -29336.3477         6080607.50    
  -29483.1016         6080607.50    
  -29629.8613         6080607.50    
  -29776.6172         6080607.50    
  -29923.3789         6080607.50    
  -30070.1348         6080607.50    
  -30216.8945         6080607.50    
  -30363.6504         6080607.50    
  -30510.4102         6080607.50    
  -30657.1680         6080607.50    
  -30803.9277         6080607.50    
  -30950.6875         6080607.50    
  -31097.4414         6080607.50    
  -31244.2012         6080607.50    
  -31390.9570         6080607.50    
  -31537.7168         6080607.50    
  -31684.4746         6080607.50    
  -31831.2344         6080607.50    
  -31977.9902         6080607.50    
  -32124.7500         6080607.50    
  -32271.5039         6080607.50    
  -32418.2637         6080607.50    
  -32565.0234         6080607.50    
  -32711.7812         6080607.50    
  -32858.5391         6080607.50    
  -33005.2969         6080607.50    
  -33152.0547         6080607.50    
  -33298.8125         6080607.50    
  -33445.5703         6080607.50    
  -33592.3281         6080607.50    
  -33739.0859         6080607.50    
  -33885.8438         6080607.50    
  -34032.6055         6080607.50    
  -34179.3633         6080607.50    
  -34326.1172         6080607.50    
  -34472.8789         6080607.50    
  -34619.6328         6080607.50    
  -34766.3906         6080607.50    
  -34913.1523         6080607.50    
  -35059.9102         6080607.50    
  -35206.6680         6080607.50    
  -35353.4258         6080607.50    
  -35500.1797         6080607.50    
  -35646.9414         6080607.50    
  -35793.6992         6080607.50    
  -35940.4570         6080607.50    
  -36087.2188         6080607.50    
  -36233.9727         6080607.50    
  -36380.7305         6080607.50    
  -36527.4883         6080607.50    
  -36674.2500         6080607.50    
  -36821.0078         6080607.50    
  -36967.7656         6080607.50    
  -37114.5195         6080607.50    
  -37261.2812         6080607.50    
  -37408.0352         6080607.50    
  -37554.7969         6080607.50    
  -37701.5586         6080607.50    
  -37849.1641         6080607.50    
  -37995.9180         6080607.50    
  -38142.6758         6080607.50    
  -38289.4336         6080607.50    
  -38436.1953         6080607.50    
  -38582.9531         6080607.50    
  -38729.7109         6080607.50    
  -38876.4648         6080607.50    
  -39023.2266         6080607.50    
  -39169.9805         6080607.50    
  -39316.7422         6080607.50    
  -39463.5000         6080607.50    
  -39610.2578         6080607.50    
  -39757.0156         6080607.50    
  -39903.7734         6080607.50    
  -40050.5312         6080607.50    
  -40197.2930         6080607.50    
  -40344.0508         6080607.50    
  -40490.8047         6080607.50    
  -40637.5664         6080607.50    
  -40784.3203         6080607.50    
  -40931.0781         6080607.50    
  -41077.8398         6080607.50    
  -41224.5977         6080607.50    
  -41371.3555         6080607.50    
  -41518.1133         6080607.50    
  -41664.8672         6080607.50    
  -41811.6289         6080607.50    
  -41958.3906         6080607.50    
  -42105.1445         6080607.50    
  -42251.9062         6080607.50    
