         470
   26583.5723         6080607.50    
   26436.8125         6080607.50    
   26290.0527         6080607.50    
   26143.2949         6080607.50    
   25996.5391         6080607.50    
   25849.7793         6080607.50    
   25703.0234         6080607.50    
   25556.2656         6080607.50    
   25409.5039         6080607.50    
   25262.7461         6080607.50    
   25115.9902         6080607.50    
   24969.2324         6080607.50    
   24822.4727         6080607.50    
   24675.7148         6080607.50    
   24528.9590         6080607.50    
   24382.1992         6080607.50    
   24235.4414         6080607.50    
   24088.6836         6080607.50    
   23941.9258         6080607.50    
   23795.1680         6080607.50    
   23648.4082         6080607.50    
   23501.6504         6080607.50    
   23354.8945         6080607.50    
   23208.1348         6080607.50    
   23061.3750         6080607.50    
   22914.6191         6080607.50    
   22767.8613         6080607.50    
   22621.1016         6080607.50    
   22474.3457         6080607.50    
   22327.5879         6080607.50    
   22180.8281         6080607.50    
   22034.0703         6080607.50    
   21887.3125         6080607.50    
   21740.5547         6080607.50    
   21593.7969         6080607.50    
   21447.0391         6080607.50    
   21300.2793         6080607.50    
   21153.5234         6080607.50    
   21006.7656         6080607.50    
   20860.0039         6080607.50    
   20712.3984         6080607.50    
   20565.6426         6080607.50    
   20418.8828         6080607.50    
   20272.1250         6080607.50    
   20125.3672         6080607.50    
   19978.6094         6080607.50    
   19831.8516         6080607.50    
   19685.0938         6080607.50    
   19538.3359         6080607.50    
   19391.5781         6080607.50    
   19244.8203         6080607.50    
   19098.0586         6080607.50    
   18951.3027         6080607.50    
   18804.5449         6080607.50    
   18657.7852         6080607.50    
   18511.0273         6080607.50    
   18364.2715         6080607.50    
   18217.5117         6080607.50    
   18070.7539         6080607.50    
   17923.9961         6080607.50    
   17777.2383         6080607.50    
   17630.4805         6080607.50    
   17483.7227         6080607.50    
   17336.9648         6080607.50    
   17190.2070         6080607.50    
   17043.4473         6080607.50    
   16896.6875         6080607.50    
   16749.9316         6080607.50    
   16603.1738         6080607.50    
   16456.4141         6080607.50    
   16309.6572         6080607.50    
   16162.8975         6080607.50    
   16016.1406         6080607.50    
   15869.3828         6080607.50    
   15722.6240         6080607.50    
   15575.8662         6080607.50    
   15429.1094         6080607.50    
   15282.3506         6080607.50    
   15135.5928         6080607.50    
   14988.8350         6080607.50    
   14842.0762         6080607.50    
   14695.3193         6080607.50    
   14548.5605         6080607.50    
   14401.8018         6080607.50    
   14255.0439         6080607.50    
   14108.2871         6080607.50    
   13961.5273         6080607.50    
   13814.7705         6080607.50    
   13668.0127         6080607.50    
   13521.2529         6080607.50    
   13374.4951         6080607.50    
   13227.7383         6080607.50    
   13080.9795         6080607.50    
   12934.2217         6080607.50    
   12787.4639         6080607.50    
   12640.7051         6080607.50    
   12493.9482         6080607.50    
   12347.1885         6080607.50    
   12200.4316         6080607.50    
   12053.6738         6080607.50    
   11906.9150         6080607.50    
   11760.1572         6080607.50    
   11613.3984         6080607.50    
   11466.6406         6080607.50    
   11319.8818         6080607.50    
   11173.1240         6080607.50    
   11025.5186         6080607.50    
   10878.7598         6080607.50    
   10732.0029         6080607.50    
   10585.2441         6080607.50    
   10438.4873         6080607.50    
   10291.7285         6080607.50    
   10144.9697         6080607.50    
   9998.21094         6080607.50    
   9851.45410         6080607.50    
   9704.69531         6080607.50    
   9557.93750         6080607.50    
   9411.17969         6080607.50    
   9264.42188         6080607.50    
   9117.66309         6080607.50    
   8970.90527         6080607.50    
   8824.14746         6080607.50    
   8677.38867         6080607.50    
   8530.63184         6080607.50    
   8383.87305         6080607.50    
   8237.11426         6080607.50    
   8090.35693         6080607.50    
   7943.59863         6080607.50    
   7796.84033         6080607.50    
   7650.08301         6080607.50    
   7503.32471         6080607.50    
   7356.56641         6080607.50    
   7209.80811         6080607.50    
   7063.05029         6080607.50    
   6916.29199         6080607.50    
   6769.53418         6080607.50    
   6622.77637         6080607.50    
   6476.01758         6080607.50    
   6329.25928         6080607.50    
   6182.50195         6080607.50    
   6035.74365         6080607.50    
   5888.98584         6080607.50    
   5742.22754         6080607.50    
   5595.47021         6080607.50    
   5448.71191         6080607.50    
   5301.95361         6080607.50    
   5155.19531         6080607.50    
   5008.43750         6080607.50    
   4861.67920         6080607.50    
   4714.92139         6080607.50    
   4568.16309         6080607.50    
   4421.40527         6080607.50    
   4274.64697         6080607.50    
   4127.88867         6080607.50    
   3981.13110         6080607.50    
   3834.37280         6080607.50    
   3687.61450         6080607.50    
   3540.85693         6080607.50    
   3394.09814         6080607.50    
   3247.34033         6080607.50    
   3100.58228         6080607.50    
   2953.82446         6080607.50    
   2807.06641         6080607.50    
   2660.30811         6080607.50    
   2513.55029         6080607.50    
   2366.79199         6080607.50    
   2220.03369         6080607.50    
   2073.27588         6080607.50    
   1926.51794         6080607.50    
   1779.75977         6080607.50    
   1633.00171         6080607.50    
   1486.24365         6080607.50    
   1339.48547         6080607.50    
   1191.87915         6080607.50    
   1045.12109         6080607.50    
   898.362976         6080607.50    
   751.604919         6080607.50    
   604.846802         6080607.50    
   458.088806         6080607.50    
   311.330719         6080607.50    
   164.572632         6080607.50    
   17.8145657         6080607.50    
  -128.943512         6080607.50    
  -275.701569         6080607.50    
  -422.459686         6080607.50    
  -569.217712         6080607.50    
  -715.975769         6080607.50    
  -862.733887         6080607.50    
  -1009.49200         6080607.50    
  -1156.25000         6080607.50    
  -1303.00818         6080607.50    
  -1449.76611         6080607.50    
  -1596.52417         6080607.50    
  -1743.28223         6080607.50    
  -1890.04041         6080607.50    
  -2036.79822         6080607.50    
  -2183.55640         6080607.50    
  -2330.31470         6080607.50    
  -2477.07275         6080607.50    
  -2623.83081         6080607.50    
  -2770.58887         6080607.50    
  -2917.34692         6080607.50    
  -3064.10498         6080607.50    
  -3210.86328         6080607.50    
  -3357.62109         6080607.50    
  -3504.37891         6080607.50    
  -3651.13745         6080607.50    
  -3797.89551         6080607.50    
  -3944.65332         6080607.50    
  -4091.41138         6080607.50    
  -4238.16943         6080607.50    
  -4384.92773         6080607.50    
  -4531.68555         6080607.50    
  -4678.44336         6080607.50    
  -4825.20166         6080607.50    
  -4971.95996         6080607.50    
  -5118.71777         6080607.50    
  -5265.47607         6080607.50    
  -5412.23438         6080607.50    
  -5558.99219         6080607.50    
  -5705.75000         6080607.50    
  -5852.50830         6080607.50    
  -5999.26660         6080607.50    
  -6146.02490         6080607.50    
  -6292.78223         6080607.50    
  -6439.54053         6080607.50    
  -6586.29932         6080607.50    
  -6733.05713         6080607.50    
  -6879.81494         6080607.50    
  -7026.57324         6080607.50    
  -7173.33057         6080607.50    
  -7320.08887         6080607.50    
  -7466.84814         6080607.50    
  -7613.60547         6080607.50    
  -7760.36377         6080607.50    
  -7907.12207         6080607.50    
  -8053.87939         6080607.50    
  -8200.63770         6080607.50    
  -8347.39551         6080607.50    
  -8495.00098         6080607.50    
  -8641.76074         6080607.50    
  -8788.51855         6080607.50    
  -8935.27637         6080607.50    
  -9082.03418         6080607.50    
  -9228.79297         6080607.50    
  -9375.54980         6080607.50    
  -9522.30859         6080607.50    
  -9669.06738         6080607.50    
  -9815.82422         6080607.50    
  -9962.58301         6080607.50    
  -10109.3408         6080607.50    
  -10256.0986         6080607.50    
  -10402.8564         6080607.50    
  -10549.6152         6080607.50    
  -10696.3730         6080607.50    
  -10843.1309         6080607.50    
  -10989.8887         6080607.50    
  -11136.6475         6080607.50    
  -11283.4053         6080607.50    
  -11430.1631         6080607.50    
  -11576.9219         6080607.50    
  -11723.6797         6080607.50    
  -11870.4385         6080607.50    
  -12017.1953         6080607.50    
  -12163.9531         6080607.50    
  -12310.7119         6080607.50    
  -12457.4697         6080607.50    
  -12604.2266         6080607.50    
  -12750.9873         6080607.50    
  -12897.7451         6080607.50    
  -13044.5029         6080607.50    
  -13191.2607         6080607.50    
  -13338.0195         6080607.50    
  -13484.7764         6080607.50    
  -13631.5352         6080607.50    
  -13778.2930         6080607.50    
  -13925.0508         6080607.50    
  -14071.8086         6080607.50    
  -14218.5664         6080607.50    
  -14365.3242         6080607.50    
  -14512.0840         6080607.50    
  -14658.8418         6080607.50    
  -14805.5986         6080607.50    
  -14952.3584         6080607.50    
  -15099.1152         6080607.50    
  -15245.8730         6080607.50    
  -15392.6318         6080607.50    
  -15539.3896         6080607.50    
  -15686.1465         6080607.50    
  -15832.9062         6080607.50    
  -15979.6631         6080607.50    
  -16126.4209         6080607.50    
  -16273.1816         6080607.50    
  -16419.9395         6080607.50    
  -16566.6953         6080607.50    
  -16713.4551         6080607.50    
  -16860.2129         6080607.50    
  -17006.9707         6080607.50    
  -17153.7285         6080607.50    
  -17300.4863         6080607.50    
  -17447.2441         6080607.50    
  -17594.0039         6080607.50    
  -17740.7598         6080607.50    
  -17887.5176         6080607.50    
  -18034.2773         6080607.50    
  -18181.0352         6080607.50    
  -18328.6406         6080607.50    
  -18475.4004         6080607.50    
  -18622.1582         6080607.50    
  -18768.9160         6080607.50    
  -18915.6738         6080607.50    
  -19062.4316         6080607.50    
  -19209.1895         6080607.50    
  -19355.9492         6080607.50    
  -19502.7051         6080607.50    
  -19649.4648         6080607.50    
  -19796.2227         6080607.50    
  -19942.9805         6080607.50    
  -20089.7383         6080607.50    
  -20236.4961         6080607.50    
  -20383.2559         6080607.50    
  -20530.0117         6080607.50    
  -20676.7695         6080607.50    
  -20823.5293         6080607.50    
  -20970.2871         6080607.50    
  -21117.0430         6080607.50    
  -21263.8027         6080607.50    
  -21410.5605         6080607.50    
  -21557.3184         6080607.50    
  -21704.0762         6080607.50    
  -21850.8340         6080607.50    
  -21997.5938         6080607.50    
  -22144.3516         6080607.50    
  -22291.1074         6080607.50    
  -22437.8672         6080607.50    
  -22584.6250         6080607.50    
  -22731.3828         6080607.50    
  -22878.1406         6080607.50    
  -23024.9004         6080607.50    
  -23171.6602         6080607.50    
  -23318.4141         6080607.50    
  -23465.1738         6080607.50    
  -23611.9336         6080607.50    
  -23758.6895         6080607.50    
  -23905.4473         6080607.50    
  -24052.2070         6080607.50    
  -24198.9629         6080607.50    
  -24345.7227         6080607.50    
  -24492.4805         6080607.50    
  -24639.2363         6080607.50    
  -24785.9961         6080607.50    
  -24932.7539         6080607.50    
  -25079.5137         6080607.50    
  -25226.2695         6080607.50    
  -25373.0293         6080607.50    
  -25519.7871         6080607.50    
  -25666.5469         6080607.50    
  -25813.3027         6080607.50    
  -25960.0625         6080607.50    
  -26106.8164         6080607.50    
  -26253.5762         6080607.50    
  -26400.3359         6080607.50    
  -26547.0938         6080607.50    
  -26693.8516         6080607.50    
  -26840.6094         6080607.50    
  -26987.3691         6080607.50    
  -27134.1250         6080607.50    
  -27280.8848         6080607.50    
  -27427.6426         6080607.50    
  -27574.4004         6080607.50    
  -27721.1562         6080607.50    
  -27867.9160         6080607.50    
  -28015.5215         6080607.50    
  -28162.2812         6080607.50    
  -28309.0391         6080607.50    
  -28455.7949         6080607.50    
  -28602.5547         6080607.50    
  -28749.3145         6080607.50    
  -28896.0684         6080607.50    
  -29042.8301         6080607.50    
  -29189.5879         6080607.50    
  -29336.3477         6080607.50    
  -29483.1016         6080607.50    
  -29629.8613         6080607.50    
  -29776.6172         6080607.50    
  -29923.3789         6080607.50    
  -30070.1348         6080607.50    
  -30216.8945         6080607.50    
  -30363.6504         6080607.50    
  -30510.4102         6080607.50    
  -30657.1680         6080607.50    
  -30803.9277         6080607.50    
  -30950.6875         6080607.50    
  -31097.4414         6080607.50    
  -31244.2012         6080607.50    
  -31390.9570         6080607.50    
  -31537.7168         6080607.50    
  -31684.4746         6080607.50    
  -31831.2344         6080607.50    
  -31977.9902         6080607.50    
  -32124.7500         6080607.50    
  -32271.5039         6080607.50    
  -32418.2637         6080607.50    
  -32565.0234         6080607.50    
  -32711.7812         6080607.50    
  -32858.5391         6080607.50    
  -33005.2969         6080607.50    
  -33152.0547         6080607.50    
  -33298.8125         6080607.50    
  -33445.5703         6080607.50    
  -33592.3281         6080607.50    
  -33739.0859         6080607.50    
  -33885.8438         6080607.50    
  -34032.6055         6080607.50    
  -34179.3633         6080607.50    
  -34326.1172         6080607.50    
  -34472.8789         6080607.50    
  -34619.6328         6080607.50    
  -34766.3906         6080607.50    
  -34913.1523         6080607.50    
  -35059.9102         6080607.50    
  -35206.6680         6080607.50    
  -35353.4258         6080607.50    
  -35500.1797         6080607.50    
  -35646.9414         6080607.50    
  -35793.6992         6080607.50    
  -35940.4570         6080607.50    
  -36087.2188         6080607.50    
  -36233.9727         6080607.50    
  -36380.7305         6080607.50    
  -36527.4883         6080607.50    
  -36674.2500         6080607.50    
  -36821.0078         6080607.50    
  -36967.7656         6080607.50    
  -37114.5195         6080607.50    
  -37261.2812         6080607.50    
  -37408.0352         6080607.50    
  -37554.7969         6080607.50    
  -37701.5586         6080607.50    
  -37849.1641         6080607.50    
  -37995.9180         6080607.50    
  -38142.6758         6080607.50    
  -38289.4336         6080607.50    
  -38436.1953         6080607.50    
  -38582.9531         6080607.50    
  -38729.7109         6080607.50    
  -38876.4648         6080607.50    
  -39023.2266         6080607.50    
  -39169.9805         6080607.50    
  -39316.7422         6080607.50    
  -39463.5000         6080607.50    
  -39610.2578         6080607.50    
  -39757.0156         6080607.50    
  -39903.7734         6080607.50    
  -40050.5312         6080607.50    
  -40197.2930         6080607.50    
  -40344.0508         6080607.50    
  -40490.8047         6080607.50    
  -40637.5664         6080607.50    
  -40784.3203         6080607.50    
  -40931.0781         6080607.50    
  -41077.8398         6080607.50    
  -41224.5977         6080607.50    
  -41371.3555         6080607.50    
  -41518.1133         6080607.50    
  -41664.8672         6080607.50    
  -41811.6289         6080607.50    
  -41958.3906         6080607.50    
  -42105.1445         6080607.50    
  -42251.9062         6080607.50    
