         470
  -42251.9062         5982573.00    
  -42105.1445         5982573.00    
  -41958.3906         5982573.00    
  -41811.6289         5982573.00    
  -41664.8672         5982573.00    
  -41518.1133         5982573.00    
  -41371.3555         5982573.00    
  -41224.5977         5982573.00    
  -41077.8398         5982573.00    
  -40931.0781         5982573.00    
  -40784.3203         5982573.00    
  -40637.5664         5982573.00    
  -40490.8047         5982573.00    
  -40344.0508         5982573.00    
  -40197.2930         5982573.00    
  -40050.5312         5982573.00    
  -39903.7734         5982573.00    
  -39757.0156         5982573.00    
  -39610.2578         5982573.00    
  -39463.5000         5982573.00    
  -39316.7422         5982573.00    
  -39169.9805         5982573.00    
  -39023.2266         5982573.00    
  -38876.4648         5982573.00    
  -38729.7109         5982573.00    
  -38582.9531         5982573.00    
  -38436.1953         5982573.00    
  -38289.4336         5982573.00    
  -38142.6758         5982573.00    
  -37995.9180         5982573.00    
  -37849.1641         5982573.00    
  -37701.5586         5982573.00    
  -37554.7969         5982573.00    
  -37408.0352         5982573.00    
  -37261.2812         5982573.00    
  -37114.5195         5982573.00    
  -36967.7656         5982573.00    
  -36821.0078         5982573.00    
  -36674.2500         5982573.00    
  -36527.4883         5982573.00    
  -36380.7305         5982573.00    
  -36233.9727         5982573.00    
  -36087.2188         5982573.00    
  -35940.4570         5982573.00    
  -35793.6992         5982573.00    
  -35646.9414         5982573.00    
  -35500.1797         5982573.00    
  -35353.4258         5982573.00    
  -35206.6680         5982573.00    
  -35059.9102         5982573.00    
  -34913.1523         5982573.00    
  -34766.3906         5982573.00    
  -34619.6328         5982573.00    
  -34472.8789         5982573.00    
  -34326.1172         5982573.00    
  -34179.3633         5982573.00    
  -34032.6055         5982573.00    
  -33885.8438         5982573.00    
  -33739.0859         5982573.00    
  -33592.3281         5982573.00    
  -33445.5703         5982573.00    
  -33298.8125         5982573.00    
  -33152.0547         5982573.00    
  -33005.2969         5982573.00    
  -32858.5391         5982573.00    
  -32711.7812         5982573.00    
  -32565.0234         5982573.00    
  -32418.2637         5982573.00    
  -32271.5039         5982573.00    
  -32124.7500         5982573.00    
  -31977.9902         5982573.00    
  -31831.2344         5982573.00    
  -31684.4746         5982573.00    
  -31537.7168         5982573.00    
  -31390.9570         5982573.00    
  -31244.2012         5982573.00    
  -31097.4414         5982573.00    
  -30950.6875         5982573.00    
  -30803.9277         5982573.00    
  -30657.1680         5982573.00    
  -30510.4102         5982573.00    
  -30363.6504         5982573.00    
  -30216.8945         5982573.00    
  -30070.1348         5982573.00    
  -29923.3789         5982573.00    
  -29776.6172         5982573.00    
  -29629.8613         5982573.00    
  -29483.1016         5982573.00    
  -29336.3477         5982573.00    
  -29189.5879         5982573.00    
  -29042.8301         5982573.00    
  -28896.0684         5982573.00    
  -28749.3145         5982573.00    
  -28602.5547         5982573.00    
  -28455.7949         5982573.00    
  -28309.0391         5982573.00    
  -28162.2812         5982573.00    
  -28015.5215         5982573.00    
  -27867.9160         5982573.00    
  -27721.1562         5982573.00    
  -27574.4004         5982573.00    
  -27427.6426         5982573.00    
  -27280.8848         5982573.00    
  -27134.1250         5982573.00    
  -26987.3691         5982573.00    
  -26840.6094         5982573.00    
  -26693.8516         5982573.00    
  -26547.0938         5982573.00    
  -26400.3359         5982573.00    
  -26253.5762         5982573.00    
  -26106.8164         5982573.00    
  -25960.0625         5982573.00    
  -25813.3027         5982573.00    
  -25666.5469         5982573.00    
  -25519.7871         5982573.00    
  -25373.0293         5982573.00    
  -25226.2695         5982573.00    
  -25079.5137         5982573.00    
  -24932.7539         5982573.00    
  -24785.9961         5982573.00    
  -24639.2363         5982573.00    
  -24492.4805         5982573.00    
  -24345.7227         5982573.00    
  -24198.9629         5982573.00    
  -24052.2070         5982573.00    
  -23905.4473         5982573.00    
  -23758.6895         5982573.00    
  -23611.9336         5982573.00    
  -23465.1738         5982573.00    
  -23318.4141         5982573.00    
  -23171.6602         5982573.00    
  -23024.9004         5982573.00    
  -22878.1406         5982573.00    
  -22731.3828         5982573.00    
  -22584.6250         5982573.00    
  -22437.8672         5982573.00    
  -22291.1074         5982573.00    
  -22144.3516         5982573.00    
  -21997.5938         5982573.00    
  -21850.8340         5982573.00    
  -21704.0762         5982573.00    
  -21557.3184         5982573.00    
  -21410.5605         5982573.00    
  -21263.8027         5982573.00    
  -21117.0430         5982573.00    
  -20970.2871         5982573.00    
  -20823.5293         5982573.00    
  -20676.7695         5982573.00    
  -20530.0117         5982573.00    
  -20383.2559         5982573.00    
  -20236.4961         5982573.00    
  -20089.7383         5982573.00    
  -19942.9805         5982573.00    
  -19796.2227         5982573.00    
  -19649.4648         5982573.00    
  -19502.7051         5982573.00    
  -19355.9492         5982573.00    
  -19209.1895         5982573.00    
  -19062.4316         5982573.00    
  -18915.6738         5982573.00    
  -18768.9160         5982573.00    
  -18622.1582         5982573.00    
  -18475.4004         5982573.00    
  -18328.6406         5982573.00    
  -18181.0352         5982573.00    
  -18034.2773         5982573.00    
  -17887.5176         5982573.00    
  -17740.7598         5982573.00    
  -17594.0039         5982573.00    
  -17447.2441         5982573.00    
  -17300.4863         5982573.00    
  -17153.7285         5982573.00    
  -17006.9707         5982573.00    
  -16860.2129         5982573.00    
  -16713.4551         5982573.00    
  -16566.6953         5982573.00    
  -16419.9395         5982573.00    
  -16273.1816         5982573.00    
  -16126.4209         5982573.00    
  -15979.6631         5982573.00    
  -15832.9062         5982573.00    
  -15686.1465         5982573.00    
  -15539.3896         5982573.00    
  -15392.6318         5982573.00    
  -15245.8730         5982573.00    
  -15099.1152         5982573.00    
  -14952.3584         5982573.00    
  -14805.5986         5982573.00    
  -14658.8418         5982573.00    
  -14512.0840         5982573.00    
  -14365.3242         5982573.00    
  -14218.5664         5982573.00    
  -14071.8086         5982573.00    
  -13925.0508         5982573.00    
  -13778.2930         5982573.00    
  -13631.5352         5982573.00    
  -13484.7764         5982573.00    
  -13338.0195         5982573.00    
  -13191.2607         5982573.00    
  -13044.5029         5982573.00    
  -12897.7451         5982573.00    
  -12750.9873         5982573.00    
  -12604.2266         5982573.00    
  -12457.4697         5982573.00    
  -12310.7119         5982573.00    
  -12163.9531         5982573.00    
  -12017.1953         5982573.00    
  -11870.4385         5982573.00    
  -11723.6797         5982573.00    
  -11576.9219         5982573.00    
  -11430.1631         5982573.00    
  -11283.4053         5982573.00    
  -11136.6475         5982573.00    
  -10989.8887         5982573.00    
  -10843.1309         5982573.00    
  -10696.3730         5982573.00    
  -10549.6152         5982573.00    
  -10402.8564         5982573.00    
  -10256.0986         5982573.00    
  -10109.3408         5982573.00    
  -9962.58301         5982573.00    
  -9815.82422         5982573.00    
  -9669.06738         5982573.00    
  -9522.30859         5982573.00    
  -9375.54980         5982573.00    
  -9228.79297         5982573.00    
  -9082.03418         5982573.00    
  -8935.27637         5982573.00    
  -8788.51855         5982573.00    
  -8641.76074         5982573.00    
  -8495.00098         5982573.00    
  -8347.39551         5982573.00    
  -8200.63770         5982573.00    
  -8053.87939         5982573.00    
  -7907.12207         5982573.00    
  -7760.36377         5982573.00    
  -7613.60547         5982573.00    
  -7466.84814         5982573.00    
  -7320.08887         5982573.00    
  -7173.33057         5982573.00    
  -7026.57324         5982573.00    
  -6879.81494         5982573.00    
  -6733.05713         5982573.00    
  -6586.29932         5982573.00    
  -6439.54053         5982573.00    
  -6292.78223         5982573.00    
  -6146.02490         5982573.00    
  -5999.26660         5982573.00    
  -5852.50830         5982573.00    
  -5705.75000         5982573.00    
  -5558.99219         5982573.00    
  -5412.23438         5982573.00    
  -5265.47607         5982573.00    
  -5118.71777         5982573.00    
  -4971.95996         5982573.00    
  -4825.20166         5982573.00    
  -4678.44336         5982573.00    
  -4531.68555         5982573.00    
  -4384.92773         5982573.00    
  -4238.16943         5982573.00    
  -4091.41138         5982573.00    
  -3944.65332         5982573.00    
  -3797.89551         5982573.00    
  -3651.13745         5982573.00    
  -3504.37891         5982573.00    
  -3357.62109         5982573.00    
  -3210.86328         5982573.00    
  -3064.10498         5982573.00    
  -2917.34692         5982573.00    
  -2770.58887         5982573.00    
  -2623.83081         5982573.00    
  -2477.07275         5982573.00    
  -2330.31470         5982573.00    
  -2183.55640         5982573.00    
  -2036.79822         5982573.00    
  -1890.04041         5982573.00    
  -1743.28223         5982573.00    
  -1596.52417         5982573.00    
  -1449.76611         5982573.00    
  -1303.00818         5982573.00    
  -1156.25000         5982573.00    
  -1009.49200         5982573.00    
  -862.733887         5982573.00    
  -715.975769         5982573.00    
  -569.217712         5982573.00    
  -422.459686         5982573.00    
  -275.701569         5982573.00    
  -128.943512         5982573.00    
   17.8145657         5982573.00    
   164.572632         5982573.00    
   311.330719         5982573.00    
   458.088806         5982573.00    
   604.846802         5982573.00    
   751.604919         5982573.00    
   898.362976         5982573.00    
   1045.12109         5982573.00    
   1191.87915         5982573.00    
   1339.48547         5982573.00    
   1486.24365         5982573.00    
   1633.00171         5982573.00    
   1779.75977         5982573.00    
   1926.51794         5982573.00    
   2073.27588         5982573.00    
   2220.03369         5982573.00    
   2366.79199         5982573.00    
   2513.55029         5982573.00    
   2660.30811         5982573.00    
   2807.06641         5982573.00    
   2953.82446         5982573.00    
   3100.58228         5982573.00    
   3247.34033         5982573.00    
   3394.09814         5982573.00    
   3540.85693         5982573.00    
   3687.61450         5982573.00    
   3834.37280         5982573.00    
   3981.13110         5982573.00    
   4127.88867         5982573.00    
   4274.64697         5982573.00    
   4421.40527         5982573.00    
   4568.16309         5982573.00    
   4714.92139         5982573.00    
   4861.67920         5982573.00    
   5008.43750         5982573.00    
   5155.19531         5982573.00    
   5301.95361         5982573.00    
   5448.71191         5982573.00    
   5595.47021         5982573.00    
   5742.22754         5982573.00    
   5888.98584         5982573.00    
   6035.74365         5982573.00    
   6182.50195         5982573.00    
   6329.25928         5982573.00    
   6476.01758         5982573.00    
   6622.77637         5982573.00    
   6769.53418         5982573.00    
   6916.29199         5982573.00    
   7063.05029         5982573.00    
   7209.80811         5982573.00    
   7356.56641         5982573.00    
   7503.32471         5982573.00    
   7650.08301         5982573.00    
   7796.84033         5982573.00    
   7943.59863         5982573.00    
   8090.35693         5982573.00    
   8237.11426         5982573.00    
   8383.87305         5982573.00    
   8530.63184         5982573.00    
   8677.38867         5982573.00    
   8824.14746         5982573.00    
   8970.90527         5982573.00    
   9117.66309         5982573.00    
   9264.42188         5982573.00    
   9411.17969         5982573.00    
   9557.93750         5982573.00    
   9704.69531         5982573.00    
   9851.45410         5982573.00    
   9998.21094         5982573.00    
   10144.9697         5982573.00    
   10291.7285         5982573.00    
   10438.4873         5982573.00    
   10585.2441         5982573.00    
   10732.0029         5982573.00    
   10878.7598         5982573.00    
   11025.5186         5982573.00    
   11173.1240         5982573.00    
   11319.8818         5982573.00    
   11466.6406         5982573.00    
   11613.3984         5982573.00    
   11760.1572         5982573.00    
   11906.9150         5982573.00    
   12053.6738         5982573.00    
   12200.4316         5982573.00    
   12347.1885         5982573.00    
   12493.9482         5982573.00    
   12640.7051         5982573.00    
   12787.4639         5982573.00    
   12934.2217         5982573.00    
   13080.9795         5982573.00    
   13227.7383         5982573.00    
   13374.4951         5982573.00    
   13521.2529         5982573.00    
   13668.0127         5982573.00    
   13814.7705         5982573.00    
   13961.5273         5982573.00    
   14108.2871         5982573.00    
   14255.0439         5982573.00    
   14401.8018         5982573.00    
   14548.5605         5982573.00    
   14695.3193         5982573.00    
   14842.0762         5982573.00    
   14988.8350         5982573.00    
   15135.5928         5982573.00    
   15282.3506         5982573.00    
   15429.1094         5982573.00    
   15575.8662         5982573.00    
   15722.6240         5982573.00    
   15869.3828         5982573.00    
   16016.1406         5982573.00    
   16162.8975         5982573.00    
   16309.6572         5982573.00    
   16456.4141         5982573.00    
   16603.1738         5982573.00    
   16749.9316         5982573.00    
   16896.6875         5982573.00    
   17043.4473         5982573.00    
   17190.2070         5982573.00    
   17336.9648         5982573.00    
   17483.7227         5982573.00    
   17630.4805         5982573.00    
   17777.2383         5982573.00    
   17923.9961         5982573.00    
   18070.7539         5982573.00    
   18217.5117         5982573.00    
   18364.2715         5982573.00    
   18511.0273         5982573.00    
   18657.7852         5982573.00    
   18804.5449         5982573.00    
   18951.3027         5982573.00    
   19098.0586         5982573.00    
   19244.8203         5982573.00    
   19391.5781         5982573.00    
   19538.3359         5982573.00    
   19685.0938         5982573.00    
   19831.8516         5982573.00    
   19978.6094         5982573.00    
   20125.3672         5982573.00    
   20272.1250         5982573.00    
   20418.8828         5982573.00    
   20565.6426         5982573.00    
   20712.3984         5982573.00    
   20860.0039         5982573.00    
   21006.7656         5982573.00    
   21153.5234         5982573.00    
   21300.2793         5982573.00    
   21447.0391         5982573.00    
   21593.7969         5982573.00    
   21740.5547         5982573.00    
   21887.3125         5982573.00    
   22034.0703         5982573.00    
   22180.8281         5982573.00    
   22327.5879         5982573.00    
   22474.3457         5982573.00    
   22621.1016         5982573.00    
   22767.8613         5982573.00    
   22914.6191         5982573.00    
   23061.3750         5982573.00    
   23208.1348         5982573.00    
   23354.8945         5982573.00    
   23501.6504         5982573.00    
   23648.4082         5982573.00    
   23795.1680         5982573.00    
   23941.9258         5982573.00    
   24088.6836         5982573.00    
   24235.4414         5982573.00    
   24382.1992         5982573.00    
   24528.9590         5982573.00    
   24675.7148         5982573.00    
   24822.4727         5982573.00    
   24969.2324         5982573.00    
   25115.9902         5982573.00    
   25262.7461         5982573.00    
   25409.5039         5982573.00    
   25556.2656         5982573.00    
   25703.0234         5982573.00    
   25849.7793         5982573.00    
   25996.5391         5982573.00    
   26143.2949         5982573.00    
   26290.0527         5982573.00    
   26436.8125         5982573.00    
   26583.5723         5982573.00    
