         661
  -42251.9062         6080607.50    
  -42251.9062         6080458.00    
  -42251.9062         6080309.00    
  -42251.9062         6080159.50    
  -42251.9062         6080011.00    
  -42251.9062         6079860.50    
  -42251.9062         6079711.00    
  -42251.9062         6079562.00    
  -42251.9062         6079412.50    
  -42251.9062         6079263.50    
  -42251.9062         6079113.50    
  -42251.9062         6078964.50    
  -42251.9062         6078815.00    
  -42251.9062         6078666.00    
  -42251.9062         6078516.50    
  -42251.9062         6078366.50    
  -42251.9062         6078217.50    
  -42251.9062         6078068.00    
  -42251.9062         6077919.00    
  -42251.9062         6077769.50    
  -42251.9062         6077620.00    
  -42251.9062         6077470.50    
  -42251.9062         6077321.50    
  -42251.9062         6077172.00    
  -42251.9062         6077023.50    
  -42251.9062         6076874.50    
  -42251.9062         6076724.00    
  -42251.9062         6076575.50    
  -42251.9062         6076425.50    
  -42251.9062         6076277.00    
  -42251.9062         6076127.50    
  -42251.9062         6075977.50    
  -42251.9062         6075829.00    
  -42251.9062         6075679.50    
  -42251.9062         6075530.00    
  -42251.9062         6075380.50    
  -42251.9062         6075231.00    
  -42251.9062         6075082.00    
  -42251.9062         6074932.50    
  -42251.9062         6074783.50    
  -42251.9062         6074635.00    
  -42251.9062         6074484.50    
  -42251.9062         6074335.50    
  -42251.9062         6074187.00    
  -42251.9062         6074037.00    
  -42251.9062         6073888.50    
  -42251.9062         6073739.00    
  -42251.9062         6073589.00    
  -42251.9062         6073440.50    
  -42251.9062         6073291.00    
  -42251.9062         6073141.50    
  -42251.9062         6072992.50    
  -42251.9062         6072842.50    
  -42251.9062         6072693.50    
  -42251.9062         6072544.50    
  -42251.9062         6072395.00    
  -42251.9062         6072246.50    
  -42251.9062         6072096.50    
  -42251.9062         6071947.00    
  -42251.9062         6071798.50    
  -42251.9062         6071649.50    
  -42251.9062         6071500.00    
  -42251.9062         6071350.50    
  -42251.9062         6071201.50    
  -42251.9062         6071052.00    
  -42251.9062         6070902.50    
  -42251.9062         6070754.00    
  -42251.9062         6070604.00    
  -42251.9062         6070455.50    
  -42251.9062         6070306.00    
  -42251.9062         6070157.00    
  -42251.9062         6070008.00    
  -42251.9062         6069859.50    
  -42251.9062         6069709.00    
  -42251.9062         6069560.00    
  -42251.9062         6069411.50    
  -42251.9062         6069262.00    
  -42251.9062         6069113.00    
  -42251.9062         6068963.00    
  -42251.9062         6068814.00    
  -42251.9062         6068665.00    
  -42251.9062         6068516.50    
  -42251.9062         6068367.00    
  -42251.9062         6068217.50    
  -42251.9062         6068068.50    
  -42251.9062         6067919.50    
  -42251.9062         6067770.00    
  -42251.9062         6067621.00    
  -42251.9062         6067471.50    
  -42251.9062         6067322.50    
  -42251.9062         6067173.50    
  -42251.9062         6067024.00    
  -42251.9062         6066875.00    
  -42251.9062         6066725.50    
  -42251.9062         6066576.50    
  -42251.9062         6066428.00    
  -42251.9062         6066278.50    
  -42251.9062         6066129.50    
  -42251.9062         6065980.50    
  -42251.9062         6065831.00    
  -42251.9062         6065681.50    
  -42251.9062         6065533.00    
  -42251.9062         6065384.00    
  -42251.9062         6065235.50    
  -42251.9062         6065085.50    
  -42251.9062         6064936.00    
  -42251.9062         6064787.50    
  -42251.9062         6064638.50    
  -42251.9062         6064489.50    
  -42251.9062         6064340.00    
  -42251.9062         6064190.50    
  -42251.9062         6064042.00    
  -42251.9062         6063892.50    
  -42251.9062         6063743.50    
  -42251.9062         6063594.00    
  -42251.9062         6063445.00    
  -42251.9062         6063296.50    
  -42251.9062         6063147.50    
  -42251.9062         6062998.00    
  -42251.9062         6062848.50    
  -42251.9062         6062700.00    
  -42251.9062         6062551.00    
  -42251.9062         6062402.00    
  -42251.9062         6062253.50    
  -42251.9062         6062104.50    
  -42251.9062         6061955.00    
  -42251.9062         6061806.00    
  -42251.9062         6061656.50    
  -42251.9062         6061507.00    
  -42251.9062         6061358.50    
  -42251.9062         6061209.00    
  -42251.9062         6061060.00    
  -42251.9062         6060911.00    
  -42251.9062         6060762.50    
  -42251.9062         6060613.50    
  -42251.9062         6060464.00    
  -42251.9062         6060315.00    
  -42251.9062         6060165.50    
  -42251.9062         6060017.00    
  -42251.9062         6059868.00    
  -42251.9062         6059718.50    
  -42251.9062         6059569.50    
  -42251.9062         6059421.00    
  -42251.9062         6059272.00    
  -42251.9062         6059123.00    
  -42251.9062         6058974.00    
  -42251.9062         6058824.50    
  -42251.9062         6058676.50    
  -42251.9062         6058526.50    
  -42251.9062         6058378.00    
  -42251.9062         6058229.00    
  -42251.9062         6058080.00    
  -42251.9062         6057931.00    
  -42251.9062         6057782.00    
  -42251.9062         6057632.50    
  -42251.9062         6057483.50    
  -42251.9062         6057335.00    
  -42251.9062         6057186.00    
  -42251.9062         6057037.00    
  -42251.9062         6056888.50    
  -42251.9062         6056739.00    
  -42251.9062         6056589.50    
  -42251.9062         6056440.50    
  -42251.9062         6056292.00    
  -42251.9062         6056143.00    
  -42251.9062         6055994.00    
  -42251.9062         6055845.50    
  -42251.9062         6055696.50    
  -42251.9062         6055547.00    
  -42251.9062         6055398.50    
  -42251.9062         6055249.50    
  -42251.9062         6055101.00    
  -42251.9062         6054951.00    
  -42251.9062         6054802.50    
  -42251.9062         6054653.50    
  -42251.9062         6054505.00    
  -42251.9062         6054356.00    
  -42251.9062         6054206.50    
  -42251.9062         6054058.00    
  -42251.9062         6053909.00    
  -42251.9062         6053760.00    
  -42251.9062         6053611.50    
  -42251.9062         6053462.00    
  -42251.9062         6053313.00    
  -42251.9062         6053164.50    
  -42251.9062         6053015.50    
  -42251.9062         6052867.50    
  -42251.9062         6052717.00    
  -42251.9062         6052569.00    
  -42251.9062         6052419.50    
  -42251.9062         6052271.00    
  -42251.9062         6052122.00    
  -42251.9062         6051973.50    
  -42251.9062         6051824.50    
  -42251.9062         6051675.50    
  -42251.9062         6051526.50    
  -42251.9062         6051378.00    
  -42251.9062         6051229.50    
  -42251.9062         6051080.00    
  -42251.9062         6050931.00    
  -42251.9062         6050782.00    
  -42251.9062         6050633.50    
  -42251.9062         6050484.00    
  -42251.9062         6050335.00    
  -42251.9062         6050186.50    
  -42251.9062         6050038.50    
  -42251.9062         6049889.50    
  -42251.9062         6049740.50    
  -42251.9062         6049591.00    
  -42251.9062         6049442.00    
  -42251.9062         6049293.50    
  -42251.9062         6049145.00    
  -42251.9062         6048996.00    
  -42251.9062         6048847.50    
  -42251.9062         6048698.00    
  -42251.9062         6048549.00    
  -42251.9062         6048400.50    
  -42251.9062         6048252.50    
  -42251.9062         6048103.50    
  -42251.9062         6047954.50    
  -42251.9062         6047805.50    
  -42251.9062         6047656.50    
  -42251.9062         6047507.50    
  -42251.9062         6047359.00    
  -42251.9062         6047210.00    
  -42251.9062         6047061.50    
  -42251.9062         6046912.50    
  -42251.9062         6046764.00    
  -42251.9062         6046615.00    
  -42251.9062         6046466.00    
  -42251.9062         6046317.50    
  -42251.9062         6046168.50    
  -42251.9062         6046020.00    
  -42251.9062         6045871.00    
  -42251.9062         6045722.50    
  -42251.9062         6045573.50    
  -42251.9062         6045424.50    
  -42251.9062         6045275.50    
  -42251.9062         6045127.50    
  -42251.9062         6044977.50    
  -42251.9062         6044829.50    
  -42251.9062         6044681.00    
  -42251.9062         6044532.00    
  -42251.9062         6044383.50    
  -42251.9062         6044234.50    
  -42251.9062         6044086.00    
  -42251.9062         6043937.00    
  -42251.9062         6043788.00    
  -42251.9062         6043639.50    
  -42251.9062         6043491.00    
  -42251.9062         6043341.00    
  -42251.9062         6043193.00    
  -42251.9062         6043045.00    
  -42251.9062         6042895.50    
  -42251.9062         6042747.00    
  -42251.9062         6042598.00    
  -42251.9062         6042449.50    
  -42251.9062         6042301.00    
  -42251.9062         6042152.00    
  -42251.9062         6042004.00    
  -42251.9062         6041854.50    
  -42251.9062         6041705.50    
  -42251.9062         6041557.50    
  -42251.9062         6041409.00    
  -42251.9062         6041260.00    
  -42251.9062         6041110.50    
  -42251.9062         6040962.50    
  -42251.9062         6040813.50    
  -42251.9062         6040665.50    
  -42251.9062         6040516.00    
  -42251.9062         6040368.00    
  -42251.9062         6040218.50    
  -42251.9062         6040070.50    
  -42251.9062         6039922.00    
  -42251.9062         6039773.00    
  -42251.9062         6039624.00    
  -42251.9062         6039475.50    
  -42251.9062         6039326.50    
  -42251.9062         6039178.50    
  -42251.9062         6039030.00    
  -42251.9062         6038881.00    
  -42251.9062         6038732.50    
  -42251.9062         6038583.50    
  -42251.9062         6038434.50    
  -42251.9062         6038286.00    
  -42251.9062         6038138.00    
  -42251.9062         6037988.50    
  -42251.9062         6037840.50    
  -42251.9062         6037691.50    
  -42251.9062         6037543.00    
  -42251.9062         6037395.00    
  -42251.9062         6037246.00    
  -42251.9062         6037097.50    
  -42251.9062         6036948.00    
  -42251.9062         6036800.00    
  -42251.9062         6036652.00    
  -42251.9062         6036503.00    
  -42251.9062         6036354.00    
  -42251.9062         6036205.00    
  -42251.9062         6036057.00    
  -42251.9062         6035909.00    
  -42251.9062         6035760.00    
  -42251.9062         6035611.00    
  -42251.9062         6035462.00    
  -42251.9062         6035314.00    
  -42251.9062         6035165.50    
  -42251.9062         6035017.00    
  -42251.9062         6034867.50    
  -42251.9062         6034718.50    
  -42251.9062         6034570.50    
  -42251.9062         6034422.50    
  -42251.9062         6034273.50    
  -42251.9062         6034124.50    
  -42251.9062         6033975.50    
  -42251.9062         6033828.50    
  -42251.9062         6033679.50    
  -42251.9062         6033531.00    
  -42251.9062         6033382.00    
  -42251.9062         6033233.50    
  -42251.9062         6033085.50    
  -42251.9062         6032936.00    
  -42251.9062         6032788.00    
  -42251.9062         6032639.00    
  -42251.9062         6032491.00    
  -42251.9062         6032342.00    
  -42251.9062         6032193.50    
  -42251.9062         6032045.00    
  -42251.9062         6031896.50    
  -42251.9062         6031748.00    
  -42251.9062         6031599.50    
  -42251.9062         6031450.50    
  -42251.9062         6031302.50    
  -42251.9062         6031154.50    
  -42251.9062         6031005.00    
  -42251.9062         6030856.00    
  -42251.9062         6030708.00    
  -42251.9062         6030560.00    
  -42251.9062         6030411.50    
  -42251.9062         6030262.50    
  -42251.9062         6030114.00    
  -42251.9062         6029966.00    
  -42251.9062         6029817.50    
  -42251.9062         6029668.50    
  -42251.9062         6029520.50    
  -42251.9062         6029371.50    
  -42251.9062         6029223.50    
  -42251.9062         6029074.00    
  -42251.9062         6028926.00    
  -42251.9062         6028778.00    
  -42251.9062         6028629.50    
  -42251.9062         6028480.50    
  -42251.9062         6028332.00    
  -42251.9062         6028184.00    
  -42251.9062         6028035.50    
  -42251.9062         6027886.50    
  -42251.9062         6027738.50    
  -42251.9062         6027589.50    
  -42251.9062         6027441.50    
  -42251.9062         6027293.00    
  -42251.9062         6027144.00    
  -42251.9062         6026996.00    
  -42251.9062         6026848.00    
  -42251.9062         6026698.50    
  -42251.9062         6026550.50    
  -42251.9062         6026402.50    
  -42251.9062         6026253.50    
  -42251.9062         6026105.00    
  -42251.9062         6025957.00    
  -42251.9062         6025809.00    
  -42251.9062         6025660.00    
  -42251.9062         6025511.00    
  -42251.9062         6025363.00    
  -42251.9062         6025215.00    
  -42251.9062         6025066.00    
  -42251.9062         6024918.00    
  -42251.9062         6024769.50    
  -42251.9062         6024621.50    
  -42251.9062         6024472.50    
  -42251.9062         6024324.00    
  -42251.9062         6024176.50    
  -42251.9062         6024027.00    
  -42251.9062         6023878.50    
  -42251.9062         6023730.50    
  -42251.9062         6023582.50    
  -42251.9062         6023434.00    
  -42251.9062         6023285.00    
  -42251.9062         6023137.00    
  -42251.9062         6022989.00    
  -42251.9062         6022840.00    
  -42251.9062         6022691.50    
  -42251.9062         6022544.00    
  -42251.9062         6022395.50    
  -42251.9062         6022246.00    
  -42251.9062         6022098.00    
  -42251.9062         6021950.50    
  -42251.9062         6021802.00    
  -42251.9062         6021652.50    
  -42251.9062         6021504.50    
  -42251.9062         6021356.50    
  -42251.9062         6021208.00    
  -42251.9062         6021059.50    
  -42251.9062         6020911.00    
  -42251.9062         6020763.00    
  -42251.9062         6020614.50    
  -42251.9062         6020466.00    
  -42251.9062         6020318.00    
  -42251.9062         6020169.50    
  -42251.9062         6020021.00    
  -42251.9062         6019872.50    
  -42251.9062         6019724.50    
  -42251.9062         6019576.00    
  -42251.9062         6019428.00    
  -42251.9062         6019280.00    
  -42251.9062         6019131.00    
  -42251.9062         6018982.50    
  -42251.9062         6018835.50    
  -42251.9062         6018686.50    
  -42251.9062         6018537.50    
  -42251.9062         6018389.00    
  -42251.9062         6018242.00    
  -42251.9062         6018093.00    
  -42251.9062         6017944.50    
  -42251.9062         6017796.50    
  -42251.9062         6017648.00    
  -42251.9062         6017499.50    
  -42251.9062         6017351.50    
  -42251.9062         6017203.50    
  -42251.9062         6017054.50    
  -42251.9062         6016906.00    
  -42251.9062         6016758.00    
  -42251.9062         6016610.00    
  -42251.9062         6016461.50    
  -42251.9062         6016313.50    
  -42251.9062         6016165.50    
  -42251.9062         6016017.00    
  -42251.9062         6015868.50    
  -42251.9062         6015720.50    
  -42251.9062         6015572.50    
  -42251.9062         6015424.00    
  -42251.9062         6015276.00    
  -42251.9062         6015128.00    
  -42251.9062         6014979.50    
  -42251.9062         6014831.50    
  -42251.9062         6014682.50    
  -42251.9062         6014534.00    
  -42251.9062         6014386.00    
  -42251.9062         6014238.00    
  -42251.9062         6014089.50    
  -42251.9062         6013941.00    
  -42251.9062         6013793.00    
  -42251.9062         6013645.00    
  -42251.9062         6013496.50    
  -42251.9062         6013348.50    
  -42251.9062         6013200.50    
  -42251.9062         6013052.00    
  -42251.9062         6012903.50    
  -42251.9062         6012755.50    
  -42251.9062         6012608.00    
  -42251.9062         6012459.00    
  -42251.9062         6012311.00    
  -42251.9062         6012163.00    
  -42251.9062         6012014.50    
  -42251.9062         6011866.50    
  -42251.9062         6011718.50    
  -42251.9062         6011569.50    
  -42251.9062         6011421.50    
  -42251.9062         6011274.00    
  -42251.9062         6011126.00    
  -42251.9062         6010977.50    
  -42251.9062         6010829.00    
  -42251.9062         6010680.50    
  -42251.9062         6010532.50    
  -42251.9062         6010385.00    
  -42251.9062         6010236.50    
  -42251.9062         6010087.50    
  -42251.9062         6009940.50    
  -42251.9062         6009791.50    
  -42251.9062         6009643.50    
  -42251.9062         6009496.50    
  -42251.9062         6009347.00    
  -42251.9062         6009199.00    
  -42251.9062         6009051.00    
  -42251.9062         6008903.00    
  -42251.9062         6008755.00    
  -42251.9062         6008607.00    
  -42251.9062         6008458.00    
  -42251.9062         6008310.50    
  -42251.9062         6008162.50    
  -42251.9062         6008014.00    
  -42251.9062         6007866.50    
  -42251.9062         6007717.50    
  -42251.9062         6007569.50    
  -42251.9062         6007421.50    
  -42251.9062         6007273.50    
  -42251.9062         6007126.00    
  -42251.9062         6006977.00    
  -42251.9062         6006829.00    
  -42251.9062         6006681.00    
  -42251.9062         6006533.00    
  -42251.9062         6006385.00    
  -42251.9062         6006236.00    
  -42251.9062         6006088.50    
  -42251.9062         6005940.50    
  -42251.9062         6005792.50    
  -42251.9062         6005644.50    
  -42251.9062         6005495.50    
  -42251.9062         6005348.00    
  -42251.9062         6005200.00    
  -42251.9062         6005052.50    
  -42251.9062         6004904.00    
  -42251.9062         6004756.00    
  -42251.9062         6004608.00    
  -42251.9062         6004459.50    
  -42251.9062         6004311.00    
  -42251.9062         6004164.00    
  -42251.9062         6004015.50    
  -42251.9062         6003867.50    
  -42251.9062         6003719.00    
  -42251.9062         6003570.50    
  -42251.9062         6003423.50    
  -42251.9062         6003275.50    
  -42251.9062         6003126.50    
  -42251.9062         6002978.50    
  -42251.9062         6002831.50    
  -42251.9062         6002683.00    
  -42251.9062         6002535.50    
  -42251.9062         6002386.50    
  -42251.9062         6002239.00    
  -42251.9062         6002091.00    
  -42251.9062         6001943.00    
  -42251.9062         6001795.00    
  -42251.9062         6001646.00    
  -42251.9062         6001498.50    
  -42251.9062         6001350.50    
  -42251.9062         6001203.00    
  -42251.9062         6001054.50    
  -42251.9062         6000907.00    
  -42251.9062         6000758.50    
  -42251.9062         6000610.50    
  -42251.9062         6000462.50    
  -42251.9062         6000315.00    
  -42251.9062         6000166.50    
  -42251.9062         6000018.50    
  -42251.9062         5999870.50    
  -42251.9062         5999722.50    
  -42251.9062         5999575.50    
  -42251.9062         5999427.00    
  -42251.9062         5999278.00    
  -42251.9062         5999130.50    
  -42251.9062         5998982.00    
  -42251.9062         5998835.00    
  -42251.9062         5998687.00    
  -42251.9062         5998538.00    
  -42251.9062         5998391.00    
  -42251.9062         5998243.00    
  -42251.9062         5998095.00    
  -42251.9062         5997947.00    
  -42251.9062         5997799.00    
  -42251.9062         5997651.00    
  -42251.9062         5997503.00    
  -42251.9062         5997355.00    
  -42251.9062         5997207.00    
  -42251.9062         5997059.50    
  -42251.9062         5996911.50    
  -42251.9062         5996763.00    
  -42251.9062         5996615.50    
  -42251.9062         5996467.50    
  -42251.9062         5996320.00    
  -42251.9062         5996171.50    
  -42251.9062         5996023.50    
  -42251.9062         5995875.50    
  -42251.9062         5995727.50    
  -42251.9062         5995580.00    
  -42251.9062         5995431.50    
  -42251.9062         5995284.50    
  -42251.9062         5995136.50    
  -42251.9062         5994988.00    
  -42251.9062         5994840.50    
  -42251.9062         5994692.00    
  -42251.9062         5994544.50    
  -42251.9062         5994396.50    
  -42251.9062         5994248.50    
  -42251.9062         5994100.50    
  -42251.9062         5993953.00    
  -42251.9062         5993805.00    
  -42251.9062         5993656.50    
  -42251.9062         5993509.00    
  -42251.9062         5993361.50    
  -42251.9062         5993214.00    
  -42251.9062         5993065.00    
  -42251.9062         5992917.50    
  -42251.9062         5992770.00    
  -42251.9062         5992622.00    
  -42251.9062         5992474.50    
  -42251.9062         5992326.00    
  -42251.9062         5992178.50    
  -42251.9062         5992030.50    
  -42251.9062         5991883.00    
  -42251.9062         5991735.50    
  -42251.9062         5991586.00    
  -42251.9062         5991439.00    
  -42251.9062         5991291.00    
  -42251.9062         5991144.00    
  -42251.9062         5990995.50    
  -42251.9062         5990847.00    
  -42251.9062         5990700.00    
  -42251.9062         5990552.00    
  -42251.9062         5990404.00    
  -42251.9062         5990256.50    
  -42251.9062         5990109.00    
  -42251.9062         5989961.00    
  -42251.9062         5989813.00    
  -42251.9062         5989665.00    
  -42251.9062         5989517.50    
  -42251.9062         5989370.00    
  -42251.9062         5989221.00    
  -42251.9062         5989073.50    
  -42251.9062         5988926.00    
  -42251.9062         5988778.50    
  -42251.9062         5988630.00    
  -42251.9062         5988483.00    
  -42251.9062         5988334.50    
  -42251.9062         5988187.00    
  -42251.9062         5988039.50    
  -42251.9062         5987892.00    
  -42251.9062         5987743.50    
  -42251.9062         5987595.50    
  -42251.9062         5987448.00    
  -42251.9062         5987300.50    
  -42251.9062         5987153.00    
  -42251.9062         5987004.50    
  -42251.9062         5986857.00    
  -42251.9062         5986709.00    
  -42251.9062         5986561.50    
  -42251.9062         5986413.50    
  -42251.9062         5986266.50    
  -42251.9062         5986118.00    
  -42251.9062         5985970.50    
  -42251.9062         5985823.00    
  -42251.9062         5985675.50    
  -42251.9062         5985527.50    
  -42251.9062         5985379.00    
  -42251.9062         5985231.50    
  -42251.9062         5985083.50    
  -42251.9062         5984936.50    
  -42251.9062         5984788.50    
  -42251.9062         5984640.50    
  -42251.9062         5984492.50    
  -42251.9062         5984345.50    
  -42251.9062         5984197.50    
  -42251.9062         5984049.50    
  -42251.9062         5983901.50    
  -42251.9062         5983754.00    
  -42251.9062         5983606.50    
  -42251.9062         5983459.00    
  -42251.9062         5983311.50    
  -42251.9062         5983164.00    
  -42251.9062         5983015.50    
  -42251.9062         5982868.00    
  -42251.9062         5982720.50    
  -42251.9062         5982573.00    
