   4.7884660e+01  -1.2318000e+02
   4.7883759e+01  -1.2318000e+02
   4.7882858e+01  -1.2318000e+02
   4.7881957e+01  -1.2318000e+02
   4.7881056e+01  -1.2318000e+02
   4.7880155e+01  -1.2318000e+02
   4.7879254e+01  -1.2318000e+02
   4.7878353e+01  -1.2318000e+02
   4.7877452e+01  -1.2318000e+02
   4.7876551e+01  -1.2318000e+02
   4.7875650e+01  -1.2318000e+02
   4.7874749e+01  -1.2318000e+02
   4.7873848e+01  -1.2318000e+02
   4.7872947e+01  -1.2318000e+02
   4.7872046e+01  -1.2318000e+02
   4.7871145e+01  -1.2318000e+02
   4.7870244e+01  -1.2318000e+02
   4.7869343e+01  -1.2318000e+02
   4.7868442e+01  -1.2318000e+02
   4.7867541e+01  -1.2318000e+02
   4.7866640e+01  -1.2318000e+02
   4.7865739e+01  -1.2318000e+02
   4.7864838e+01  -1.2318000e+02
   4.7863937e+01  -1.2318000e+02
   4.7863036e+01  -1.2318000e+02
   4.7862135e+01  -1.2318000e+02
   4.7861234e+01  -1.2318000e+02
   4.7860333e+01  -1.2318000e+02
   4.7859432e+01  -1.2318000e+02
   4.7858531e+01  -1.2318000e+02
   4.7857630e+01  -1.2318000e+02
   4.7856729e+01  -1.2318000e+02
   4.7855828e+01  -1.2318000e+02
   4.7854927e+01  -1.2318000e+02
   4.7854026e+01  -1.2318000e+02
   4.7853125e+01  -1.2318000e+02
   4.7852224e+01  -1.2318000e+02
   4.7851323e+01  -1.2318000e+02
   4.7850422e+01  -1.2318000e+02
   4.7849521e+01  -1.2318000e+02
   4.7848620e+01  -1.2318000e+02
   4.7847719e+01  -1.2318000e+02
   4.7846818e+01  -1.2318000e+02
   4.7845917e+01  -1.2318000e+02
   4.7845016e+01  -1.2318000e+02
   4.7844115e+01  -1.2318000e+02
   4.7843214e+01  -1.2318000e+02
   4.7842313e+01  -1.2318000e+02
   4.7841412e+01  -1.2318000e+02
   4.7840511e+01  -1.2318000e+02
   4.7839610e+01  -1.2318000e+02
   4.7838709e+01  -1.2318000e+02
   4.7837808e+01  -1.2318000e+02
   4.7836907e+01  -1.2318000e+02
   4.7836006e+01  -1.2318000e+02
   4.7835105e+01  -1.2318000e+02
   4.7834204e+01  -1.2318000e+02
   4.7833303e+01  -1.2318000e+02
   4.7832402e+01  -1.2318000e+02
   4.7831501e+01  -1.2318000e+02
   4.7830600e+01  -1.2318000e+02
   4.7829699e+01  -1.2318000e+02
   4.7828798e+01  -1.2318000e+02
   4.7827897e+01  -1.2318000e+02
   4.7826996e+01  -1.2318000e+02
   4.7826095e+01  -1.2318000e+02
   4.7825194e+01  -1.2318000e+02
   4.7824293e+01  -1.2318000e+02
   4.7823392e+01  -1.2318000e+02
   4.7822491e+01  -1.2318000e+02
   4.7821590e+01  -1.2318000e+02
   4.7820689e+01  -1.2318000e+02
   4.7819788e+01  -1.2318000e+02
   4.7818887e+01  -1.2318000e+02
   4.7817986e+01  -1.2318000e+02
   4.7817085e+01  -1.2318000e+02
   4.7816184e+01  -1.2318000e+02
   4.7815283e+01  -1.2318000e+02
   4.7814382e+01  -1.2318000e+02
   4.7813481e+01  -1.2318000e+02
   4.7812580e+01  -1.2318000e+02
   4.7811679e+01  -1.2318000e+02
   4.7810778e+01  -1.2318000e+02
   4.7809877e+01  -1.2318000e+02
   4.7808976e+01  -1.2318000e+02
   4.7808075e+01  -1.2318000e+02
   4.7807174e+01  -1.2318000e+02
   4.7806273e+01  -1.2318000e+02
   4.7805372e+01  -1.2318000e+02
   4.7804471e+01  -1.2318000e+02
   4.7803570e+01  -1.2318000e+02
   4.7802669e+01  -1.2318000e+02
   4.7801768e+01  -1.2318000e+02
   4.7800867e+01  -1.2318000e+02
   4.7799966e+01  -1.2318000e+02
   4.7799065e+01  -1.2318000e+02
   4.7798164e+01  -1.2318000e+02
   4.7797263e+01  -1.2318000e+02
   4.7796362e+01  -1.2318000e+02
   4.7795461e+01  -1.2318000e+02
   4.7794560e+01  -1.2318000e+02
   4.7793659e+01  -1.2318000e+02
   4.7792758e+01  -1.2318000e+02
   4.7791857e+01  -1.2318000e+02
   4.7790956e+01  -1.2318000e+02
   4.7790055e+01  -1.2318000e+02
   4.7789154e+01  -1.2318000e+02
   4.7788253e+01  -1.2318000e+02
   4.7787352e+01  -1.2318000e+02
   4.7786451e+01  -1.2318000e+02
   4.7785550e+01  -1.2318000e+02
   4.7784649e+01  -1.2318000e+02
   4.7783748e+01  -1.2318000e+02
   4.7782847e+01  -1.2318000e+02
   4.7781946e+01  -1.2318000e+02
   4.7781045e+01  -1.2318000e+02
   4.7780144e+01  -1.2318000e+02
   4.7779243e+01  -1.2318000e+02
   4.7778342e+01  -1.2318000e+02
   4.7777441e+01  -1.2318000e+02
   4.7776540e+01  -1.2318000e+02
   4.7775639e+01  -1.2318000e+02
   4.7774738e+01  -1.2318000e+02
   4.7773837e+01  -1.2318000e+02
   4.7772936e+01  -1.2318000e+02
   4.7772035e+01  -1.2318000e+02
   4.7771134e+01  -1.2318000e+02
   4.7770233e+01  -1.2318000e+02
   4.7769332e+01  -1.2318000e+02
   4.7768431e+01  -1.2318000e+02
   4.7767530e+01  -1.2318000e+02
   4.7766629e+01  -1.2318000e+02
   4.7765728e+01  -1.2318000e+02
   4.7764827e+01  -1.2318000e+02
   4.7763926e+01  -1.2318000e+02
   4.7763025e+01  -1.2318000e+02
   4.7762124e+01  -1.2318000e+02
   4.7761223e+01  -1.2318000e+02
   4.7760322e+01  -1.2318000e+02
   4.7759421e+01  -1.2318000e+02
   4.7758520e+01  -1.2318000e+02
   4.7757619e+01  -1.2318000e+02
   4.7756718e+01  -1.2318000e+02
   4.7755817e+01  -1.2318000e+02
   4.7754916e+01  -1.2318000e+02
   4.7754015e+01  -1.2318000e+02
   4.7753114e+01  -1.2318000e+02
   4.7752213e+01  -1.2318000e+02
   4.7751312e+01  -1.2318000e+02
   4.7750411e+01  -1.2318000e+02
   4.7749510e+01  -1.2318000e+02
   4.7748609e+01  -1.2318000e+02
   4.7747708e+01  -1.2318000e+02
   4.7746807e+01  -1.2318000e+02
   4.7745906e+01  -1.2318000e+02
   4.7745005e+01  -1.2318000e+02
   4.7744104e+01  -1.2318000e+02
   4.7743203e+01  -1.2318000e+02
   4.7742302e+01  -1.2318000e+02
   4.7741401e+01  -1.2318000e+02
   4.7740500e+01  -1.2318000e+02
   4.7739599e+01  -1.2318000e+02
   4.7738698e+01  -1.2318000e+02
   4.7737797e+01  -1.2318000e+02
   4.7736896e+01  -1.2318000e+02
   4.7735995e+01  -1.2318000e+02
   4.7735094e+01  -1.2318000e+02
   4.7734193e+01  -1.2318000e+02
   4.7733292e+01  -1.2318000e+02
   4.7732391e+01  -1.2318000e+02
   4.7731490e+01  -1.2318000e+02
   4.7730589e+01  -1.2318000e+02
   4.7729688e+01  -1.2318000e+02
   4.7728787e+01  -1.2318000e+02
   4.7727886e+01  -1.2318000e+02
   4.7726985e+01  -1.2318000e+02
   4.7726084e+01  -1.2318000e+02
   4.7725183e+01  -1.2318000e+02
   4.7724282e+01  -1.2318000e+02
   4.7723381e+01  -1.2318000e+02
   4.7722480e+01  -1.2318000e+02
   4.7721579e+01  -1.2318000e+02
   4.7720678e+01  -1.2318000e+02
   4.7719777e+01  -1.2318000e+02
   4.7718876e+01  -1.2318000e+02
   4.7717975e+01  -1.2318000e+02
   4.7717074e+01  -1.2318000e+02
   4.7716173e+01  -1.2318000e+02
   4.7715272e+01  -1.2318000e+02
   4.7714371e+01  -1.2318000e+02
   4.7713470e+01  -1.2318000e+02
   4.7712569e+01  -1.2318000e+02
   4.7711668e+01  -1.2318000e+02
   4.7710767e+01  -1.2318000e+02
   4.7709866e+01  -1.2318000e+02
   4.7708965e+01  -1.2318000e+02
   4.7708064e+01  -1.2318000e+02
   4.7707163e+01  -1.2318000e+02
   4.7706262e+01  -1.2318000e+02
   4.7705361e+01  -1.2318000e+02
   4.7704460e+01  -1.2318000e+02
   4.7703559e+01  -1.2318000e+02
   4.7702658e+01  -1.2318000e+02
   4.7701757e+01  -1.2318000e+02
   4.7700856e+01  -1.2318000e+02
   4.7699955e+01  -1.2318000e+02
   4.7699054e+01  -1.2318000e+02
   4.7698153e+01  -1.2318000e+02
   4.7697252e+01  -1.2318000e+02
   4.7696351e+01  -1.2318000e+02
   4.7695450e+01  -1.2318000e+02
   4.7694549e+01  -1.2318000e+02
   4.7693648e+01  -1.2318000e+02
   4.7692747e+01  -1.2318000e+02
   4.7691846e+01  -1.2318000e+02
   4.7690945e+01  -1.2318000e+02
   4.7690044e+01  -1.2318000e+02
   4.7689143e+01  -1.2318000e+02
   4.7688242e+01  -1.2318000e+02
   4.7687341e+01  -1.2318000e+02
   4.7686440e+01  -1.2318000e+02
   4.7685539e+01  -1.2318000e+02
   4.7684638e+01  -1.2318000e+02
   4.7683737e+01  -1.2318000e+02
   4.7682836e+01  -1.2318000e+02
   4.7681935e+01  -1.2318000e+02
   4.7681034e+01  -1.2318000e+02
   4.7680133e+01  -1.2318000e+02
   4.7679232e+01  -1.2318000e+02
   4.7678331e+01  -1.2318000e+02
   4.7677430e+01  -1.2318000e+02
   4.7676529e+01  -1.2318000e+02
   4.7675628e+01  -1.2318000e+02
   4.7674727e+01  -1.2318000e+02
   4.7673826e+01  -1.2318000e+02
   4.7672925e+01  -1.2318000e+02
   4.7672024e+01  -1.2318000e+02
   4.7671123e+01  -1.2318000e+02
   4.7670222e+01  -1.2318000e+02
   4.7669321e+01  -1.2318000e+02
   4.7668420e+01  -1.2318000e+02
   4.7667519e+01  -1.2318000e+02
   4.7666618e+01  -1.2318000e+02
   4.7665717e+01  -1.2318000e+02
   4.7664816e+01  -1.2318000e+02
   4.7663915e+01  -1.2318000e+02
   4.7663014e+01  -1.2318000e+02
   4.7662113e+01  -1.2318000e+02
   4.7661212e+01  -1.2318000e+02
   4.7660311e+01  -1.2318000e+02
   4.7659410e+01  -1.2318000e+02
   4.7658509e+01  -1.2318000e+02
   4.7657608e+01  -1.2318000e+02
   4.7656707e+01  -1.2318000e+02
   4.7655806e+01  -1.2318000e+02
   4.7654905e+01  -1.2318000e+02
   4.7654004e+01  -1.2318000e+02
   4.7653103e+01  -1.2318000e+02
   4.7652202e+01  -1.2318000e+02
   4.7651301e+01  -1.2318000e+02
   4.7650400e+01  -1.2318000e+02
   4.7649499e+01  -1.2318000e+02
   4.7648598e+01  -1.2318000e+02
   4.7647697e+01  -1.2318000e+02
   4.7646796e+01  -1.2318000e+02
   4.7645895e+01  -1.2318000e+02
   4.7644994e+01  -1.2318000e+02
   4.7644093e+01  -1.2318000e+02
   4.7643192e+01  -1.2318000e+02
   4.7642291e+01  -1.2318000e+02
   4.7641390e+01  -1.2318000e+02
   4.7640489e+01  -1.2318000e+02
   4.7639588e+01  -1.2318000e+02
   4.7638687e+01  -1.2318000e+02
   4.7637786e+01  -1.2318000e+02
   4.7636885e+01  -1.2318000e+02
   4.7635984e+01  -1.2318000e+02
   4.7635083e+01  -1.2318000e+02
   4.7634182e+01  -1.2318000e+02
   4.7633281e+01  -1.2318000e+02
   4.7632380e+01  -1.2318000e+02
   4.7631479e+01  -1.2318000e+02
   4.7630578e+01  -1.2318000e+02
   4.7629677e+01  -1.2318000e+02
   4.7628776e+01  -1.2318000e+02
   4.7627875e+01  -1.2318000e+02
   4.7626974e+01  -1.2318000e+02
   4.7626073e+01  -1.2318000e+02
   4.7625172e+01  -1.2318000e+02
   4.7624271e+01  -1.2318000e+02
   4.7623370e+01  -1.2318000e+02
   4.7622469e+01  -1.2318000e+02
   4.7621568e+01  -1.2318000e+02
   4.7620667e+01  -1.2318000e+02
   4.7619766e+01  -1.2318000e+02
   4.7618865e+01  -1.2318000e+02
   4.7617964e+01  -1.2318000e+02
   4.7617063e+01  -1.2318000e+02
   4.7616162e+01  -1.2318000e+02
   4.7615261e+01  -1.2318000e+02
   4.7614360e+01  -1.2318000e+02
   4.7613459e+01  -1.2318000e+02
   4.7612558e+01  -1.2318000e+02
   4.7611657e+01  -1.2318000e+02
   4.7610756e+01  -1.2318000e+02
   4.7609855e+01  -1.2318000e+02
   4.7608954e+01  -1.2318000e+02
   4.7608053e+01  -1.2318000e+02
   4.7607152e+01  -1.2318000e+02
   4.7606251e+01  -1.2318000e+02
   4.7605350e+01  -1.2318000e+02
   4.7604449e+01  -1.2318000e+02
   4.7603548e+01  -1.2318000e+02
   4.7602647e+01  -1.2318000e+02
   4.7601746e+01  -1.2318000e+02
   4.7600845e+01  -1.2318000e+02
   4.7599944e+01  -1.2318000e+02
   4.7599043e+01  -1.2318000e+02
   4.7598142e+01  -1.2318000e+02
   4.7597241e+01  -1.2318000e+02
   4.7596340e+01  -1.2318000e+02
   4.7595439e+01  -1.2318000e+02
   4.7594538e+01  -1.2318000e+02
   4.7593637e+01  -1.2318000e+02
   4.7592736e+01  -1.2318000e+02
   4.7591835e+01  -1.2318000e+02
   4.7590934e+01  -1.2318000e+02
   4.7590033e+01  -1.2318000e+02
   4.7589132e+01  -1.2318000e+02
   4.7588231e+01  -1.2318000e+02
   4.7587330e+01  -1.2318000e+02
   4.7586429e+01  -1.2318000e+02
   4.7585528e+01  -1.2318000e+02
   4.7584627e+01  -1.2318000e+02
   4.7583726e+01  -1.2318000e+02
   4.7582825e+01  -1.2318000e+02
   4.7581924e+01  -1.2318000e+02
   4.7581023e+01  -1.2318000e+02
   4.7580122e+01  -1.2318000e+02
   4.7579221e+01  -1.2318000e+02
   4.7578320e+01  -1.2318000e+02
   4.7577419e+01  -1.2318000e+02
   4.7576518e+01  -1.2318000e+02
   4.7575617e+01  -1.2318000e+02
   4.7574716e+01  -1.2318000e+02
   4.7573815e+01  -1.2318000e+02
   4.7572914e+01  -1.2318000e+02
   4.7572013e+01  -1.2318000e+02
   4.7571112e+01  -1.2318000e+02
   4.7570211e+01  -1.2318000e+02
   4.7569310e+01  -1.2318000e+02
   4.7568409e+01  -1.2318000e+02
   4.7567508e+01  -1.2318000e+02
   4.7566607e+01  -1.2318000e+02
   4.7565706e+01  -1.2318000e+02
   4.7564805e+01  -1.2318000e+02
   4.7563904e+01  -1.2318000e+02
   4.7563003e+01  -1.2318000e+02
   4.7562102e+01  -1.2318000e+02
   4.7561201e+01  -1.2318000e+02
   4.7560300e+01  -1.2318000e+02
   4.7559399e+01  -1.2318000e+02
   4.7558498e+01  -1.2318000e+02
   4.7557597e+01  -1.2318000e+02
   4.7556696e+01  -1.2318000e+02
   4.7555795e+01  -1.2318000e+02
   4.7554894e+01  -1.2318000e+02
   4.7553993e+01  -1.2318000e+02
   4.7553092e+01  -1.2318000e+02
   4.7552191e+01  -1.2318000e+02
   4.7551290e+01  -1.2318000e+02
   4.7550389e+01  -1.2318000e+02
   4.7549488e+01  -1.2318000e+02
   4.7548587e+01  -1.2318000e+02
   4.7547686e+01  -1.2318000e+02
   4.7546785e+01  -1.2318000e+02
   4.7545884e+01  -1.2318000e+02
   4.7544983e+01  -1.2318000e+02
   4.7544082e+01  -1.2318000e+02
   4.7543181e+01  -1.2318000e+02
   4.7542280e+01  -1.2318000e+02
   4.7541379e+01  -1.2318000e+02
   4.7540478e+01  -1.2318000e+02
   4.7539577e+01  -1.2318000e+02
   4.7538676e+01  -1.2318000e+02
   4.7537775e+01  -1.2318000e+02
   4.7536874e+01  -1.2318000e+02
   4.7535973e+01  -1.2318000e+02
   4.7535072e+01  -1.2318000e+02
   4.7534171e+01  -1.2318000e+02
   4.7533270e+01  -1.2318000e+02
   4.7532369e+01  -1.2318000e+02
   4.7531468e+01  -1.2318000e+02
   4.7530567e+01  -1.2318000e+02
   4.7529666e+01  -1.2318000e+02
   4.7528765e+01  -1.2318000e+02
   4.7527864e+01  -1.2318000e+02
   4.7526963e+01  -1.2318000e+02
   4.7526062e+01  -1.2318000e+02
   4.7525161e+01  -1.2318000e+02
   4.7524260e+01  -1.2318000e+02
   4.7523359e+01  -1.2318000e+02
   4.7522458e+01  -1.2318000e+02
   4.7521557e+01  -1.2318000e+02
   4.7520656e+01  -1.2318000e+02
   4.7519755e+01  -1.2318000e+02
   4.7518854e+01  -1.2318000e+02
   4.7517953e+01  -1.2318000e+02
   4.7517052e+01  -1.2318000e+02
   4.7516151e+01  -1.2318000e+02
   4.7515250e+01  -1.2318000e+02
   4.7514349e+01  -1.2318000e+02
   4.7513448e+01  -1.2318000e+02
   4.7512547e+01  -1.2318000e+02
   4.7511646e+01  -1.2318000e+02
   4.7510745e+01  -1.2318000e+02
   4.7509844e+01  -1.2318000e+02
   4.7508943e+01  -1.2318000e+02
   4.7508042e+01  -1.2318000e+02
   4.7507141e+01  -1.2318000e+02
   4.7506240e+01  -1.2318000e+02
   4.7505339e+01  -1.2318000e+02
   4.7504438e+01  -1.2318000e+02
   4.7503537e+01  -1.2318000e+02
   4.7502636e+01  -1.2318000e+02
   4.7501735e+01  -1.2318000e+02
   4.7500834e+01  -1.2318000e+02
   4.7499933e+01  -1.2318000e+02
   4.7499032e+01  -1.2318000e+02
   4.7498131e+01  -1.2318000e+02
   4.7497230e+01  -1.2318000e+02
   4.7496329e+01  -1.2318000e+02
   4.7495428e+01  -1.2318000e+02
   4.7494527e+01  -1.2318000e+02
   4.7493626e+01  -1.2318000e+02
   4.7492725e+01  -1.2318000e+02
   4.7491824e+01  -1.2318000e+02
   4.7490923e+01  -1.2318000e+02
   4.7490022e+01  -1.2318000e+02
   4.7489121e+01  -1.2318000e+02
   4.7488220e+01  -1.2318000e+02
   4.7487319e+01  -1.2318000e+02
   4.7486418e+01  -1.2318000e+02
   4.7485517e+01  -1.2318000e+02
   4.7484616e+01  -1.2318000e+02
   4.7483715e+01  -1.2318000e+02
   4.7482814e+01  -1.2318000e+02
   4.7481913e+01  -1.2318000e+02
   4.7481012e+01  -1.2318000e+02
   4.7480111e+01  -1.2318000e+02
   4.7479210e+01  -1.2318000e+02
   4.7478309e+01  -1.2318000e+02
   4.7477408e+01  -1.2318000e+02
   4.7476507e+01  -1.2318000e+02
   4.7475606e+01  -1.2318000e+02
   4.7474705e+01  -1.2318000e+02
   4.7473804e+01  -1.2318000e+02
   4.7472903e+01  -1.2318000e+02
   4.7472002e+01  -1.2318000e+02
   4.7471101e+01  -1.2318000e+02
   4.7470200e+01  -1.2318000e+02
   4.7469299e+01  -1.2318000e+02
   4.7468398e+01  -1.2318000e+02
   4.7467497e+01  -1.2318000e+02
   4.7466596e+01  -1.2318000e+02
   4.7465695e+01  -1.2318000e+02
   4.7464794e+01  -1.2318000e+02
   4.7463893e+01  -1.2318000e+02
   4.7462992e+01  -1.2318000e+02
   4.7462091e+01  -1.2318000e+02
   4.7461190e+01  -1.2318000e+02
   4.7460289e+01  -1.2318000e+02
   4.7459388e+01  -1.2318000e+02
   4.7458487e+01  -1.2318000e+02
   4.7457586e+01  -1.2318000e+02
   4.7456685e+01  -1.2318000e+02
   4.7455784e+01  -1.2318000e+02
   4.7454883e+01  -1.2318000e+02
   4.7453982e+01  -1.2318000e+02
   4.7453081e+01  -1.2318000e+02
   4.7452180e+01  -1.2318000e+02
   4.7451279e+01  -1.2318000e+02
   4.7450378e+01  -1.2318000e+02
   4.7449477e+01  -1.2318000e+02
   4.7448576e+01  -1.2318000e+02
   4.7447675e+01  -1.2318000e+02
   4.7446774e+01  -1.2318000e+02
   4.7445873e+01  -1.2318000e+02
   4.7444972e+01  -1.2318000e+02
   4.7444071e+01  -1.2318000e+02
   4.7443170e+01  -1.2318000e+02
   4.7442269e+01  -1.2318000e+02
   4.7441368e+01  -1.2318000e+02
   4.7440467e+01  -1.2318000e+02
   4.7439566e+01  -1.2318000e+02
   4.7438665e+01  -1.2318000e+02
   4.7437764e+01  -1.2318000e+02
   4.7436863e+01  -1.2318000e+02
   4.7435962e+01  -1.2318000e+02
   4.7435061e+01  -1.2318000e+02
   4.7434160e+01  -1.2318000e+02
   4.7433259e+01  -1.2318000e+02
   4.7432358e+01  -1.2318000e+02
   4.7431457e+01  -1.2318000e+02
   4.7430556e+01  -1.2318000e+02
   4.7429655e+01  -1.2318000e+02
   4.7428754e+01  -1.2318000e+02
   4.7427853e+01  -1.2318000e+02
   4.7426952e+01  -1.2318000e+02
   4.7426051e+01  -1.2318000e+02
   4.7425150e+01  -1.2318000e+02
   4.7424249e+01  -1.2318000e+02
   4.7423348e+01  -1.2318000e+02
   4.7422447e+01  -1.2318000e+02
   4.7421546e+01  -1.2318000e+02
   4.7420645e+01  -1.2318000e+02
   4.7419744e+01  -1.2318000e+02
   4.7418843e+01  -1.2318000e+02
   4.7417942e+01  -1.2318000e+02
   4.7417041e+01  -1.2318000e+02
   4.7416140e+01  -1.2318000e+02
   4.7415239e+01  -1.2318000e+02
   4.7414338e+01  -1.2318000e+02
   4.7413437e+01  -1.2318000e+02
   4.7412536e+01  -1.2318000e+02
   4.7411635e+01  -1.2318000e+02
   4.7410734e+01  -1.2318000e+02
   4.7409833e+01  -1.2318000e+02
   4.7408932e+01  -1.2318000e+02
   4.7408031e+01  -1.2318000e+02
   4.7407130e+01  -1.2318000e+02
   4.7406229e+01  -1.2318000e+02
   4.7405328e+01  -1.2318000e+02
   4.7404427e+01  -1.2318000e+02
   4.7403526e+01  -1.2318000e+02
   4.7402625e+01  -1.2318000e+02
   4.7401724e+01  -1.2318000e+02
   4.7400823e+01  -1.2318000e+02
   4.7399922e+01  -1.2318000e+02
   4.7399021e+01  -1.2318000e+02
   4.7398120e+01  -1.2318000e+02
   4.7397219e+01  -1.2318000e+02
   4.7396318e+01  -1.2318000e+02
   4.7395417e+01  -1.2318000e+02
   4.7394516e+01  -1.2318000e+02
   4.7393615e+01  -1.2318000e+02
   4.7392714e+01  -1.2318000e+02
   4.7391813e+01  -1.2318000e+02
   4.7390912e+01  -1.2318000e+02
   4.7390011e+01  -1.2318000e+02
   4.7389110e+01  -1.2318000e+02
   4.7388209e+01  -1.2318000e+02
   4.7387308e+01  -1.2318000e+02
   4.7386407e+01  -1.2318000e+02
   4.7385506e+01  -1.2318000e+02
   4.7384605e+01  -1.2318000e+02
   4.7383704e+01  -1.2318000e+02
   4.7382803e+01  -1.2318000e+02
   4.7381902e+01  -1.2318000e+02
   4.7381001e+01  -1.2318000e+02
   4.7380100e+01  -1.2318000e+02
   4.7379199e+01  -1.2318000e+02
   4.7378298e+01  -1.2318000e+02
   4.7377397e+01  -1.2318000e+02
   4.7376496e+01  -1.2318000e+02
   4.7375595e+01  -1.2318000e+02
   4.7374694e+01  -1.2318000e+02
   4.7373793e+01  -1.2318000e+02
   4.7372892e+01  -1.2318000e+02
   4.7371991e+01  -1.2318000e+02
   4.7371090e+01  -1.2318000e+02
   4.7370189e+01  -1.2318000e+02
   4.7369288e+01  -1.2318000e+02
   4.7368387e+01  -1.2318000e+02
   4.7367486e+01  -1.2318000e+02
   4.7366585e+01  -1.2318000e+02
   4.7365684e+01  -1.2318000e+02
   4.7364783e+01  -1.2318000e+02
   4.7363882e+01  -1.2318000e+02
   4.7362981e+01  -1.2318000e+02
   4.7362080e+01  -1.2318000e+02
   4.7361179e+01  -1.2318000e+02
   4.7360278e+01  -1.2318000e+02
   4.7359377e+01  -1.2318000e+02
   4.7358476e+01  -1.2318000e+02
   4.7357575e+01  -1.2318000e+02
   4.7356674e+01  -1.2318000e+02
   4.7355773e+01  -1.2318000e+02
   4.7354872e+01  -1.2318000e+02
   4.7353971e+01  -1.2318000e+02
   4.7353070e+01  -1.2318000e+02
   4.7352169e+01  -1.2318000e+02
   4.7351268e+01  -1.2318000e+02
   4.7350367e+01  -1.2318000e+02
   4.7349466e+01  -1.2318000e+02
   4.7348565e+01  -1.2318000e+02
   4.7347664e+01  -1.2318000e+02
   4.7346763e+01  -1.2318000e+02
   4.7345862e+01  -1.2318000e+02
   4.7344961e+01  -1.2318000e+02
   4.7344060e+01  -1.2318000e+02
   4.7343159e+01  -1.2318000e+02
   4.7342258e+01  -1.2318000e+02
   4.7341357e+01  -1.2318000e+02
   4.7340456e+01  -1.2318000e+02
   4.7339555e+01  -1.2318000e+02
   4.7338654e+01  -1.2318000e+02
   4.7337753e+01  -1.2318000e+02
   4.7336852e+01  -1.2318000e+02
   4.7335951e+01  -1.2318000e+02
   4.7335050e+01  -1.2318000e+02
   4.7334149e+01  -1.2318000e+02
   4.7333248e+01  -1.2318000e+02
   4.7332347e+01  -1.2318000e+02
   4.7331446e+01  -1.2318000e+02
   4.7330545e+01  -1.2318000e+02
   4.7329644e+01  -1.2318000e+02
   4.7328743e+01  -1.2318000e+02
   4.7327842e+01  -1.2318000e+02
   4.7326941e+01  -1.2318000e+02
   4.7326040e+01  -1.2318000e+02
   4.7325139e+01  -1.2318000e+02
   4.7324238e+01  -1.2318000e+02
   4.7323337e+01  -1.2318000e+02
   4.7322436e+01  -1.2318000e+02
   4.7321535e+01  -1.2318000e+02
   4.7320634e+01  -1.2318000e+02
   4.7319733e+01  -1.2318000e+02
   4.7318832e+01  -1.2318000e+02
   4.7317931e+01  -1.2318000e+02
   4.7317030e+01  -1.2318000e+02
   4.7316129e+01  -1.2318000e+02
   4.7315228e+01  -1.2318000e+02
   4.7314327e+01  -1.2318000e+02
   4.7313426e+01  -1.2318000e+02
   4.7312525e+01  -1.2318000e+02
   4.7311624e+01  -1.2318000e+02
   4.7310723e+01  -1.2318000e+02
   4.7309822e+01  -1.2318000e+02
   4.7308921e+01  -1.2318000e+02
   4.7308020e+01  -1.2318000e+02
   4.7307119e+01  -1.2318000e+02
   4.7306218e+01  -1.2318000e+02
   4.7305317e+01  -1.2318000e+02
   4.7304416e+01  -1.2318000e+02
   4.7303515e+01  -1.2318000e+02
   4.7302614e+01  -1.2318000e+02
   4.7301713e+01  -1.2318000e+02
   4.7300812e+01  -1.2318000e+02
   4.7299911e+01  -1.2318000e+02
   4.7299010e+01  -1.2318000e+02
   4.7298109e+01  -1.2318000e+02
   4.7297208e+01  -1.2318000e+02
   4.7296307e+01  -1.2318000e+02
   4.7295406e+01  -1.2318000e+02
   4.7294505e+01  -1.2318000e+02
   4.7293604e+01  -1.2318000e+02
   4.7292703e+01  -1.2318000e+02
   4.7291802e+01  -1.2318000e+02
   4.7290901e+01  -1.2318000e+02
   4.7290000e+01  -1.2318000e+02
