223
   1.5957356e+01   1.4293716e+02
   1.5939330e+01   1.4293716e+02
   1.5921303e+01   1.4293716e+02
   1.5903276e+01   1.4293716e+02
   1.5885249e+01   1.4293716e+02
   1.5867223e+01   1.4293716e+02
   1.5849196e+01   1.4293716e+02
   1.5831169e+01   1.4293716e+02
   1.5813143e+01   1.4293716e+02
   1.5795115e+01   1.4293716e+02
   1.5777089e+01   1.4293716e+02
   1.5759062e+01   1.4293716e+02
   1.5741035e+01   1.4293716e+02
   1.5723009e+01   1.4293716e+02
   1.5704982e+01   1.4293716e+02
   1.5686955e+01   1.4293716e+02
   1.5668928e+01   1.4293716e+02
   1.5650902e+01   1.4293716e+02
   1.5632875e+01   1.4293716e+02
   1.5614848e+01   1.4293716e+02
   1.5596822e+01   1.4293716e+02
   1.5578794e+01   1.4293716e+02
   1.5560768e+01   1.4293716e+02
   1.5542741e+01   1.4293716e+02
   1.5524714e+01   1.4293716e+02
   1.5506688e+01   1.4293716e+02
   1.5488661e+01   1.4293716e+02
   1.5470634e+01   1.4293716e+02
   1.5452607e+01   1.4293716e+02
   1.5434581e+01   1.4293716e+02
   1.5416554e+01   1.4293716e+02
   1.5398527e+01   1.4293716e+02
   1.5380501e+01   1.4293716e+02
   1.5362473e+01   1.4293716e+02
   1.5344447e+01   1.4293716e+02
   1.5326420e+01   1.4293716e+02
   1.5308393e+01   1.4293716e+02
   1.5290367e+01   1.4293716e+02
   1.5272340e+01   1.4293716e+02
   1.5254313e+01   1.4293716e+02
   1.5236286e+01   1.4293716e+02
   1.5218260e+01   1.4293716e+02
   1.5200233e+01   1.4293716e+02
   1.5182206e+01   1.4293716e+02
   1.5164180e+01   1.4293716e+02
   1.5146152e+01   1.4293716e+02
   1.5128126e+01   1.4293716e+02
   1.5110099e+01   1.4293716e+02
   1.5092072e+01   1.4293716e+02
   1.5074046e+01   1.4293716e+02
   1.5056019e+01   1.4293716e+02
   1.5037992e+01   1.4293716e+02
   1.5019965e+01   1.4293716e+02
   1.5001939e+01   1.4293716e+02
   1.4983912e+01   1.4293716e+02
   1.4965885e+01   1.4293716e+02
   1.4947859e+01   1.4293716e+02
   1.4929832e+01   1.4293716e+02
   1.4911805e+01   1.4293716e+02
   1.4893778e+01   1.4293716e+02
   1.4875751e+01   1.4293716e+02
   1.4857725e+01   1.4293716e+02
   1.4839698e+01   1.4293716e+02
   1.4821671e+01   1.4293716e+02
   1.4803644e+01   1.4293716e+02
   1.4785618e+01   1.4293716e+02
   1.4767591e+01   1.4293716e+02
   1.4749564e+01   1.4293716e+02
   1.4731538e+01   1.4293716e+02
   1.4713511e+01   1.4293716e+02
   1.4695484e+01   1.4293716e+02
   1.4677457e+01   1.4293716e+02
   1.4659431e+01   1.4293716e+02
   1.4641404e+01   1.4293716e+02
   1.4623377e+01   1.4293716e+02
   1.4605350e+01   1.4293716e+02
   1.4587323e+01   1.4293716e+02
   1.4569297e+01   1.4293716e+02
   1.4551270e+01   1.4293716e+02
   1.4533243e+01   1.4293716e+02
   1.4515217e+01   1.4293716e+02
   1.4497190e+01   1.4293716e+02
   1.4479163e+01   1.4293716e+02
   1.4461136e+01   1.4293716e+02
   1.4443110e+01   1.4293716e+02
   1.4425083e+01   1.4293716e+02
   1.4407056e+01   1.4293716e+02
   1.4389030e+01   1.4293716e+02
   1.4371002e+01   1.4293716e+02
   1.4352976e+01   1.4293716e+02
   1.4334949e+01   1.4293716e+02
   1.4316922e+01   1.4293716e+02
   1.4298896e+01   1.4293716e+02
   1.4280869e+01   1.4293716e+02
   1.4262842e+01   1.4293716e+02
   1.4244815e+01   1.4293716e+02
   1.4226789e+01   1.4293716e+02
   1.4208761e+01   1.4293716e+02
   1.4190735e+01   1.4293716e+02
   1.4172709e+01   1.4293716e+02
   1.4154681e+01   1.4293716e+02
   1.4136655e+01   1.4293716e+02
   1.4118628e+01   1.4293716e+02
   1.4100601e+01   1.4293716e+02
   1.4082575e+01   1.4293716e+02
   1.4064548e+01   1.4293716e+02
   1.4046521e+01   1.4293716e+02
   1.4028494e+01   1.4293716e+02
   1.4010468e+01   1.4293716e+02
   1.3992440e+01   1.4293716e+02
   1.3974414e+01   1.4293716e+02
   1.3956388e+01   1.4293716e+02
   1.3938360e+01   1.4293716e+02
   1.3920334e+01   1.4293716e+02
   1.3902307e+01   1.4293716e+02
   1.3884280e+01   1.4293716e+02
   1.3866254e+01   1.4293716e+02
   1.3848227e+01   1.4293716e+02
   1.3830200e+01   1.4293716e+02
   1.3812173e+01   1.4293716e+02
   1.3794147e+01   1.4293716e+02
   1.3776119e+01   1.4293716e+02
   1.3758093e+01   1.4293716e+02
   1.3740067e+01   1.4293716e+02
   1.3722039e+01   1.4293716e+02
   1.3704013e+01   1.4293716e+02
   1.3685986e+01   1.4293716e+02
   1.3667959e+01   1.4293716e+02
   1.3649933e+01   1.4293716e+02
   1.3631906e+01   1.4293716e+02
   1.3613879e+01   1.4293716e+02
   1.3595852e+01   1.4293716e+02
   1.3577826e+01   1.4293716e+02
   1.3559798e+01   1.4293716e+02
   1.3541772e+01   1.4293716e+02
   1.3523746e+01   1.4293716e+02
   1.3505718e+01   1.4293716e+02
   1.3487692e+01   1.4293716e+02
   1.3469665e+01   1.4293716e+02
   1.3451638e+01   1.4293716e+02
   1.3433611e+01   1.4293716e+02
   1.3415585e+01   1.4293716e+02
   1.3397558e+01   1.4293716e+02
   1.3379531e+01   1.4293716e+02
   1.3361505e+01   1.4293716e+02
   1.3343477e+01   1.4293716e+02
   1.3325451e+01   1.4293716e+02
   1.3307425e+01   1.4293716e+02
   1.3289397e+01   1.4293716e+02
   1.3271371e+01   1.4293716e+02
   1.3253344e+01   1.4293716e+02
   1.3235317e+01   1.4293716e+02
   1.3217290e+01   1.4293716e+02
   1.3199264e+01   1.4293716e+02
   1.3181237e+01   1.4293716e+02
   1.3163210e+01   1.4293716e+02
   1.3145184e+01   1.4293716e+02
   1.3127156e+01   1.4293716e+02
   1.3109130e+01   1.4293716e+02
   1.3091104e+01   1.4293716e+02
   1.3073076e+01   1.4293716e+02
   1.3055050e+01   1.4293716e+02
   1.3037023e+01   1.4293716e+02
   1.3018996e+01   1.4293716e+02
   1.3000969e+01   1.4293716e+02
   1.2982943e+01   1.4293716e+02
   1.2964916e+01   1.4293716e+02
   1.2946889e+01   1.4293716e+02
   1.2928863e+01   1.4293716e+02
   1.2910835e+01   1.4293716e+02
   1.2892809e+01   1.4293716e+02
   1.2874783e+01   1.4293716e+02
   1.2856755e+01   1.4293716e+02
   1.2838729e+01   1.4293716e+02
   1.2820702e+01   1.4293716e+02
   1.2802675e+01   1.4293716e+02
   1.2784648e+01   1.4293716e+02
   1.2766622e+01   1.4293716e+02
   1.2748595e+01   1.4293716e+02
   1.2730568e+01   1.4293716e+02
   1.2712542e+01   1.4293716e+02
   1.2694514e+01   1.4293716e+02
   1.2676488e+01   1.4293716e+02
   1.2658462e+01   1.4293716e+02
   1.2640434e+01   1.4293716e+02
   1.2622408e+01   1.4293716e+02
   1.2604381e+01   1.4293716e+02
   1.2586354e+01   1.4293716e+02
   1.2568327e+01   1.4293716e+02
   1.2550301e+01   1.4293716e+02
   1.2532274e+01   1.4293716e+02
   1.2514247e+01   1.4293716e+02
   1.2496221e+01   1.4293716e+02
   1.2478193e+01   1.4293716e+02
   1.2460167e+01   1.4293716e+02
   1.2442140e+01   1.4293716e+02
   1.2424113e+01   1.4293716e+02
   1.2406087e+01   1.4293716e+02
   1.2388060e+01   1.4293716e+02
   1.2370033e+01   1.4293716e+02
   1.2352006e+01   1.4293716e+02
   1.2333980e+01   1.4293716e+02
   1.2315953e+01   1.4293716e+02
   1.2297926e+01   1.4293716e+02
   1.2279900e+01   1.4293716e+02
   1.2261872e+01   1.4293716e+02
   1.2243846e+01   1.4293716e+02
   1.2225819e+01   1.4293716e+02
   1.2207792e+01   1.4293716e+02
   1.2189766e+01   1.4293716e+02
   1.2171739e+01   1.4293716e+02
   1.2153712e+01   1.4293716e+02
   1.2135685e+01   1.4293716e+02
   1.2117659e+01   1.4293716e+02
   1.2099632e+01   1.4293716e+02
   1.2081605e+01   1.4293716e+02
   1.2063579e+01   1.4293716e+02
   1.2045551e+01   1.4293716e+02
   1.2027525e+01   1.4293716e+02
   1.2009498e+01   1.4293716e+02
   1.1991471e+01   1.4293716e+02
   1.1973445e+01   1.4293716e+02
   1.1955418e+01   1.4293716e+02
219
   1.1955418e+01   1.4293716e+02
   1.1955418e+01   1.4295560e+02
   1.1955418e+01   1.4297401e+02
   1.1955418e+01   1.4299245e+02
   1.1955418e+01   1.4301086e+02
   1.1955418e+01   1.4302930e+02
   1.1955418e+01   1.4304771e+02
   1.1955418e+01   1.4306615e+02
   1.1955418e+01   1.4308456e+02
   1.1955418e+01   1.4310300e+02
   1.1955418e+01   1.4312141e+02
   1.1955418e+01   1.4313985e+02
   1.1955418e+01   1.4315826e+02
   1.1955418e+01   1.4317670e+02
   1.1955418e+01   1.4319511e+02
   1.1955418e+01   1.4321355e+02
   1.1955418e+01   1.4323196e+02
   1.1955418e+01   1.4325040e+02
   1.1955418e+01   1.4326881e+02
   1.1955418e+01   1.4328725e+02
   1.1955418e+01   1.4330566e+02
   1.1955418e+01   1.4332410e+02
   1.1955418e+01   1.4334253e+02
   1.1955418e+01   1.4336095e+02
   1.1955418e+01   1.4337938e+02
   1.1955418e+01   1.4339780e+02
   1.1955418e+01   1.4341623e+02
   1.1955418e+01   1.4343465e+02
   1.1955418e+01   1.4345308e+02
   1.1955418e+01   1.4347150e+02
   1.1955418e+01   1.4348993e+02
   1.1955418e+01   1.4350835e+02
   1.1955418e+01   1.4352678e+02
   1.1955418e+01   1.4354520e+02
   1.1955418e+01   1.4356363e+02
   1.1955418e+01   1.4358205e+02
   1.1955418e+01   1.4360048e+02
   1.1955418e+01   1.4361890e+02
   1.1955418e+01   1.4363733e+02
   1.1955418e+01   1.4365575e+02
   1.1955418e+01   1.4367418e+02
   1.1955418e+01   1.4369260e+02
   1.1955418e+01   1.4371103e+02
   1.1955418e+01   1.4372945e+02
   1.1955418e+01   1.4374788e+02
   1.1955418e+01   1.4376630e+02
   1.1955418e+01   1.4378473e+02
   1.1955418e+01   1.4380315e+02
   1.1955418e+01   1.4382158e+02
   1.1955418e+01   1.4384000e+02
   1.1955418e+01   1.4385843e+02
   1.1955418e+01   1.4387685e+02
   1.1955418e+01   1.4389528e+02
   1.1955418e+01   1.4391371e+02
   1.1955418e+01   1.4393213e+02
   1.1955418e+01   1.4395056e+02
   1.1955418e+01   1.4396898e+02
   1.1955418e+01   1.4398741e+02
   1.1955418e+01   1.4400583e+02
   1.1955418e+01   1.4402426e+02
   1.1955418e+01   1.4404268e+02
   1.1955418e+01   1.4406111e+02
   1.1955418e+01   1.4407953e+02
   1.1955418e+01   1.4409796e+02
   1.1955418e+01   1.4411638e+02
   1.1955418e+01   1.4413481e+02
   1.1955418e+01   1.4415323e+02
   1.1955418e+01   1.4417166e+02
   1.1955418e+01   1.4419008e+02
   1.1955418e+01   1.4420851e+02
   1.1955418e+01   1.4422693e+02
   1.1955418e+01   1.4424536e+02
   1.1955418e+01   1.4426378e+02
   1.1955418e+01   1.4428221e+02
   1.1955418e+01   1.4430063e+02
   1.1955418e+01   1.4431906e+02
   1.1955418e+01   1.4433748e+02
   1.1955418e+01   1.4435591e+02
   1.1955418e+01   1.4437433e+02
   1.1955418e+01   1.4439276e+02
   1.1955418e+01   1.4441118e+02
   1.1955418e+01   1.4442961e+02
   1.1955418e+01   1.4444803e+02
   1.1955418e+01   1.4446646e+02
   1.1955418e+01   1.4448488e+02
   1.1955418e+01   1.4450331e+02
   1.1955418e+01   1.4452174e+02
   1.1955418e+01   1.4454016e+02
   1.1955418e+01   1.4455859e+02
   1.1955418e+01   1.4457701e+02
   1.1955418e+01   1.4459544e+02
   1.1955418e+01   1.4461386e+02
   1.1955418e+01   1.4463229e+02
   1.1955418e+01   1.4465071e+02
   1.1955418e+01   1.4466914e+02
   1.1955418e+01   1.4468756e+02
   1.1955418e+01   1.4470599e+02
   1.1955418e+01   1.4472441e+02
   1.1955418e+01   1.4474284e+02
   1.1955418e+01   1.4476126e+02
   1.1955418e+01   1.4477969e+02
   1.1955418e+01   1.4479811e+02
   1.1955418e+01   1.4481654e+02
   1.1955418e+01   1.4483496e+02
   1.1955418e+01   1.4485339e+02
   1.1955418e+01   1.4487181e+02
   1.1955418e+01   1.4489024e+02
   1.1955418e+01   1.4490866e+02
   1.1955418e+01   1.4492709e+02
   1.1955418e+01   1.4494551e+02
   1.1955418e+01   1.4496394e+02
   1.1955418e+01   1.4498236e+02
   1.1955418e+01   1.4500079e+02
   1.1955418e+01   1.4501921e+02
   1.1955418e+01   1.4503764e+02
   1.1955418e+01   1.4505606e+02
   1.1955418e+01   1.4507449e+02
   1.1955418e+01   1.4509291e+02
   1.1955418e+01   1.4511134e+02
   1.1955418e+01   1.4512978e+02
   1.1955418e+01   1.4514819e+02
   1.1955418e+01   1.4516663e+02
   1.1955418e+01   1.4518504e+02
   1.1955418e+01   1.4520348e+02
   1.1955418e+01   1.4522189e+02
   1.1955418e+01   1.4524033e+02
   1.1955418e+01   1.4525874e+02
   1.1955418e+01   1.4527718e+02
   1.1955418e+01   1.4529559e+02
   1.1955418e+01   1.4531403e+02
   1.1955418e+01   1.4533244e+02
   1.1955418e+01   1.4535088e+02
   1.1955418e+01   1.4536929e+02
   1.1955418e+01   1.4538773e+02
   1.1955418e+01   1.4540614e+02
   1.1955418e+01   1.4542458e+02
   1.1955418e+01   1.4544299e+02
   1.1955418e+01   1.4546143e+02
   1.1955418e+01   1.4547984e+02
   1.1955418e+01   1.4549828e+02
   1.1955418e+01   1.4551669e+02
   1.1955418e+01   1.4553513e+02
   1.1955418e+01   1.4555354e+02
   1.1955418e+01   1.4557198e+02
   1.1955418e+01   1.4559039e+02
   1.1955418e+01   1.4560883e+02
   1.1955418e+01   1.4562724e+02
   1.1955418e+01   1.4564568e+02
   1.1955418e+01   1.4566409e+02
   1.1955418e+01   1.4568253e+02
   1.1955418e+01   1.4570094e+02
   1.1955418e+01   1.4571938e+02
   1.1955418e+01   1.4573781e+02
   1.1955418e+01   1.4575623e+02
   1.1955418e+01   1.4577466e+02
   1.1955418e+01   1.4579308e+02
   1.1955418e+01   1.4581151e+02
   1.1955418e+01   1.4582993e+02
   1.1955418e+01   1.4584836e+02
   1.1955418e+01   1.4586678e+02
   1.1955418e+01   1.4588521e+02
   1.1955418e+01   1.4590363e+02
   1.1955418e+01   1.4592206e+02
   1.1955418e+01   1.4594048e+02
   1.1955418e+01   1.4595891e+02
   1.1955418e+01   1.4597733e+02
   1.1955418e+01   1.4599576e+02
   1.1955418e+01   1.4601418e+02
   1.1955418e+01   1.4603261e+02
   1.1955418e+01   1.4605103e+02
   1.1955418e+01   1.4606946e+02
   1.1955418e+01   1.4608788e+02
   1.1955418e+01   1.4610631e+02
   1.1955418e+01   1.4612473e+02
   1.1955418e+01   1.4614316e+02
   1.1955418e+01   1.4616158e+02
   1.1955418e+01   1.4618001e+02
   1.1955418e+01   1.4619843e+02
   1.1955418e+01   1.4621686e+02
   1.1955418e+01   1.4623528e+02
   1.1955418e+01   1.4625371e+02
   1.1955418e+01   1.4627213e+02
   1.1955418e+01   1.4629056e+02
   1.1955418e+01   1.4630898e+02
   1.1955418e+01   1.4632741e+02
   1.1955418e+01   1.4634584e+02
   1.1955418e+01   1.4636426e+02
   1.1955418e+01   1.4638269e+02
   1.1955418e+01   1.4640111e+02
   1.1955418e+01   1.4641954e+02
   1.1955418e+01   1.4643796e+02
   1.1955418e+01   1.4645639e+02
   1.1955418e+01   1.4647481e+02
   1.1955418e+01   1.4649324e+02
   1.1955418e+01   1.4651166e+02
   1.1955418e+01   1.4653009e+02
   1.1955418e+01   1.4654851e+02
   1.1955418e+01   1.4656694e+02
   1.1955418e+01   1.4658536e+02
   1.1955418e+01   1.4660379e+02
   1.1955418e+01   1.4662221e+02
   1.1955418e+01   1.4664064e+02
   1.1955418e+01   1.4665906e+02
   1.1955418e+01   1.4667749e+02
   1.1955418e+01   1.4669591e+02
   1.1955418e+01   1.4671434e+02
   1.1955418e+01   1.4673276e+02
   1.1955418e+01   1.4675119e+02
   1.1955418e+01   1.4676961e+02
   1.1955418e+01   1.4678804e+02
   1.1955418e+01   1.4680646e+02
   1.1955418e+01   1.4682489e+02
   1.1955418e+01   1.4684331e+02
   1.1955418e+01   1.4686174e+02
   1.1955418e+01   1.4688016e+02
   1.1955418e+01   1.4689859e+02
   1.1955418e+01   1.4691701e+02
   1.1955418e+01   1.4693544e+02
   1.1955418e+01   1.4695387e+02
223
   1.1955418e+01   1.4695387e+02
   1.1973445e+01   1.4695387e+02
   1.1991471e+01   1.4695387e+02
   1.2009498e+01   1.4695387e+02
   1.2027525e+01   1.4695387e+02
   1.2045551e+01   1.4695387e+02
   1.2063579e+01   1.4695387e+02
   1.2081605e+01   1.4695387e+02
   1.2099632e+01   1.4695387e+02
   1.2117659e+01   1.4695387e+02
   1.2135685e+01   1.4695387e+02
   1.2153712e+01   1.4695387e+02
   1.2171739e+01   1.4695387e+02
   1.2189766e+01   1.4695387e+02
   1.2207792e+01   1.4695387e+02
   1.2225819e+01   1.4695387e+02
   1.2243846e+01   1.4695387e+02
   1.2261872e+01   1.4695387e+02
   1.2279900e+01   1.4695387e+02
   1.2297926e+01   1.4695387e+02
   1.2315953e+01   1.4695387e+02
   1.2333980e+01   1.4695387e+02
   1.2352006e+01   1.4695387e+02
   1.2370033e+01   1.4695387e+02
   1.2388060e+01   1.4695387e+02
   1.2406087e+01   1.4695387e+02
   1.2424113e+01   1.4695387e+02
   1.2442140e+01   1.4695387e+02
   1.2460167e+01   1.4695387e+02
   1.2478193e+01   1.4695387e+02
   1.2496221e+01   1.4695387e+02
   1.2514247e+01   1.4695387e+02
   1.2532274e+01   1.4695387e+02
   1.2550301e+01   1.4695387e+02
   1.2568327e+01   1.4695387e+02
   1.2586354e+01   1.4695387e+02
   1.2604381e+01   1.4695387e+02
   1.2622408e+01   1.4695387e+02
   1.2640434e+01   1.4695387e+02
   1.2658462e+01   1.4695387e+02
   1.2676488e+01   1.4695387e+02
   1.2694514e+01   1.4695387e+02
   1.2712542e+01   1.4695387e+02
   1.2730568e+01   1.4695387e+02
   1.2748595e+01   1.4695387e+02
   1.2766622e+01   1.4695387e+02
   1.2784648e+01   1.4695387e+02
   1.2802675e+01   1.4695387e+02
   1.2820702e+01   1.4695387e+02
   1.2838729e+01   1.4695387e+02
   1.2856755e+01   1.4695387e+02
   1.2874783e+01   1.4695387e+02
   1.2892809e+01   1.4695387e+02
   1.2910835e+01   1.4695387e+02
   1.2928863e+01   1.4695387e+02
   1.2946889e+01   1.4695387e+02
   1.2964916e+01   1.4695387e+02
   1.2982943e+01   1.4695387e+02
   1.3000969e+01   1.4695387e+02
   1.3018996e+01   1.4695387e+02
   1.3037023e+01   1.4695387e+02
   1.3055050e+01   1.4695387e+02
   1.3073076e+01   1.4695387e+02
   1.3091104e+01   1.4695387e+02
   1.3109130e+01   1.4695387e+02
   1.3127156e+01   1.4695387e+02
   1.3145184e+01   1.4695387e+02
   1.3163210e+01   1.4695387e+02
   1.3181237e+01   1.4695387e+02
   1.3199264e+01   1.4695387e+02
   1.3217290e+01   1.4695387e+02
   1.3235317e+01   1.4695387e+02
   1.3253344e+01   1.4695387e+02
   1.3271371e+01   1.4695387e+02
   1.3289397e+01   1.4695387e+02
   1.3307425e+01   1.4695387e+02
   1.3325451e+01   1.4695387e+02
   1.3343477e+01   1.4695387e+02
   1.3361505e+01   1.4695387e+02
   1.3379531e+01   1.4695387e+02
   1.3397558e+01   1.4695387e+02
   1.3415585e+01   1.4695387e+02
   1.3433611e+01   1.4695387e+02
   1.3451638e+01   1.4695387e+02
   1.3469665e+01   1.4695387e+02
   1.3487692e+01   1.4695387e+02
   1.3505718e+01   1.4695387e+02
   1.3523746e+01   1.4695387e+02
   1.3541772e+01   1.4695387e+02
   1.3559798e+01   1.4695387e+02
   1.3577826e+01   1.4695387e+02
   1.3595852e+01   1.4695387e+02
   1.3613879e+01   1.4695387e+02
   1.3631906e+01   1.4695387e+02
   1.3649933e+01   1.4695387e+02
   1.3667959e+01   1.4695387e+02
   1.3685986e+01   1.4695387e+02
   1.3704013e+01   1.4695387e+02
   1.3722039e+01   1.4695387e+02
   1.3740067e+01   1.4695387e+02
   1.3758093e+01   1.4695387e+02
   1.3776119e+01   1.4695387e+02
   1.3794147e+01   1.4695387e+02
   1.3812173e+01   1.4695387e+02
   1.3830200e+01   1.4695387e+02
   1.3848227e+01   1.4695387e+02
   1.3866254e+01   1.4695387e+02
   1.3884280e+01   1.4695387e+02
   1.3902307e+01   1.4695387e+02
   1.3920334e+01   1.4695387e+02
   1.3938360e+01   1.4695387e+02
   1.3956388e+01   1.4695387e+02
   1.3974414e+01   1.4695387e+02
   1.3992440e+01   1.4695387e+02
   1.4010468e+01   1.4695387e+02
   1.4028494e+01   1.4695387e+02
   1.4046521e+01   1.4695387e+02
   1.4064548e+01   1.4695387e+02
   1.4082575e+01   1.4695387e+02
   1.4100601e+01   1.4695387e+02
   1.4118628e+01   1.4695387e+02
   1.4136655e+01   1.4695387e+02
   1.4154681e+01   1.4695387e+02
   1.4172709e+01   1.4695387e+02
   1.4190735e+01   1.4695387e+02
   1.4208761e+01   1.4695387e+02
   1.4226789e+01   1.4695387e+02
   1.4244815e+01   1.4695387e+02
   1.4262842e+01   1.4695387e+02
   1.4280869e+01   1.4695387e+02
   1.4298896e+01   1.4695387e+02
   1.4316922e+01   1.4695387e+02
   1.4334949e+01   1.4695387e+02
   1.4352976e+01   1.4695387e+02
   1.4371002e+01   1.4695387e+02
   1.4389030e+01   1.4695387e+02
   1.4407056e+01   1.4695387e+02
   1.4425083e+01   1.4695387e+02
   1.4443110e+01   1.4695387e+02
   1.4461136e+01   1.4695387e+02
   1.4479163e+01   1.4695387e+02
   1.4497190e+01   1.4695387e+02
   1.4515217e+01   1.4695387e+02
   1.4533243e+01   1.4695387e+02
   1.4551270e+01   1.4695387e+02
   1.4569297e+01   1.4695387e+02
   1.4587323e+01   1.4695387e+02
   1.4605350e+01   1.4695387e+02
   1.4623377e+01   1.4695387e+02
   1.4641404e+01   1.4695387e+02
   1.4659431e+01   1.4695387e+02
   1.4677457e+01   1.4695387e+02
   1.4695484e+01   1.4695387e+02
   1.4713511e+01   1.4695387e+02
   1.4731538e+01   1.4695387e+02
   1.4749564e+01   1.4695387e+02
   1.4767591e+01   1.4695387e+02
   1.4785618e+01   1.4695387e+02
   1.4803644e+01   1.4695387e+02
   1.4821671e+01   1.4695387e+02
   1.4839698e+01   1.4695387e+02
   1.4857725e+01   1.4695387e+02
   1.4875751e+01   1.4695387e+02
   1.4893778e+01   1.4695387e+02
   1.4911805e+01   1.4695387e+02
   1.4929832e+01   1.4695387e+02
   1.4947859e+01   1.4695387e+02
   1.4965885e+01   1.4695387e+02
   1.4983912e+01   1.4695387e+02
   1.5001939e+01   1.4695387e+02
   1.5019965e+01   1.4695387e+02
   1.5037992e+01   1.4695387e+02
   1.5056019e+01   1.4695387e+02
   1.5074046e+01   1.4695387e+02
   1.5092072e+01   1.4695387e+02
   1.5110099e+01   1.4695387e+02
   1.5128126e+01   1.4695387e+02
   1.5146152e+01   1.4695387e+02
   1.5164180e+01   1.4695387e+02
   1.5182206e+01   1.4695387e+02
   1.5200233e+01   1.4695387e+02
   1.5218260e+01   1.4695387e+02
   1.5236286e+01   1.4695387e+02
   1.5254313e+01   1.4695387e+02
   1.5272340e+01   1.4695387e+02
   1.5290367e+01   1.4695387e+02
   1.5308393e+01   1.4695387e+02
   1.5326420e+01   1.4695387e+02
   1.5344447e+01   1.4695387e+02
   1.5362473e+01   1.4695387e+02
   1.5380501e+01   1.4695387e+02
   1.5398527e+01   1.4695387e+02
   1.5416554e+01   1.4695387e+02
   1.5434581e+01   1.4695387e+02
   1.5452607e+01   1.4695387e+02
   1.5470634e+01   1.4695387e+02
   1.5488661e+01   1.4695387e+02
   1.5506688e+01   1.4695387e+02
   1.5524714e+01   1.4695387e+02
   1.5542741e+01   1.4695387e+02
   1.5560768e+01   1.4695387e+02
   1.5578794e+01   1.4695387e+02
   1.5596822e+01   1.4695387e+02
   1.5614848e+01   1.4695387e+02
   1.5632875e+01   1.4695387e+02
   1.5650902e+01   1.4695387e+02
   1.5668928e+01   1.4695387e+02
   1.5686955e+01   1.4695387e+02
   1.5704982e+01   1.4695387e+02
   1.5723009e+01   1.4695387e+02
   1.5741035e+01   1.4695387e+02
   1.5759062e+01   1.4695387e+02
   1.5777089e+01   1.4695387e+02
   1.5795115e+01   1.4695387e+02
   1.5813143e+01   1.4695387e+02
   1.5831169e+01   1.4695387e+02
   1.5849196e+01   1.4695387e+02
   1.5867223e+01   1.4695387e+02
   1.5885249e+01   1.4695387e+02
   1.5903276e+01   1.4695387e+02
   1.5921303e+01   1.4695387e+02
   1.5939330e+01   1.4695387e+02
   1.5957356e+01   1.4695387e+02
219
   1.5957356e+01   1.4695387e+02
   1.5957356e+01   1.4693544e+02
   1.5957356e+01   1.4691701e+02
   1.5957356e+01   1.4689859e+02
   1.5957356e+01   1.4688016e+02
   1.5957356e+01   1.4686174e+02
   1.5957356e+01   1.4684331e+02
   1.5957356e+01   1.4682489e+02
   1.5957356e+01   1.4680646e+02
   1.5957356e+01   1.4678804e+02
   1.5957356e+01   1.4676961e+02
   1.5957356e+01   1.4675119e+02
   1.5957356e+01   1.4673276e+02
   1.5957356e+01   1.4671434e+02
   1.5957356e+01   1.4669591e+02
   1.5957356e+01   1.4667749e+02
   1.5957356e+01   1.4665906e+02
   1.5957356e+01   1.4664064e+02
   1.5957356e+01   1.4662221e+02
   1.5957356e+01   1.4660379e+02
   1.5957356e+01   1.4658536e+02
   1.5957356e+01   1.4656694e+02
   1.5957356e+01   1.4654851e+02
   1.5957356e+01   1.4653009e+02
   1.5957356e+01   1.4651166e+02
   1.5957356e+01   1.4649324e+02
   1.5957356e+01   1.4647481e+02
   1.5957356e+01   1.4645639e+02
   1.5957356e+01   1.4643796e+02
   1.5957356e+01   1.4641954e+02
   1.5957356e+01   1.4640111e+02
   1.5957356e+01   1.4638269e+02
   1.5957356e+01   1.4636426e+02
   1.5957356e+01   1.4634584e+02
   1.5957356e+01   1.4632741e+02
   1.5957356e+01   1.4630898e+02
   1.5957356e+01   1.4629056e+02
   1.5957356e+01   1.4627213e+02
   1.5957356e+01   1.4625371e+02
   1.5957356e+01   1.4623528e+02
   1.5957356e+01   1.4621686e+02
   1.5957356e+01   1.4619843e+02
   1.5957356e+01   1.4618001e+02
   1.5957356e+01   1.4616158e+02
   1.5957356e+01   1.4614316e+02
   1.5957356e+01   1.4612473e+02
   1.5957356e+01   1.4610631e+02
   1.5957356e+01   1.4608788e+02
   1.5957356e+01   1.4606946e+02
   1.5957356e+01   1.4605103e+02
   1.5957356e+01   1.4603261e+02
   1.5957356e+01   1.4601418e+02
   1.5957356e+01   1.4599576e+02
   1.5957356e+01   1.4597733e+02
   1.5957356e+01   1.4595891e+02
   1.5957356e+01   1.4594048e+02
   1.5957356e+01   1.4592206e+02
   1.5957356e+01   1.4590363e+02
   1.5957356e+01   1.4588521e+02
   1.5957356e+01   1.4586678e+02
   1.5957356e+01   1.4584836e+02
   1.5957356e+01   1.4582993e+02
   1.5957356e+01   1.4581151e+02
   1.5957356e+01   1.4579308e+02
   1.5957356e+01   1.4577466e+02
   1.5957356e+01   1.4575623e+02
   1.5957356e+01   1.4573781e+02
   1.5957356e+01   1.4571938e+02
   1.5957356e+01   1.4570094e+02
   1.5957356e+01   1.4568253e+02
   1.5957356e+01   1.4566409e+02
   1.5957356e+01   1.4564568e+02
   1.5957356e+01   1.4562724e+02
   1.5957356e+01   1.4560883e+02
   1.5957356e+01   1.4559039e+02
   1.5957356e+01   1.4557198e+02
   1.5957356e+01   1.4555354e+02
   1.5957356e+01   1.4553513e+02
   1.5957356e+01   1.4551669e+02
   1.5957356e+01   1.4549828e+02
   1.5957356e+01   1.4547984e+02
   1.5957356e+01   1.4546143e+02
   1.5957356e+01   1.4544299e+02
   1.5957356e+01   1.4542458e+02
   1.5957356e+01   1.4540614e+02
   1.5957356e+01   1.4538773e+02
   1.5957356e+01   1.4536929e+02
   1.5957356e+01   1.4535088e+02
   1.5957356e+01   1.4533244e+02
   1.5957356e+01   1.4531403e+02
   1.5957356e+01   1.4529559e+02
   1.5957356e+01   1.4527718e+02
   1.5957356e+01   1.4525874e+02
   1.5957356e+01   1.4524033e+02
   1.5957356e+01   1.4522189e+02
   1.5957356e+01   1.4520348e+02
   1.5957356e+01   1.4518504e+02
   1.5957356e+01   1.4516663e+02
   1.5957356e+01   1.4514819e+02
   1.5957356e+01   1.4512978e+02
   1.5957356e+01   1.4511134e+02
   1.5957356e+01   1.4509291e+02
   1.5957356e+01   1.4507449e+02
   1.5957356e+01   1.4505606e+02
   1.5957356e+01   1.4503764e+02
   1.5957356e+01   1.4501921e+02
   1.5957356e+01   1.4500079e+02
   1.5957356e+01   1.4498236e+02
   1.5957356e+01   1.4496394e+02
   1.5957356e+01   1.4494551e+02
   1.5957356e+01   1.4492709e+02
   1.5957356e+01   1.4490866e+02
   1.5957356e+01   1.4489024e+02
   1.5957356e+01   1.4487181e+02
   1.5957356e+01   1.4485339e+02
   1.5957356e+01   1.4483496e+02
   1.5957356e+01   1.4481654e+02
   1.5957356e+01   1.4479811e+02
   1.5957356e+01   1.4477969e+02
   1.5957356e+01   1.4476126e+02
   1.5957356e+01   1.4474284e+02
   1.5957356e+01   1.4472441e+02
   1.5957356e+01   1.4470599e+02
   1.5957356e+01   1.4468756e+02
   1.5957356e+01   1.4466914e+02
   1.5957356e+01   1.4465071e+02
   1.5957356e+01   1.4463229e+02
   1.5957356e+01   1.4461386e+02
   1.5957356e+01   1.4459544e+02
   1.5957356e+01   1.4457701e+02
   1.5957356e+01   1.4455859e+02
   1.5957356e+01   1.4454016e+02
   1.5957356e+01   1.4452174e+02
   1.5957356e+01   1.4450331e+02
   1.5957356e+01   1.4448488e+02
   1.5957356e+01   1.4446646e+02
   1.5957356e+01   1.4444803e+02
   1.5957356e+01   1.4442961e+02
   1.5957356e+01   1.4441118e+02
   1.5957356e+01   1.4439276e+02
   1.5957356e+01   1.4437433e+02
   1.5957356e+01   1.4435591e+02
   1.5957356e+01   1.4433748e+02
   1.5957356e+01   1.4431906e+02
   1.5957356e+01   1.4430063e+02
   1.5957356e+01   1.4428221e+02
   1.5957356e+01   1.4426378e+02
   1.5957356e+01   1.4424536e+02
   1.5957356e+01   1.4422693e+02
   1.5957356e+01   1.4420851e+02
   1.5957356e+01   1.4419008e+02
   1.5957356e+01   1.4417166e+02
   1.5957356e+01   1.4415323e+02
   1.5957356e+01   1.4413481e+02
   1.5957356e+01   1.4411638e+02
   1.5957356e+01   1.4409796e+02
   1.5957356e+01   1.4407953e+02
   1.5957356e+01   1.4406111e+02
   1.5957356e+01   1.4404268e+02
   1.5957356e+01   1.4402426e+02
   1.5957356e+01   1.4400583e+02
   1.5957356e+01   1.4398741e+02
   1.5957356e+01   1.4396898e+02
   1.5957356e+01   1.4395056e+02
   1.5957356e+01   1.4393213e+02
   1.5957356e+01   1.4391371e+02
   1.5957356e+01   1.4389528e+02
   1.5957356e+01   1.4387685e+02
   1.5957356e+01   1.4385843e+02
   1.5957356e+01   1.4384000e+02
   1.5957356e+01   1.4382158e+02
   1.5957356e+01   1.4380315e+02
   1.5957356e+01   1.4378473e+02
   1.5957356e+01   1.4376630e+02
   1.5957356e+01   1.4374788e+02
   1.5957356e+01   1.4372945e+02
   1.5957356e+01   1.4371103e+02
   1.5957356e+01   1.4369260e+02
   1.5957356e+01   1.4367418e+02
   1.5957356e+01   1.4365575e+02
   1.5957356e+01   1.4363733e+02
   1.5957356e+01   1.4361890e+02
   1.5957356e+01   1.4360048e+02
   1.5957356e+01   1.4358205e+02
   1.5957356e+01   1.4356363e+02
   1.5957356e+01   1.4354520e+02
   1.5957356e+01   1.4352678e+02
   1.5957356e+01   1.4350835e+02
   1.5957356e+01   1.4348993e+02
   1.5957356e+01   1.4347150e+02
   1.5957356e+01   1.4345308e+02
   1.5957356e+01   1.4343465e+02
   1.5957356e+01   1.4341623e+02
   1.5957356e+01   1.4339780e+02
   1.5957356e+01   1.4337938e+02
   1.5957356e+01   1.4336095e+02
   1.5957356e+01   1.4334253e+02
   1.5957356e+01   1.4332410e+02
   1.5957356e+01   1.4330566e+02
   1.5957356e+01   1.4328725e+02
   1.5957356e+01   1.4326881e+02
   1.5957356e+01   1.4325040e+02
   1.5957356e+01   1.4323196e+02
   1.5957356e+01   1.4321355e+02
   1.5957356e+01   1.4319511e+02
   1.5957356e+01   1.4317670e+02
   1.5957356e+01   1.4315826e+02
   1.5957356e+01   1.4313985e+02
   1.5957356e+01   1.4312141e+02
   1.5957356e+01   1.4310300e+02
   1.5957356e+01   1.4308456e+02
   1.5957356e+01   1.4306615e+02
   1.5957356e+01   1.4304771e+02
   1.5957356e+01   1.4302930e+02
   1.5957356e+01   1.4301086e+02
   1.5957356e+01   1.4299245e+02
   1.5957356e+01   1.4297401e+02
   1.5957356e+01   1.4295560e+02
   1.5957356e+01   1.4293716e+02
