         223
   158249.266        -226899.422    
   158236.953        -224893.719    
   158224.641        -222888.188    
   158212.328        -220882.656    
   158200.000        -218877.047    
   158187.688        -216871.547    
   158175.375        -214865.984    
   158163.047        -212860.531    
   158150.719        -210855.031    
   158138.422        -208849.609    
   158126.109        -206844.250    
   158113.781        -204838.766    
   158101.469        -202833.438    
   158089.156        -200828.016    
   158076.844        -198822.703    
   158064.516        -196817.438    
   158052.203        -194812.078    
   158039.891        -192806.828    
   158027.594        -190801.500    
   158015.281        -188796.297    
   158002.953        -186791.016    
   157990.641        -184785.844    
   157978.328        -182780.688    
   157966.016        -180775.469    
   157953.719        -178770.359    
   157941.391        -176765.141    
   157929.062        -174760.078    
   157916.766        -172755.016    
   157904.453        -170749.875    
   157892.141        -168744.859    
   157879.828        -166739.734    
   157867.516        -164734.750    
   157855.203        -162729.672    
   157842.906        -160724.688    
   157830.578        -158719.766    
   157818.266        -156714.719    
   157805.953        -154709.812    
   157793.656        -152704.812    
   157781.344        -150699.938    
   157769.031        -148694.953    
   157756.719        -146690.109    
   157744.406        -144685.266    
   157732.094        -142680.344    
   157719.797        -140675.531    
   157707.484        -138670.625    
   157695.172        -136665.859    
   157682.859        -134661.078    
   157670.578        -132656.234    
   157658.250        -130651.477    
   157645.938        -128646.656    
   157633.625        -126641.930    
   157621.328        -124637.133    
   157609.016        -122632.438    
   157596.703        -120627.766    
   157584.406        -118622.984    
   157572.094        -116618.344    
   157559.781        -114613.578    
   157547.484        -112608.953    
   157535.188        -110604.328    
   157522.875        -108599.609    
   157510.562        -106595.023    
   157498.250        -104590.328    
   157485.938        -102585.758    
   157473.641        -100581.078    
   157461.328        -98576.5156    
   157449.031        -96571.9609    
   157436.719        -94567.3281    
   157424.406        -92562.7891    
   157412.109        -90558.1641    
   157399.797        -88553.6562    
   157387.500        -86549.1562    
   157375.203        -84544.5547    
   157362.891        -82540.0781    
   157350.578        -80535.4922    
   157338.281        -78531.0156    
   157325.969        -76526.4531    
   157313.672        -74522.0000    
   157301.359        -72517.5547    
   157289.062        -70513.0078    
   157276.750        -68508.5703    
   157264.438        -66504.0469    
   157252.156        -64499.6250    
   157239.844        -62495.2148    
   157227.547        -60490.6992    
   157215.250        -58486.3047    
   157202.922        -56481.7969    
   157190.625        -54477.4102    
   157178.312        -52472.9258    
   157166.000        -50468.5469    
   157153.719        -48464.1719    
   157141.422        -46459.6953    
   157129.125        -44455.3320    
   157116.797        -42450.8672    
   157104.500        -40446.5117    
   157092.188        -38442.0547    
   157079.891        -36437.7070    
   157067.609        -34433.3633    
   157055.297        -32428.9199    
   157042.984        -30424.5820    
   157030.672        -28420.1406    
   157018.375        -26415.8105    
   157006.062        -24411.4805    
   156993.766        -22407.0488    
   156981.484        -20402.7266    
   156969.156        -18398.2969    
   156956.859        -16393.9766    
   156944.562        -14389.5518    
   156932.234        -12385.2344    
   156919.953        -10380.9180    
   156907.641        -8376.49707    
   156895.344        -6372.18311    
   156883.047        -4367.65820    
   156870.734        -2363.45117    
   156858.438        -359.138275    
   156846.125         1645.28064    
   156833.828         3649.59375    
   156821.516         5654.01270    
   156809.219         7658.32617    
   156796.922         9662.74707    
   156784.625         11667.0625    
   156772.312         13671.3789    
   156760.000         15675.8047    
   156747.703         17680.1230    
   156735.406         19684.6562    
   156723.109         21688.8730    
   156710.797         23693.1992    
   156698.484         25697.7383    
   156686.188         27701.9629    
   156673.875         29706.4004    
   156661.578         31710.7383    
   156649.281         33715.1836    
   156636.984         35719.5273    
   156624.672         37723.8750    
   156612.359         39728.3281    
   156600.062         41732.6836    
   156587.750         43737.2539    
   156575.453         45741.5117    
   156563.156         47745.9805    
   156550.844         49750.4570    
   156538.547         51754.7266    
   156526.234         53759.2148    
   156513.922         55763.7109    
   156501.625         57768.1055    
   156489.328         59772.4961    
   156477.047         61776.9023    
   156464.719         63781.4219    
   156452.422         65785.8438    
   156440.109         67790.2578    
   156427.797         69794.7969    
   156415.500         71799.3359    
   156403.203         73803.8906    
   156390.891         75808.2266    
   156378.594         77812.7969    
   156366.266         79817.3750    
   156353.969         81821.8438    
   156341.672         83826.3281    
   156329.359         85830.9219    
   156317.062         87835.4219    
   156304.750         89839.9297    
   156292.438         91844.4531    
   156280.141         93849.0703    
   156267.828         95853.7188    
   156255.531         97858.1484    
   156243.234         99862.8203    
   156230.922         101867.477    
   156218.609         103872.164    
   156206.297         105876.750    
   156194.000         107881.344    
   156181.703         109886.062    
   156169.391         111890.680    
   156157.094         113895.305    
   156144.766         115899.938    
   156132.453         117904.688    
   156120.156         119909.453    
   156107.859         121914.039    
   156095.547         123918.820    
   156083.219         125923.625    
   156070.922         127928.227    
   156058.609         129933.164    
   156046.312         131937.906    
   156034.000         133942.750    
   156021.703         135947.516    
   156009.375         137952.281    
   155997.078         139957.188    
   155984.766         141961.984    
   155972.469         143966.922    
   155960.156         145971.641    
   155947.828         147976.594    
   155935.531         149981.562    
   155923.219         151986.328    
   155910.906         153991.438    
   155898.609         155996.359    
   155886.281         158001.375    
   155873.969         160006.312    
   155861.656         162011.266    
   155849.359         164016.328    
   155837.047         166021.328    
   155824.719         168026.438    
   155812.406         170031.453    
   155800.109         172036.469    
   155787.797         174041.641    
   155775.484         176046.609    
   155763.156         178051.922    
   155750.844         180057.016    
   155738.562         182062.234    
   155726.234         184067.359    
   155713.922         186072.516    
   155701.594         188077.812    
   155689.297         190083.016    
   155676.969         192088.328    
   155664.672         194093.578    
   155652.359         196098.812    
   155640.031         198104.172    
   155627.719         200109.484    
   155615.391         202114.906    
   155603.078         204120.234    
   155590.766         206125.688    
   155578.469         208131.062    
   155566.156         210136.453    
   155553.828         212142.000    
   155541.500         214147.406    
   155529.188         216152.969    
   155516.875         218158.469    
