91 83 0.000000
92 83 0.000000
93 83 0.000000
94 83 0.000000
96 84 0.000000
100 86 0.000000
102 90 0.000000
103 93 0.000000
108 91 0.000000
109 91 0.000000
108 87 0.000000
107 86 0.000000
102 82 0.000000
101 81 0.000000
100 80 0.000000
97 71 0.000000
96 71 0.000000
92 82 0.000000
92 71 1.000000
93 71 1.000000
80 49 1.000000
80 49 0.000000
80 49 1.000000
81 48 1.000000
80 47 1.000000
76 44 1.000000
142 161 0.000000
143 160 0.000000
141 161 0.000000
147 164 0.000000
147 171 0.000000
147 170 0.000000
148 169 0.000000
148 168 0.000000
147 174 0.000000
146 174 0.000000
145 173 0.000000
145 173 1.000000
145 173 0.000000
144 172 0.000000
143 170 0.000000
143 169 0.000000
143 168 0.000000
150 174 0.000000
151 174 0.000000
149 180 0.000000
154 180 0.000000
155 181 0.000000
154 179 0.000000
153 177 0.000000
152 176 0.000000
149 179 0.000000
149 178 0.000000
