         219
   155516.875         218158.469    
   153545.203         218146.422    
   151573.547         218134.547    
   149603.500         218122.812    
   147631.844         218111.250    
   145661.781         218099.844    
   143690.109         218088.562    
   141720.078         218077.484    
   139748.406         218066.531    
   137778.359         218055.703    
   135806.688         218045.062    
   133836.656         218034.578    
   131864.984         218024.219    
   129894.945         218014.047    
   127923.266         218004.000    
   125953.211         217994.141    
   123981.539         217984.406    
   122011.492         217974.844    
   120039.805         217965.422    
   118069.773         217956.125    
   116098.070         217947.016    
   114128.031         217938.062    
   112156.344         217929.266    
   110186.305         217920.609    
   108214.617         217912.109    
   106244.578         217903.750    
   104272.891         217895.578    
   102302.836         217887.531    
   100331.156         217879.641    
   98361.0938         217871.906    
   96389.3984         217864.344    
   94419.3594         217856.906    
   92447.6719         217849.625    
   90477.6172         217842.500    
   88505.9219         217835.547    
   86534.2422         217828.734    
   84564.1797         217822.062    
   82592.5000         217815.562    
   80622.4375         217809.219    
   78650.7500         217803.000    
   76680.6875         217796.969    
   74709.0000         217791.062    
   72738.9375         217785.328    
   70767.2422         217779.766    
   68797.1875         217774.328    
   66825.4922         217769.047    
   64855.4336         217763.938    
   62883.7383         217758.938    
   60913.6836         217754.109    
   58941.9922         217749.469    
   56971.9219         217744.969    
   55000.2305         217740.594    
   53030.1641         217736.406    
   51058.4727         217732.328    
   49088.4102         217728.453    
   47116.7148         217724.703    
   45146.6523         217721.109    
   43174.9570         217717.672    
   41204.8906         217714.391    
   39233.1953         217711.266    
   37263.1328         217708.281    
   35291.4336         217705.453    
   33321.3711         217702.797    
   31349.6719         217700.266    
   29379.6074         217697.891    
   27407.9082         217695.688    
   25437.8438         217693.625    
   23466.1465         217691.734    
   21494.4492         217689.984    
   19524.3828         217688.391    
   17552.6855         217686.938    
   15582.6172         217685.656    
   13610.9219         217684.516    
   11640.8545         217683.547    
   9669.15625         217682.703    
   7699.09082         217682.031    
   5727.39258         217681.500    
   3757.32617         217681.141    
   1785.62756         217680.906    
  -184.438675         217680.859    
  -2156.13696         217680.969    
  -4126.20312         217681.188    
  -6097.90137         217681.594    
  -8067.96777         217682.125    
  -10039.6670         217682.859    
  -12009.7314         217683.703    
  -13981.4307         217684.703    
  -15951.4951         217685.891    
  -17923.1934         217687.188    
  -19893.2617         217688.672    
  -21864.9590         217690.312    
  -23835.0234         217692.078    
  -25806.7207         217694.000    
  -27776.7852         217696.094    
  -29748.4863         217698.328    
  -31718.5508         217700.719    
  -33690.2422         217703.281    
  -35660.3125         217705.969    
  -37632.0039         217708.812    
  -39602.0703         217711.844    
  -41573.7695         217714.984    
  -43545.4648         217718.312    
  -45515.5273         217721.781    
  -47487.2227         217725.391    
  -49457.2852         217729.156    
  -51428.9844         217733.109    
  -53399.0430         217737.156    
  -55370.7383         217741.406    
  -57340.8008         217745.797    
  -59312.5000         217750.328    
  -61282.5547         217755.031    
  -63254.2500         217759.875    
  -65224.3125         217764.875    
  -67196.0000         217770.031    
  -69166.0625         217775.312    
  -71137.7578         217780.797    
  -73107.8125         217786.391    
  -75079.5078         217792.172    
  -77049.5625         217798.109    
  -79021.2500         217804.172    
  -80991.3047         217810.406    
  -82963.0000         217816.781    
  -84933.0547         217823.297    
  -86904.7500         217829.984    
  -88874.8047         217836.828    
  -90846.4922         217843.844    
  -92816.5547         217850.984    
  -94788.2266         217858.297    
  -96758.2891         217865.750    
  -98729.9688         217873.359    
  -100700.023         217881.109    
  -102671.703         217889.016    
  -104641.758         217897.078    
  -106613.438         217905.328    
  -108585.133         217913.703    
  -110555.188         217922.219    
  -112526.859         217930.906    
  -114496.914         217939.734    
  -116468.586         217948.750    
  -118438.641         217957.875    
  -120410.305         217967.172    
  -122380.359         217976.609    
  -124352.039         217986.250    
  -126322.094         217995.969    
  -128293.766         218005.891    
  -130263.797         218015.938    
  -132235.469         218026.188    
  -134205.516         218036.531    
  -136177.188         218047.062    
  -138147.234         218057.734    
  -140118.906         218068.562    
  -142088.953         218079.562    
  -144060.625         218090.688    
  -146030.672         218101.969    
  -148002.344         218113.422    
  -149972.375         218125.000    
  -151944.047         218136.766    
  -153914.078         218148.641    
  -155885.734         218160.719    
  -157855.766         218172.922    
  -159827.438         218185.297    
  -161797.469         218197.812    
  -163769.141         218210.469    
  -165739.156         218223.281    
  -167710.812         218236.266    
  -169680.844         218249.406    
  -171652.500         218262.703    
  -173624.172         218276.125    
  -175594.203         218289.734    
  -177565.859         218303.469    
  -179535.875         218317.344    
  -181507.547         218331.422    
  -183477.562         218345.625    
  -185449.219         218359.969    
  -187419.219         218374.484    
  -189390.875         218389.141    
  -191360.922         218403.938    
  -193332.562         218418.953    
  -195302.547         218434.078    
  -197274.188         218449.344    
  -199244.219         218464.766    
  -201215.859         218480.344    
  -203185.875         218496.062    
  -205157.531         218511.984    
  -207127.547         218528.031    
  -209099.172         218544.219    
  -211069.188         218560.547    
  -213040.812         218577.078    
  -215010.828         218593.719    
  -216982.469         218610.547    
  -218952.469         218627.484    
  -220924.094         218644.641    
  -222894.094         218661.875    
  -224865.750         218679.328    
  -226835.734         218696.875    
  -228807.375         218714.641    
  -230777.359         218732.500    
  -232749.000         218750.547    
  -234720.625         218768.750    
  -236690.609         218787.094    
  -238662.203         218805.578    
  -240632.203         218824.219    
  -242603.844         218843.031    
  -244573.828         218861.984    
  -246545.453         218881.109    
  -248515.438         218900.375    
  -250487.031         218919.781    
  -252457.031         218939.344    
  -254428.641         218959.078    
  -256398.625         218978.953    
  -258370.250         218998.984    
  -260340.219         219019.156    
  -262311.844         219039.516    
  -264281.781         219060.016    
  -266253.406         219080.656    
  -268223.375         219101.422    
  -270195.000         219122.375    
  -272164.938         219143.469    
  -274136.531         219164.750    
