   1.5939330e+01   1.4693544e+02
   1.5939330e+01   1.4691701e+02
   1.5939330e+01   1.4689859e+02
   1.5939330e+01   1.4688016e+02
   1.5939330e+01   1.4686174e+02
   1.5939330e+01   1.4684331e+02
   1.5939330e+01   1.4682489e+02
   1.5939330e+01   1.4680646e+02
   1.5939330e+01   1.4678804e+02
   1.5939330e+01   1.4676961e+02
   1.5939330e+01   1.4675119e+02
   1.5939330e+01   1.4673276e+02
   1.5939330e+01   1.4671434e+02
   1.5939330e+01   1.4669591e+02
   1.5939330e+01   1.4667749e+02
   1.5939330e+01   1.4665906e+02
   1.5939330e+01   1.4664064e+02
   1.5939330e+01   1.4662221e+02
   1.5939330e+01   1.4660379e+02
   1.5939330e+01   1.4658536e+02
   1.5939330e+01   1.4656694e+02
   1.5939330e+01   1.4654851e+02
   1.5939330e+01   1.4653009e+02
   1.5939330e+01   1.4651166e+02
   1.5939330e+01   1.4649324e+02
   1.5939330e+01   1.4647481e+02
   1.5939330e+01   1.4645639e+02
   1.5939330e+01   1.4643796e+02
   1.5939330e+01   1.4641954e+02
   1.5939330e+01   1.4640111e+02
   1.5939330e+01   1.4638269e+02
   1.5939330e+01   1.4636426e+02
   1.5939330e+01   1.4634584e+02
   1.5939330e+01   1.4632741e+02
   1.5939330e+01   1.4630898e+02
   1.5939330e+01   1.4629056e+02
   1.5939330e+01   1.4627213e+02
   1.5939330e+01   1.4625371e+02
   1.5939330e+01   1.4623528e+02
   1.5939330e+01   1.4621686e+02
   1.5939330e+01   1.4619843e+02
   1.5939330e+01   1.4618001e+02
   1.5939330e+01   1.4616158e+02
   1.5939330e+01   1.4614316e+02
   1.5939330e+01   1.4612473e+02
   1.5939330e+01   1.4610631e+02
   1.5939330e+01   1.4608788e+02
   1.5939330e+01   1.4606946e+02
   1.5939330e+01   1.4605103e+02
   1.5939330e+01   1.4603261e+02
   1.5939330e+01   1.4601418e+02
   1.5939330e+01   1.4599576e+02
   1.5939330e+01   1.4597733e+02
   1.5939330e+01   1.4595891e+02
   1.5939330e+01   1.4594048e+02
   1.5939330e+01   1.4592206e+02
   1.5939330e+01   1.4590363e+02
   1.5939330e+01   1.4588521e+02
   1.5939330e+01   1.4586678e+02
   1.5939330e+01   1.4584836e+02
   1.5939330e+01   1.4582993e+02
   1.5939330e+01   1.4581151e+02
   1.5939330e+01   1.4579308e+02
   1.5939330e+01   1.4577466e+02
   1.5939330e+01   1.4575623e+02
   1.5939330e+01   1.4573781e+02
   1.5939330e+01   1.4571938e+02
   1.5939330e+01   1.4570094e+02
   1.5939330e+01   1.4568253e+02
   1.5939330e+01   1.4566409e+02
   1.5939330e+01   1.4564568e+02
   1.5939330e+01   1.4562724e+02
   1.5939330e+01   1.4560883e+02
   1.5939330e+01   1.4559039e+02
   1.5939330e+01   1.4557198e+02
   1.5939330e+01   1.4555354e+02
   1.5939330e+01   1.4553513e+02
   1.5939330e+01   1.4551669e+02
   1.5939330e+01   1.4549828e+02
   1.5939330e+01   1.4547984e+02
   1.5939330e+01   1.4546143e+02
   1.5939330e+01   1.4544299e+02
   1.5939330e+01   1.4542458e+02
   1.5939330e+01   1.4540614e+02
   1.5939330e+01   1.4538773e+02
   1.5939330e+01   1.4536929e+02
   1.5939330e+01   1.4535088e+02
   1.5939330e+01   1.4533244e+02
   1.5939330e+01   1.4531403e+02
   1.5939330e+01   1.4529559e+02
   1.5939330e+01   1.4527718e+02
   1.5939330e+01   1.4525874e+02
   1.5939330e+01   1.4524033e+02
   1.5939330e+01   1.4522189e+02
   1.5939330e+01   1.4520348e+02
   1.5939330e+01   1.4518504e+02
   1.5939330e+01   1.4516663e+02
   1.5939330e+01   1.4514819e+02
   1.5939330e+01   1.4512978e+02
   1.5939330e+01   1.4511134e+02
   1.5939330e+01   1.4509291e+02
   1.5939330e+01   1.4507449e+02
   1.5939330e+01   1.4505606e+02
   1.5939330e+01   1.4503764e+02
   1.5939330e+01   1.4501921e+02
   1.5939330e+01   1.4500079e+02
   1.5939330e+01   1.4498236e+02
   1.5939330e+01   1.4496394e+02
   1.5939330e+01   1.4494551e+02
   1.5939330e+01   1.4492709e+02
   1.5939330e+01   1.4490866e+02
   1.5939330e+01   1.4489024e+02
   1.5939330e+01   1.4487181e+02
   1.5939330e+01   1.4485339e+02
   1.5939330e+01   1.4483496e+02
   1.5939330e+01   1.4481654e+02
   1.5939330e+01   1.4479811e+02
   1.5939330e+01   1.4477969e+02
   1.5939330e+01   1.4476126e+02
   1.5939330e+01   1.4474284e+02
   1.5939330e+01   1.4472441e+02
   1.5939330e+01   1.4470599e+02
   1.5939330e+01   1.4468756e+02
   1.5939330e+01   1.4466914e+02
   1.5939330e+01   1.4465071e+02
   1.5939330e+01   1.4463229e+02
   1.5939330e+01   1.4461386e+02
   1.5939330e+01   1.4459544e+02
   1.5939330e+01   1.4457701e+02
   1.5939330e+01   1.4455859e+02
   1.5939330e+01   1.4454016e+02
   1.5939330e+01   1.4452174e+02
   1.5939330e+01   1.4450331e+02
   1.5939330e+01   1.4448488e+02
   1.5939330e+01   1.4446646e+02
   1.5939330e+01   1.4444803e+02
   1.5939330e+01   1.4442961e+02
   1.5939330e+01   1.4441118e+02
   1.5939330e+01   1.4439276e+02
   1.5939330e+01   1.4437433e+02
   1.5939330e+01   1.4435591e+02
   1.5939330e+01   1.4433748e+02
   1.5939330e+01   1.4431906e+02
   1.5939330e+01   1.4430063e+02
   1.5939330e+01   1.4428221e+02
   1.5939330e+01   1.4426378e+02
   1.5939330e+01   1.4424536e+02
   1.5939330e+01   1.4422693e+02
   1.5939330e+01   1.4420851e+02
   1.5939330e+01   1.4419008e+02
   1.5939330e+01   1.4417166e+02
   1.5939330e+01   1.4415323e+02
   1.5939330e+01   1.4413481e+02
   1.5939330e+01   1.4411638e+02
   1.5939330e+01   1.4409796e+02
   1.5939330e+01   1.4407953e+02
   1.5939330e+01   1.4406111e+02
   1.5939330e+01   1.4404268e+02
   1.5939330e+01   1.4402426e+02
   1.5939330e+01   1.4400583e+02
   1.5939330e+01   1.4398741e+02
   1.5939330e+01   1.4396898e+02
   1.5939330e+01   1.4395056e+02
   1.5939330e+01   1.4393213e+02
   1.5939330e+01   1.4391371e+02
   1.5939330e+01   1.4389528e+02
   1.5939330e+01   1.4387685e+02
   1.5939330e+01   1.4385843e+02
   1.5939330e+01   1.4384000e+02
   1.5939330e+01   1.4382158e+02
   1.5939330e+01   1.4380315e+02
   1.5939330e+01   1.4378473e+02
   1.5939330e+01   1.4376630e+02
   1.5939330e+01   1.4374788e+02
   1.5939330e+01   1.4372945e+02
   1.5939330e+01   1.4371103e+02
   1.5939330e+01   1.4369260e+02
   1.5939330e+01   1.4367418e+02
   1.5939330e+01   1.4365575e+02
   1.5939330e+01   1.4363733e+02
   1.5939330e+01   1.4361890e+02
   1.5939330e+01   1.4360048e+02
   1.5939330e+01   1.4358205e+02
   1.5939330e+01   1.4356363e+02
   1.5939330e+01   1.4354520e+02
   1.5939330e+01   1.4352678e+02
   1.5939330e+01   1.4350835e+02
   1.5939330e+01   1.4348993e+02
   1.5939330e+01   1.4347150e+02
   1.5939330e+01   1.4345308e+02
   1.5939330e+01   1.4343465e+02
   1.5939330e+01   1.4341623e+02
   1.5939330e+01   1.4339780e+02
   1.5939330e+01   1.4337938e+02
   1.5939330e+01   1.4336095e+02
   1.5939330e+01   1.4334253e+02
   1.5939330e+01   1.4332410e+02
   1.5939330e+01   1.4330566e+02
   1.5939330e+01   1.4328725e+02
   1.5939330e+01   1.4326881e+02
   1.5939330e+01   1.4325040e+02
   1.5939330e+01   1.4323196e+02
   1.5939330e+01   1.4321355e+02
   1.5939330e+01   1.4319511e+02
   1.5939330e+01   1.4317670e+02
   1.5939330e+01   1.4315826e+02
   1.5939330e+01   1.4313985e+02
   1.5939330e+01   1.4312141e+02
   1.5939330e+01   1.4310300e+02
   1.5939330e+01   1.4308456e+02
   1.5939330e+01   1.4306615e+02
   1.5939330e+01   1.4304771e+02
   1.5939330e+01   1.4302930e+02
   1.5939330e+01   1.4301086e+02
   1.5939330e+01   1.4299245e+02
   1.5939330e+01   1.4297401e+02
   1.5939330e+01   1.4295560e+02
