         219
  -278952.031        -225875.406    
  -276945.844        -225897.062    
  -274941.250        -225918.516    
  -272935.062        -225939.844    
  -270930.500        -225960.984    
  -268924.281        -225982.016    
  -266919.750        -226002.859    
  -264913.500        -226023.547    
  -262908.938        -226044.094    
  -260902.734        -226064.469    
  -258898.125        -226084.703    
  -256891.906        -226104.766    
  -254887.359        -226124.672    
  -252881.109        -226144.438    
  -250876.547        -226164.016    
  -248870.312        -226183.484    
  -246865.719        -226202.781    
  -244859.500        -226221.906    
  -242854.906        -226240.906    
  -240848.656        -226259.719    
  -238844.078        -226278.375    
  -236837.859        -226296.891    
  -234831.578        -226315.266    
  -232827.000        -226333.438    
  -230820.734        -226351.484    
  -228816.156        -226369.359    
  -226809.875        -226387.125    
  -224805.297        -226404.656    
  -222799.062        -226422.094    
  -220794.422        -226439.375    
  -218788.188        -226456.484    
  -216783.562        -226473.422    
  -214777.328        -226490.203    
  -212772.703        -226506.844    
  -210766.469        -226523.344    
  -208761.844        -226539.672    
  -206755.578        -226555.844    
  -204750.953        -226571.859    
  -202744.703        -226587.703    
  -200740.062        -226603.406    
  -198733.812        -226618.953    
  -196729.172        -226634.344    
  -194722.922        -226649.578    
  -192718.297        -226664.641    
  -190712.000        -226679.578    
  -188707.375        -226694.344    
  -186701.109        -226708.953    
  -184696.469        -226723.406    
  -182690.203        -226737.703    
  -180685.578        -226751.844    
  -178679.266        -226765.828    
  -176674.656        -226779.656    
  -174668.344        -226793.344    
  -172662.047        -226806.844    
  -170657.438        -226820.203    
  -168651.141        -226833.422    
  -166646.500        -226846.469    
  -164640.203        -226859.375    
  -162635.578        -226872.094    
  -160629.266        -226884.688    
  -158624.625        -226897.094    
  -156618.312        -226909.375    
  -154613.688        -226921.484    
  -152607.375        -226933.438    
  -150602.750        -226945.234    
  -148596.422        -226956.891    
  -146591.781        -226968.375    
  -144585.484        -226979.719    
  -142580.828        -226990.891    
  -140574.531        -227001.906    
  -138569.875        -227012.781    
  -136563.547        -227023.469    
  -134558.906        -227034.031    
  -132552.594        -227044.438    
  -130547.938        -227054.672    
  -128541.617        -227064.750    
  -126536.961        -227074.672    
  -124530.656        -227084.453    
  -122526.000        -227094.062    
  -120519.664        -227103.531    
  -118515.008        -227112.828    
  -116508.695        -227121.984    
  -114504.031        -227130.953    
  -112497.711        -227139.797    
  -110493.047        -227148.484    
  -108486.727        -227157.000    
  -106480.414        -227165.391    
  -104475.727        -227173.609    
  -102469.414        -227181.641    
  -100464.750        -227189.547    
  -98458.4141        -227197.281    
  -96453.7500        -227204.875    
  -94447.4219        -227212.281    
  -92442.7578        -227219.562    
  -90436.4297        -227226.688    
  -88431.7500        -227233.672    
  -86425.4297        -227240.469    
  -84420.7578        -227247.109    
  -82414.4219        -227253.594    
  -80409.7422        -227259.938    
  -78403.4219        -227266.125    
  -76398.7422        -227272.141    
  -74392.4062        -227278.000    
  -72387.7344        -227283.750    
  -70381.3984        -227289.297    
  -68376.7266        -227294.656    
  -66370.3906        -227299.906    
  -64365.7109        -227305.047    
  -62359.3750        -227309.969    
  -60354.6953        -227314.719    
  -58348.3555        -227319.344    
  -56343.6758        -227323.812    
  -54337.3438        -227328.109    
  -52332.6641        -227332.281    
  -50326.3242        -227336.297    
  -48321.6406        -227340.094    
  -46315.3047        -227343.812    
  -44310.6211        -227347.312    
  -42304.2812        -227350.703    
  -40297.9375        -227353.922    
  -38293.2578        -227356.984    
  -36286.9141        -227359.875    
  -34282.2344        -227362.609    
  -32275.8926        -227365.203    
  -30271.2109        -227367.625    
  -28264.8711        -227369.906    
  -26260.1855        -227372.047    
  -24253.8438        -227374.016    
  -22249.1621        -227375.828    
  -20242.8164        -227377.484    
  -18238.1328        -227378.969    
  -16231.7891        -227380.312    
  -14227.1064        -227381.500    
  -12220.7627        -227382.547    
  -10216.0801        -227383.391    
  -8209.73535        -227384.125    
  -6205.05225        -227384.656    
  -4198.70703        -227385.062    
  -2194.02393        -227385.328    
  -187.679565        -227385.438    
   1817.00391        -227385.375    
   3823.34839        -227385.156    
   5828.03223        -227384.766    
   7834.37646        -227384.234    
   9839.05957        -227383.562    
   11845.4043        -227382.688    
   13850.0879        -227381.703    
   15856.4316        -227380.547    
   17861.1133        -227379.234    
   19867.4590        -227377.766    
   21872.1406        -227376.141    
   23878.4844        -227374.344    
   25884.8262        -227372.438    
   27889.5098        -227370.344    
   29895.8555        -227368.078    
   31900.5352        -227365.688    
   33906.8789        -227363.125    
   35911.5586        -227360.375    
   37917.8984        -227357.516    
   39922.5820        -227354.469    
   41928.9258        -227351.312    
   43933.6016        -227347.953    
   45939.9453        -227344.469    
   47944.6211        -227340.812    
   49950.9609        -227336.984    
   51955.6406        -227333.031    
   53961.9844        -227328.922    
   55966.6602        -227324.625    
   57973.0000        -227320.188    
   59977.6797        -227315.609    
   61984.0234        -227310.859    
   63988.6914        -227305.953    
   65995.0234        -227300.891    
   67999.7109        -227295.672    
   70006.0391        -227290.312    
   72010.7188        -227284.781    
   74017.0547        -227279.109    
   76021.7188        -227273.281    
   78028.0547        -227267.266    
   80032.7344        -227261.125    
   82039.0625        -227254.812    
   84043.7344        -227248.344    
   86050.0703        -227241.719    
   88054.7422        -227234.953    
   90061.0625        -227228.016    
   92067.3984        -227220.922    
   94072.0703        -227213.672    
   96078.3984        -227206.281    
   98083.0625        -227198.719    
   100089.398        -227191.016    
   102094.055        -227183.156    
   104100.375        -227175.109    
   106105.047        -227166.938    
   108111.375        -227158.594    
   110116.023        -227150.109    
   112122.352        -227141.438    
   114127.031        -227132.672    
   116133.344        -227123.672    
   118137.992        -227114.578    
   120144.312        -227105.297    
   122148.969        -227095.859    
   124155.305        -227086.281    
   126159.953        -227076.531    
   128166.266        -227066.625    
   130170.930        -227056.578    
   132177.234        -227046.359    
   134181.875        -227036.000    
   136188.219        -227025.469    
   138192.859        -227014.797    
   140199.172        -227003.953    
   142203.812        -226992.969    
   144210.125        -226981.828    
   146214.781        -226970.500    
   148221.078        -226959.062    
   150225.703        -226947.453    
   152232.031        -226935.656    
   154236.672        -226923.766    
   156242.984        -226911.656    
   158249.266        -226899.422    
