         221
  -272186.469         217138.062    
  -272208.031         215132.562    
  -272229.594         213127.203    
  -272251.156         211121.750    
  -272272.719         209116.453    
  -272294.250         207111.141    
  -272315.812         205105.719    
  -272337.344         203100.484    
  -272358.906         201095.141    
  -272380.438         199089.906    
  -272401.969         197084.594    
  -272423.531         195079.406    
  -272445.094         193074.234    
  -272466.625         191068.984    
  -272488.188         189063.859    
  -272509.719         187058.656    
  -272531.281         185053.547    
  -272552.812         183048.500    
  -272574.344         181043.344    
  -272595.906         179038.297    
  -272617.438         177033.062    
  -272638.969         175028.156    
  -272660.531         173023.078    
  -272682.062         171018.125    
  -272703.594         169013.156    
  -272725.156         167008.125    
  -272746.688         165003.219    
  -272768.250         162998.219    
  -272789.781         160993.312    
  -272811.312         158988.469    
  -272832.844         156983.500    
  -272854.406         154978.672    
  -272875.938         152973.641    
  -272897.469         150968.938    
  -272919.031         148964.031    
  -272940.531         146959.172    
  -272962.062         144954.516    
  -272983.625         142949.641    
  -273005.156         140944.922    
  -273026.688         138940.094    
  -273048.250         136935.406    
  -273069.750         134930.703    
  -273091.312         132925.906    
  -273112.844         130921.250    
  -273134.375         128916.398    
  -273155.938         126911.859    
  -273177.438         124907.117    
  -273198.969         122902.406    
  -273220.531         120897.906    
  -273242.062         118893.203    
  -273263.594         116888.523    
  -273285.125         114883.953    
  -273306.625         112879.398    
  -273328.188         110874.867    
  -273349.750         108870.227    
  -273371.250         106865.703    
  -273392.812         104861.195    
  -273414.312         102856.578    
  -273435.844         100851.992    
  -273457.438         98847.3906    
  -273478.938         96843.0312    
  -273500.438         94838.4688    
  -273522.000         92833.9062    
  -273543.531         90829.4609    
  -273565.062         88825.0312    
  -273586.562         86820.6016    
  -273608.094         84816.0859    
  -273629.656         82811.6719    
  -273651.188         80807.2734    
  -273672.688         78802.7734    
  -273694.219         76798.2812    
  -273715.750         74794.0156    
  -273737.281         72789.5391    
  -273758.844         70785.0625    
  -273780.344         68780.6094    
  -273801.906         66776.2578    
  -273823.406         64771.9180    
  -273844.906         62767.4766    
  -273866.469         60763.1445    
  -273887.969         58758.8164    
  -273909.531         56754.5078    
  -273931.062         54750.0898    
  -273952.562         52745.6758    
  -273974.125         50741.4805    
  -273995.625         48737.0820    
  -274017.156         46732.6797    
  -274038.688         44728.5000    
  -274060.219         42724.0078    
  -274081.750         40719.7305    
  -274103.281         38715.3516    
  -274124.781         36711.0781    
  -274146.344         34706.8125    
  -274167.844         32702.4453    
  -274189.375         30698.1855    
  -274210.938         28693.8223    
  -274232.438         26689.6738    
  -274253.969         24685.2109    
  -274275.500         22680.9629    
  -274297.000         20676.8223    
  -274318.531         18672.3652    
  -274340.062         16668.1230    
  -274361.594         14663.7754    
  -274383.125         12659.5371    
  -274404.625         10655.2988    
  -274426.188         8650.95508    
  -274447.688         6646.71875    
  -274469.219         4642.37695    
  -274490.750         2638.14160    
  -274512.312         633.800842    
  -274533.844        -1370.43420    
  -274555.344        -3374.56299    
  -274576.875        -5379.01025    
  -274598.406        -7383.24658    
  -274619.906        -9387.58887    
  -274641.469        -11391.8271    
  -274662.969        -13396.0664    
  -274684.500        -15400.4131    
  -274706.031        -17404.6543    
  -274727.562        -19409.0020    
  -274749.094        -21413.2480    
  -274770.594        -23417.6016    
  -274792.125        -25421.8496    
  -274813.656        -27426.1035    
  -274835.156        -29430.4609    
  -274856.719        -31434.7188    
  -274878.281        -33439.0898    
  -274899.781        -35443.3555    
  -274921.312        -37447.6211    
  -274942.844        -39451.9961    
  -274964.344        -41456.2734    
  -274985.875        -43460.6562    
  -275007.406        -45464.9414    
  -275028.938        -47469.3359    
  -275050.469        -49473.6289    
  -275071.969        -51477.9258    
  -275093.531        -53482.3359    
  -275115.062        -55486.6406    
  -275136.562        -57491.0625    
  -275158.125        -59495.3789    
  -275179.625        -61499.8164    
  -275201.188        -63504.1445    
  -275222.688        -65508.4844    
  -275244.188        -67512.9297    
  -275265.750        -69517.2891    
  -275287.281        -71521.7422    
  -275308.812        -73526.1172    
  -275330.344        -75530.4922    
  -275351.875        -77534.9688    
  -275373.406        -79539.3516    
  -275394.938        -81543.8594    
  -275416.438        -83548.2578    
  -275438.000        -85552.7812    
  -275459.531        -87557.2031    
  -275481.031        -89561.6328    
  -275502.594        -91566.1719    
  -275524.125        -93570.6172    
  -275545.656        -95575.1797    
  -275567.156        -97579.6406    
  -275588.719        -99584.1328    
  -275610.250        -101588.711    
  -275631.781        -103593.211    
  -275653.281        -105597.820    
  -275674.844        -107602.336    
  -275696.344        -109606.969    
  -275717.906        -111611.508    
  -275739.469        -113616.047    
  -275760.969        -115620.719    
  -275782.500        -117625.289    
  -275804.031        -119629.969    
  -275825.562        -121634.570    
  -275847.156        -123639.172    
  -275868.656        -125643.906    
  -275890.156        -127648.523    
  -275911.719        -129653.273    
  -275933.250        -131657.938    
  -275954.812        -133662.719    
  -275976.344        -135667.391    
  -275997.875        -137672.094    
  -276019.375        -139676.906    
  -276040.938        -141681.625    
  -276062.469        -143686.484    
  -276084.031        -145691.234    
  -276105.562        -147696.000    
  -276127.094        -149700.875    
  -276148.625        -151705.672    
  -276170.156        -153710.594    
  -276191.719        -155715.422    
  -276213.250        -157720.375    
  -276234.812        -159725.219    
  -276256.312        -161730.078    
  -276277.875        -163735.094    
  -276299.406        -165740.000    
  -276320.938        -167745.031    
  -276342.500        -169749.953    
  -276364.031        -171755.016    
  -276385.562        -173759.969    
  -276407.125        -175764.984    
  -276428.688        -177770.094    
  -276450.188        -179775.109    
  -276471.750        -181780.266    
  -276493.312        -183785.344    
  -276514.844        -185790.406    
  -276536.375        -187795.609    
  -276557.938        -189800.719    
  -276579.469        -191805.953    
  -276601.000        -193811.125    
  -276622.594        -195816.375    
  -276644.125        -197821.578    
  -276665.656        -199826.781    
  -276687.250        -201832.125    
  -276708.781        -203837.391    
  -276730.312        -205842.750    
  -276751.875        -207848.047    
  -276773.438        -209853.375    
  -276794.969        -211858.797    
  -276816.500        -213864.141    
  -276838.062        -215869.609    
  -276859.625        -217875.016    
  -276881.156        -219880.547    
  -276902.750        -221886.000    
  -276924.281        -223891.438    
         217
  -276924.281        -223891.438    
  -274919.875        -223912.906    
  -272913.812        -223934.234    
  -270909.406        -223955.406    
  -268903.375        -223976.406    
  -266898.969        -223997.250    
  -264892.875        -224017.938    
  -262888.469        -224038.469    
  -260882.422        -224058.859    
  -258877.984        -224079.062    
  -256871.953        -224099.141    
  -254867.500        -224119.062    
  -252861.422        -224138.828    
  -250857.016        -224158.422    
  -248850.938        -224177.891    
  -246846.531        -224197.141    
  -244840.453        -224216.297    
  -242836.016        -224235.266    
  -240829.906        -224254.094    
  -238825.469        -224272.750    
  -236819.422        -224291.281    
  -234813.312        -224309.609    
  -232808.859        -224327.828    
  -230802.797        -224345.859    
  -228798.328        -224363.750    
  -226792.234        -224381.469    
  -224787.812        -224399.031    
  -222781.703        -224416.469    
  -220777.250        -224433.719    
  -218771.156        -224450.828    
  -216766.703        -224467.781    
  -214760.594        -224484.578    
  -212756.156        -224501.219    
  -210750.047        -224517.703    
  -208745.578        -224534.000    
  -206739.469        -224550.188    
  -204735.047        -224566.188    
  -202728.906        -224582.047    
  -200724.438        -224597.766    
  -198718.328        -224613.297    
  -196713.859        -224628.672    
  -194707.750        -224643.906    
  -192703.297        -224658.984    
  -190697.172        -224673.906    
  -188692.703        -224688.672    
  -186686.562        -224703.297    
  -184682.094        -224717.734    
  -182675.984        -224732.031    
  -180671.516        -224746.188    
  -178665.344        -224760.156    
  -176660.891        -224774.000    
  -174654.750        -224787.672    
  -172648.625        -224801.188    
  -170644.156        -224814.562    
  -168638.016        -224827.750    
  -166633.547        -224840.812    
  -164627.391        -224853.688    
  -162622.906        -224866.422    
  -160616.766        -224879.016    
  -158612.281        -224891.438    
  -156606.141        -224903.703    
  -154601.641        -224915.797    
  -152595.500        -224927.766    
  -150591.016        -224939.547    
  -148584.859        -224951.203    
  -146580.391        -224962.703    
  -144574.234        -224974.047    
  -142569.734        -224985.188    
  -140563.578        -224996.219    
  -138559.078        -225007.078    
  -136552.922        -225017.812    
  -134548.438        -225028.344    
  -132542.266        -225038.734    
  -130537.781        -225048.984    
  -128531.633        -225059.062    
  -126527.117        -225069.000    
  -124520.961        -225078.766    
  -122516.461        -225088.391    
  -120510.297        -225097.828    
  -118505.797        -225107.125    
  -116499.625        -225116.297    
  -114495.117        -225125.266    
  -112488.953        -225134.109    
  -110484.445        -225142.781    
  -108478.281        -225151.297    
  -106472.109        -225159.672    
  -104467.602        -225167.891    
  -102461.445        -225175.922    
  -100456.922        -225183.828    
  -98450.7578        -225191.562    
  -96446.2422        -225199.172    
  -94440.0703        -225206.609    
  -92435.5547        -225213.859    
  -90429.3828        -225220.969    
  -88424.8672        -225227.953    
  -86418.6953        -225234.734    
  -84414.1797        -225241.391    
  -82408.0078        -225247.891    
  -80403.4922        -225254.219    
  -78397.3125        -225260.422    
  -76392.7891        -225266.438    
  -74386.6172        -225272.328    
  -72382.1016        -225278.016    
  -70375.9219        -225283.594    
  -68371.3984        -225288.984    
  -66365.2188        -225294.234    
  -64360.7031        -225299.312    
  -62354.5156        -225304.234    
  -60350.0000        -225308.984    
  -58343.8125        -225313.625    
  -56339.2930        -225318.078    
  -54333.1055        -225322.422    
  -52328.5859        -225326.578    
  -50322.4062        -225330.562    
  -48317.8789        -225334.406    
  -46311.6992        -225338.078    
  -44307.1719        -225341.609    
  -42300.9883        -225344.984    
  -40294.8008        -225348.203    
  -38290.2773        -225351.250    
  -36284.0938        -225354.141    
  -34279.5703        -225356.906    
  -32273.3789        -225359.469    
  -30268.8574        -225361.922    
  -28262.6680        -225364.219    
  -26258.1426        -225366.312    
  -24251.9551        -225368.297    
  -22247.4277        -225370.109    
  -20241.2422        -225371.750    
  -18236.7148        -225373.250    
  -16230.5264        -225374.609    
  -14226.0000        -225375.797    
  -12219.8115        -225376.812    
  -10215.2842        -225377.688    
  -8209.09570        -225378.406    
  -6204.56885        -225378.953    
  -4198.38086        -225379.359    
  -2193.85327        -225379.609    
  -187.664963        -225379.703    
   1816.86230        -225379.641    
   3823.05078        -225379.438    
   5827.57812        -225379.047    
   7833.76709        -225378.516    
   9838.29395        -225377.844    
   11844.4814        -225376.984    
   13849.0098        -225375.984    
   15855.1973        -225374.812    
   17859.7227        -225373.500    
   19865.9102        -225372.031    
   21870.4375        -225370.422    
   23876.6230        -225368.641    
   25882.8145        -225366.703    
   27887.3359        -225364.625    
   29893.5254        -225362.344    
   31898.0508        -225359.969    
   33904.2383        -225357.391    
   35908.7656        -225354.672    
   37914.9492        -225351.781    
   39919.4727        -225348.781    
   41925.6562        -225345.578    
   43930.1836        -225342.234    
   45936.3711        -225338.734    
   47940.8906        -225335.094    
   49947.0742        -225331.281    
   51951.6016        -225327.328    
   53957.7812        -225323.188    
   55962.3047        -225318.922    
   57968.4844        -225314.469    
   59973.0078        -225309.906    
   61979.1875        -225305.125    
   63983.7109        -225300.250    
   65989.8906        -225295.188    
   67994.4141        -225289.984    
   70000.5859        -225284.609    
   72005.1094        -225279.078    
   74011.2891        -225273.391    
   76015.8125        -225267.547    
   78021.9766        -225261.562    
   80026.5000        -225255.422    
   82032.6797        -225249.109    
   84037.1875        -225242.609    
   86043.3672        -225236.016    
   88047.8828        -225229.234    
   90054.0547        -225222.297    
   92060.2344        -225215.219    
   94064.7500        -225207.969    
   96070.9141        -225200.562    
   98075.4219        -225193.031    
   100081.602        -225185.312    
   102086.109        -225177.438    
   104092.281        -225169.406    
   106096.789        -225161.219    
   108102.961        -225152.891    
   110107.469        -225144.391    
   112113.633        -225135.750    
   114118.141        -225126.953    
   116124.305        -225117.984    
   118128.805        -225108.875    
   120134.969        -225099.594    
   122139.469        -225090.156    
   124145.633        -225080.562    
   126150.141        -225070.844    
   128156.289        -225060.906    
   130160.789        -225050.891    
   132166.953        -225040.688    
   134171.438        -225030.297    
   136177.594        -225019.750    
   138182.094        -225009.109    
   140188.250        -224998.266    
   142192.750        -224987.281    
   144198.906        -224976.109    
   146203.391        -224964.844    
   148209.531        -224953.375    
   150214.031        -224941.766    
   152220.172        -224930.000    
   154224.672        -224918.078    
   156230.828        -224905.969    
         221
   156230.828        -224905.969    
   156218.656        -222900.422    
   156206.484        -220894.891    
   156194.328        -218889.281    
   156182.156        -216883.797    
   156170.000        -214878.219    
   156157.844        -212872.797    
   156145.672        -210867.266    
   156133.516        -208861.859    
   156121.359        -206856.484    
   156109.203        -204851.031    
   156097.047        -202845.672    
   156084.891        -200840.250    
   156072.734        -198834.938    
   156060.562        -196829.656    
   156048.406        -194824.281    
   156036.250        -192819.047    
   156024.078        -190813.719    
   156011.938        -188808.531    
   155999.766        -186803.250    
   155987.609        -184798.062    
   155975.453        -182792.922    
   155963.297        -180787.688    
   155951.141        -178782.562    
   155938.969        -176777.375    
   155926.828        -174772.297    
   155914.672        -172767.234    
   155902.516        -170762.078    
   155890.375        -168757.047    
   155878.219        -166751.953    
   155866.062        -164746.953    
   155853.906        -162741.875    
   155841.734        -160736.906    
   155829.594        -158731.969    
   155817.438        -156726.938    
   155805.297        -154722.031    
   155793.125        -152717.031    
   155780.969        -150712.125    
   155768.812        -148707.172    
   155756.672        -146702.312    
   155744.500        -144697.484    
   155732.359        -142692.547    
   155720.203        -140687.719    
   155708.047        -138682.844    
   155695.906        -136678.047    
   155683.750        -134673.297    
   155671.594        -132668.422    
   155659.422        -130663.672    
   155647.281        -128658.836    
   155635.125        -126654.125    
   155622.984        -124649.328    
   155610.828        -122644.617    
   155598.672        -120639.953    
   155586.531        -118635.172    
   155574.375        -116630.531    
   155562.219        -114625.766    
   155550.062        -112621.125    
   155537.922        -110616.523    
   155525.766        -108611.805    
   155513.625        -106607.203    
   155501.469        -104602.508    
   155489.312        -102597.930    
   155477.156        -100593.250    
   155465.031        -98588.6953    
   155452.875        -96584.1484    
   155440.719        -94579.5078    
   155428.578        -92574.9766    
   155416.422        -90570.3516    
   155404.266        -88565.8281    
   155392.125        -86561.3281    
   155379.969        -84556.7266    
   155367.828        -82552.2422    
   155355.672        -80547.6641    
   155343.516        -78543.1875    
   155331.375        -76538.6172    
   155319.219        -74534.1719    
   155307.078        -72529.7188    
   155294.938        -70525.1719    
   155282.781        -68520.7344    
   155270.641        -66516.2109    
   155258.484        -64511.7891    
   155246.344        -62507.3711    
   155234.188        -60502.8633    
   155222.031        -58498.4609    
   155209.891        -56493.9570    
   155197.750        -54489.5703    
   155185.594        -52485.0820    
   155173.438        -50480.6953    
   155161.297        -48476.3203    
   155149.156        -46471.8516    
   155137.000        -44467.4844    
   155124.859        -42463.0195    
   155112.719        -40458.6602    
   155100.562        -38454.2031    
   155088.422        -36449.8594    
   155076.266        -34445.5117    
   155064.125        -32441.0645    
   155051.969        -30436.7227    
   155039.828        -28432.2832    
   155027.688        -26427.9531    
   155015.531        -24423.6191    
   155003.375        -22419.1895    
   154991.250        -20414.8652    
   154979.094        -18410.4355    
   154966.938        -16406.1133    
   154954.797        -14401.6875    
   154942.641        -12397.3691    
   154930.500        -10393.0527    
   154918.359        -8388.63086    
   154906.203        -6384.31641    
   154894.047        -4379.78955    
   154881.906        -2375.58154    
   154869.750        -371.267792    
   154857.609         1633.15198    
   154845.469         3637.46582    
   154833.312         5641.88574    
   154821.172         7646.20117    
   154809.031         9650.62305    
   154796.875         11654.9385    
   154784.719         13659.2568    
   154772.594         15663.6816    
   154760.438         17668.0020    
   154748.281         19672.5371    
   154736.141         21676.7539    
   154723.984         23681.0801    
   154711.844         25685.6191    
   154699.703         27689.8457    
   154687.547         29694.2910    
   154675.391         31698.6270    
   154663.266         33703.0703    
   154651.109         35707.4141    
   154638.953         37711.7617    
   154626.812         39716.2188    
   154614.672         41720.5703    
   154602.531         43725.1445    
   154590.375         45729.4023    
   154578.234         47733.8711    
   154566.078         49738.3555    
   154553.922         51742.6211    
   154541.781         53747.1133    
   154529.641         55751.6055    
   154517.484         57755.9961    
   154505.328         59760.3984    
   154493.203         61764.8008    
   154481.047         63769.3242    
   154468.891         65773.7422    
   154456.734         67778.1562    
   154444.594         69782.6953    
   154432.453         71787.2422    
   154420.312         73791.7891    
   154408.156         75796.1406    
   154396.000         77800.7031    
   154383.844         79805.2734    
   154371.719         81809.7500    
   154359.562         83814.2344    
   154347.406         85818.8359    
   154335.250         87823.3281    
   154323.109         89827.8438    
   154310.953         91832.3594    
   154298.812         93836.9844    
   154286.656         95841.6328    
   154274.516         97846.0703    
   154262.359         99850.7188    
   154250.219         101855.398    
   154238.062         103860.078    
   154225.906         105864.672    
   154213.750         107869.266    
   154201.609         109873.984    
   154189.453         111878.594    
   154177.312         113883.211    
   154165.156         115887.875    
   154153.000         117892.625    
   154140.844         119897.383    
   154128.688         121901.953    
   154116.547         123906.750    
   154104.406         125911.539    
   154092.250         127916.156    
   154080.094         129921.094    
   154067.938         131925.844    
   154055.781         133930.688    
   154043.625         135935.469    
   154031.484         137940.234    
   154019.328         139945.125    
   154007.172         141949.938    
   153995.016         143954.859    
   153982.859         145959.578    
   153970.703         147964.531    
   153958.562         149969.500    
   153946.406         151974.266    
   153934.250         153979.375    
   153922.078         155984.281    
   153909.938         157989.297    
   153897.781         159994.250    
   153885.641         161999.203    
   153873.469         164004.281    
   153861.312         166009.266    
   153849.156         168014.391    
   153837.000         170019.391    
   153824.844         172024.438    
   153812.688         174029.594    
   153800.547         176034.547    
   153788.391         178039.859    
   153776.234         180044.953    
   153764.078         182050.188    
   153751.922         184055.312    
   153739.750         186060.484    
   153727.594         188065.781    
   153715.438         190070.969    
   153703.297         192076.281    
   153691.125         194081.516    
   153678.969         196086.766    
   153666.812         198092.156    
   153654.641         200097.438    
   153642.484         202102.859    
   153630.328         204108.203    
   153618.156         206113.656    
   153606.000         208119.016    
   153593.844         210124.422    
   153581.703         212129.953    
   153569.531         214135.375    
   153557.375         216140.938    
         217
   153557.375         216140.938    
   151585.531         216129.062    
   149615.359         216117.344    
   147643.516         216105.766    
   145673.344         216094.344    
   143701.500         216083.109    
   141731.312         216072.000    
   139759.469         216061.031    
   137789.281         216050.250    
   135817.453         216039.562    
   133847.250         216029.078    
   131875.438         216018.734    
   129905.227         216008.562    
   127933.391         215998.531    
   125963.188         215988.641    
   123991.359         215978.922    
   122021.156         215969.344    
   120049.305         215959.922    
   118079.117         215950.656    
   116107.273         215941.547    
   114137.078         215932.609    
   112165.242         215923.766    
   110195.023         215915.109    
   108223.195         215906.609    
   106252.992         215898.266    
   104281.141         215890.078    
   102310.938         215882.031    
   100339.102         215874.141    
   98368.8906         215866.406    
   96397.0469         215858.828    
   94426.8359         215851.422    
   92454.9922         215844.125    
   90484.7812         215837.016    
   88512.9375         215830.047    
   86541.1016         215823.219    
   84570.8828         215816.578    
   82599.0391         215810.047    
   80628.8203         215803.719    
   78656.9688         215797.531    
   76686.7656         215791.484    
   74714.9141         215785.594    
   72744.7031         215779.844    
   70772.8516         215774.250    
   68802.6328         215768.828    
   66830.7891         215763.547    
   64860.5742         215758.406    
   62888.7266         215753.438    
   60918.5039         215748.641    
   58946.6562         215743.953    
   56976.4375         215739.438    
   55004.5898         215735.094    
   53034.3711         215730.875    
   51062.5156         215726.828    
   49092.3008         215722.938    
   47120.4492         215719.172    
   45150.2266         215715.609    
   43178.3750         215712.172    
   41208.1523         215708.891    
   39236.3008         215705.750    
   37266.0820         215702.750    
   35294.2266         215699.922    
   33324.0078         215697.266    
   31352.1543         215694.766    
   29381.9336         215692.391    
   27410.0820         215690.172    
   25439.8594         215688.109    
   23468.0039         215686.219    
   21496.1523         215684.453    
   19525.9297         215682.859    
   17554.0762         215681.422    
   15583.8535         215680.141    
   13611.9990         215679.000    
   11641.7773         215678.016    
   9669.92285         215677.188    
   7699.70020         215676.516    
   5727.84619         215675.984    
   3757.62378         215675.641    
   1785.76892         215675.438    
  -184.453278         215675.344    
  -2156.30786         215675.453    
  -4126.53027         215675.688    
  -6098.38477         215676.094    
  -8068.60693         215676.641    
  -10040.4609         215677.328    
  -12010.6836         215678.188    
  -13982.5391         215679.203    
  -15952.7588         215680.375    
  -17924.6133         215681.672    
  -19894.8359         215683.156    
  -21866.6895         215684.797    
  -23836.9121         215686.578    
  -25808.7637         215688.500    
  -27778.9863         215690.578    
  -29750.8398         215692.812    
  -31721.0605         215695.219    
  -33692.9141         215697.766    
  -35663.1367         215700.453    
  -37634.9883         215703.297    
  -39605.2070         215706.312    
  -41577.0625         215709.469    
  -43548.9102         215712.797    
  -45519.1328         215716.266    
  -47490.9844         215719.906    
  -49461.2070         215723.641    
  -51433.0508         215727.594    
  -53403.2734         215731.672    
  -55375.1172         215735.891    
  -57345.3438         215740.266    
  -59317.1914         215744.812    
  -61287.4102         215749.516    
  -63259.2578         215754.375    
  -65229.4727         215759.344    
  -67201.3281         215764.516    
  -69171.5469         215769.828    
  -71143.3906         215775.281    
  -73113.6094         215780.922    
  -75085.4531         215786.672    
  -77055.6641         215792.578    
  -79027.5078         215798.656    
  -80997.7266         215804.906    
  -82969.5703         215811.281    
  -84939.7891         215817.812    
  -86911.6250         215824.516    
  -88881.8359         215831.328    
  -90853.6875         215838.344    
  -92823.8984         215845.484    
  -94795.7422         215852.797    
  -96765.9453         215860.250    
  -98737.7891         215867.844    
  -100708.008         215875.609    
  -102679.836         215883.531    
  -104650.047         215891.594    
  -106621.898         215899.812    
  -108593.719         215908.203    
  -110563.938         215916.719    
  -112535.781         215925.406    
  -114505.977         215934.250    
  -116477.820         215943.250    
  -118448.008         215952.375    
  -120419.852         215961.688    
  -122390.062         215971.141    
  -124361.891         215980.734    
  -126332.094         215990.500    
  -128303.930         216000.391    
  -130274.133         216010.453    
  -132245.969         216020.688    
  -134216.156         216031.047    
  -136187.984         216041.562    
  -138158.172         216052.250    
  -140130.016         216063.062    
  -142100.203         216074.062    
  -144072.031         216085.188    
  -146042.234         216096.484    
  -148014.047         216107.922    
  -149984.250         216119.531    
  -151956.078         216131.281    
  -153926.266         216143.188    
  -155898.094         216155.234    
  -157868.281         216167.438    
  -159840.109         216179.797    
  -161810.281         216192.328    
  -163782.125         216205.016    
  -165752.297         216217.828    
  -167724.109         216230.812    
  -169694.312         216243.953    
  -171666.109         216257.219    
  -173637.922         216270.656    
  -175608.109         216284.250    
  -177579.922         216298.000    
  -179550.094         216311.891    
  -181521.906         216325.953    
  -183492.094         216340.141    
  -185463.891         216354.516    
  -187434.078         216369.000    
  -189405.875         216383.703    
  -191376.062         216398.516    
  -193347.859         216413.469    
  -195318.031         216428.609    
  -197289.828         216443.875    
  -199260.016         216459.312    
  -201231.812         216474.891    
  -203201.969         216490.641    
  -205173.781         216506.531    
  -207143.922         216522.547    
  -209115.750         216538.766    
  -211085.906         216555.125    
  -213057.688         216571.641    
  -215027.875         216588.266    
  -216999.672         216605.094    
  -218969.812         216622.047    
  -220941.609         216639.188    
  -222911.750         216656.422    
  -224883.562         216673.875    
  -226853.688         216691.438    
  -228825.484         216709.172    
  -230795.641         216727.062    
  -232767.422         216745.078    
  -234739.203         216763.297    
  -236709.359         216781.656    
  -238681.109         216800.156    
  -240651.281         216818.797    
  -242623.062         216837.609    
  -244593.188         216856.562    
  -246564.984         216875.672    
  -248535.109         216894.922    
  -250506.891         216914.375    
  -252477.031         216933.906    
  -254448.812         216953.672    
  -256418.922         216973.531    
  -258390.672         216993.547    
  -260360.828         217013.750    
  -262332.594         217034.094    
  -264302.719         217054.562    
  -266274.469         217075.219    
  -268244.594         217096.016    
  -270216.375         217116.969    
  -272186.469         217138.062    
