         223
  -274136.531         219164.750    
  -274158.250         217159.344    
  -274179.938         215153.844    
  -274201.656         213148.484    
  -274223.375         211143.031    
  -274245.062         209137.703    
  -274266.781         207132.406    
  -274288.469         205127.000    
  -274310.188         203121.766    
  -274331.906         201116.406    
  -274353.594         199111.172    
  -274375.312         197105.859    
  -274397.000         195100.688    
  -274418.719         193095.531    
  -274440.406         191090.281    
  -274462.094         189085.156    
  -274483.812         187079.922    
  -274505.531         185074.844    
  -274527.219         183069.797    
  -274548.906         181064.641    
  -274570.625         179059.578    
  -274592.344         177054.375    
  -274614.000         175049.484    
  -274635.719         173044.391    
  -274657.438         171039.406    
  -274679.125         169034.469    
  -274700.812         167029.438    
  -274722.500         165024.516    
  -274744.219         163019.516    
  -274765.906         161014.641    
  -274787.594         159009.766    
  -274809.281         157004.812    
  -274831.000         154999.984    
  -274852.688         152994.953    
  -274874.375         150990.234    
  -274896.094         148985.359    
  -274917.781         146980.469    
  -274939.500         144975.828    
  -274961.156         142970.984    
  -274982.844         140966.250    
  -275004.531         138961.422    
  -275026.219         136956.719    
  -275047.906         134952.016    
  -275069.594         132947.250    
  -275091.312         130942.570    
  -275113.000         128937.719    
  -275134.688         126933.188    
  -275156.375         124928.445    
  -275178.062         122923.734    
  -275199.781         120919.234    
  -275221.469         118914.555    
  -275243.125         116909.867    
  -275264.844         114905.305    
  -275286.531         112900.750    
  -275308.250         110896.203    
  -275329.906         108891.570    
  -275351.562         106887.039    
  -275373.250         104882.547    
  -275394.969         102877.938    
  -275416.656         100873.336    
  -275438.344         98868.7500    
  -275460.031         96864.3906    
  -275481.719         94859.8203    
  -275503.406         92855.2656    
  -275525.094         90850.8281    
  -275546.781         88846.3828    
  -275568.469         86841.9688    
  -275590.156         84837.4531    
  -275611.844         82833.0391    
  -275633.531         80828.6484    
  -275655.219         78824.1406    
  -275676.906         76819.6562    
  -275698.562         74815.3828    
  -275720.281         72810.9141    
  -275741.938         70806.4453    
  -275763.625         68801.9844    
  -275785.312         66797.6484    
  -275807.031         64793.3047    
  -275828.719         62788.8594    
  -275850.375         60784.5312    
  -275872.062         58780.2109    
  -275893.781         56775.8945    
  -275915.438         54771.4766    
  -275937.125         52767.0664    
  -275958.781         50762.8750    
  -275980.469         48758.4766    
  -276002.156         46754.0820    
  -276023.875         44749.9023    
  -276045.531         42745.4102    
  -276067.219         40741.1328    
  -276088.906         38736.7578    
  -276110.594         36732.4844    
  -276132.281         34728.2227    
  -276153.969         32723.8535    
  -276175.625         30719.5977    
  -276197.312         28715.2344    
  -276219.000         26711.0879    
  -276240.688         24706.6250    
  -276262.375         22702.3770    
  -276284.031         20698.2422    
  -276305.750         18693.7871    
  -276327.438         16689.5469    
  -276349.125         14685.2002    
  -276370.812         12680.9619    
  -276392.438         10676.7256    
  -276414.125         8672.38379    
  -276435.844         6668.14990    
  -276457.500         4663.80957    
  -276479.219         2659.57568    
  -276500.875         655.236450    
  -276522.562        -1348.99683    
  -276544.250        -3353.12427    
  -276565.938        -5357.56982    
  -276587.625        -7361.80420    
  -276609.281        -9366.14551    
  -276630.969        -11370.3809    
  -276652.656        -13374.6172    
  -276674.344        -15378.9619    
  -276696.031        -17383.2012    
  -276717.688        -19387.5488    
  -276739.375        -21391.7930    
  -276761.062        -23396.1426    
  -276782.781        -25400.3945    
  -276804.469        -27404.6426    
  -276826.094        -29409.0039    
  -276847.781        -31413.2617    
  -276869.469        -33417.6250    
  -276891.188        -35421.8867    
  -276912.844        -37426.1523    
  -276934.531        -39430.5273    
  -276956.219        -41434.8047    
  -276977.906        -43439.1875    
  -276999.594        -45443.4688    
  -277021.312        -47447.8594    
  -277042.938        -49452.1484    
  -277064.625        -51456.4492    
  -277086.312        -53460.8516    
  -277108.000        -55465.1641    
  -277129.688        -57469.5820    
  -277151.375        -59473.9023    
  -277173.062        -61478.3242    
  -277194.750        -63482.6523    
  -277216.438        -65486.9922    
  -277238.156        -67491.4453    
  -277259.781        -69495.7891    
  -277281.500        -71500.2500    
  -277303.188        -73504.6172    
  -277324.875        -75508.9844    
  -277346.531        -77513.4688    
  -277368.219        -79517.8516    
  -277389.906        -81522.3516    
  -277411.625        -83526.7500    
  -277433.281        -85531.2734    
  -277454.969        -87535.6953    
  -277476.656        -89540.1172    
  -277498.344        -91544.6562    
  -277520.062        -93549.1016    
  -277541.750        -95553.6562    
  -277563.406        -97558.1250    
  -277585.094        -99562.5938    
  -277606.781        -101567.188    
  -277628.469        -103571.688    
  -277650.188        -105576.281    
  -277671.812        -107580.797    
  -277693.531        -109585.430    
  -277715.219        -111589.961    
  -277736.938        -113594.516    
  -277758.594        -115599.180    
  -277780.281        -117603.742    
  -277802.000        -119608.430    
  -277823.688        -121613.031    
  -277845.375        -123617.625    
  -277867.062        -125622.352    
  -277888.781        -127626.969    
  -277910.469        -129631.734    
  -277932.156        -131636.391    
  -277953.812        -133641.156    
  -277975.500        -135645.844    
  -277997.219        -137650.531    
  -278018.906        -139655.344    
  -278040.594        -141660.078    
  -278062.281        -143664.906    
  -278083.969        -145669.656    
  -278105.688        -147674.438    
  -278127.375        -149679.312    
  -278149.062        -151684.109    
  -278170.781        -153689.031    
  -278192.469        -155693.844    
  -278214.156        -157698.797    
  -278235.844        -159703.641    
  -278257.531        -161708.516    
  -278279.250        -163713.500    
  -278300.938        -165718.406    
  -278322.625        -167723.438    
  -278344.344        -169728.375    
  -278366.031        -171733.422    
  -278387.750        -173738.391    
  -278409.438        -175743.391    
  -278431.125        -177748.500    
  -278452.844        -179753.516    
  -278474.531        -181758.656    
  -278496.219        -183763.719    
  -278517.938        -185768.797    
  -278539.656        -187774.000    
  -278561.344        -189779.125    
  -278583.031        -191784.359    
  -278604.750        -193789.500    
  -278626.469        -195794.781    
  -278648.125        -197799.984    
  -278669.844        -199805.172    
  -278691.562        -201810.516    
  -278713.250        -203815.766    
  -278734.969        -205821.141    
  -278756.688        -207826.422    
  -278778.406        -209831.750    
  -278800.062        -211837.172    
  -278821.781        -213842.531    
  -278843.531        -215847.984    
  -278865.188        -217853.406    
  -278886.906        -219858.922    
  -278908.625        -221864.344    
  -278930.344        -223869.828    
  -278952.031        -225875.406    
