   1.5939330e+01   1.4295560e+02
   1.5921303e+01   1.4295560e+02
   1.5903276e+01   1.4295560e+02
   1.5885249e+01   1.4295560e+02
   1.5867223e+01   1.4295560e+02
   1.5849196e+01   1.4295560e+02
   1.5831169e+01   1.4295560e+02
   1.5813143e+01   1.4295560e+02
   1.5795115e+01   1.4295560e+02
   1.5777089e+01   1.4295560e+02
   1.5759062e+01   1.4295560e+02
   1.5741035e+01   1.4295560e+02
   1.5723009e+01   1.4295560e+02
   1.5704982e+01   1.4295560e+02
   1.5686955e+01   1.4295560e+02
   1.5668928e+01   1.4295560e+02
   1.5650902e+01   1.4295560e+02
   1.5632875e+01   1.4295560e+02
   1.5614848e+01   1.4295560e+02
   1.5596822e+01   1.4295560e+02
   1.5578794e+01   1.4295560e+02
   1.5560768e+01   1.4295560e+02
   1.5542741e+01   1.4295560e+02
   1.5524714e+01   1.4295560e+02
   1.5506688e+01   1.4295560e+02
   1.5488661e+01   1.4295560e+02
   1.5470634e+01   1.4295560e+02
   1.5452607e+01   1.4295560e+02
   1.5434581e+01   1.4295560e+02
   1.5416554e+01   1.4295560e+02
   1.5398527e+01   1.4295560e+02
   1.5380501e+01   1.4295560e+02
   1.5362473e+01   1.4295560e+02
   1.5344447e+01   1.4295560e+02
   1.5326420e+01   1.4295560e+02
   1.5308393e+01   1.4295560e+02
   1.5290367e+01   1.4295560e+02
   1.5272340e+01   1.4295560e+02
   1.5254313e+01   1.4295560e+02
   1.5236286e+01   1.4295560e+02
   1.5218260e+01   1.4295560e+02
   1.5200233e+01   1.4295560e+02
   1.5182206e+01   1.4295560e+02
   1.5164180e+01   1.4295560e+02
   1.5146152e+01   1.4295560e+02
   1.5128126e+01   1.4295560e+02
   1.5110099e+01   1.4295560e+02
   1.5092072e+01   1.4295560e+02
   1.5074046e+01   1.4295560e+02
   1.5056019e+01   1.4295560e+02
   1.5037992e+01   1.4295560e+02
   1.5019965e+01   1.4295560e+02
   1.5001939e+01   1.4295560e+02
   1.4983912e+01   1.4295560e+02
   1.4965885e+01   1.4295560e+02
   1.4947859e+01   1.4295560e+02
   1.4929832e+01   1.4295560e+02
   1.4911805e+01   1.4295560e+02
   1.4893778e+01   1.4295560e+02
   1.4875751e+01   1.4295560e+02
   1.4857725e+01   1.4295560e+02
   1.4839698e+01   1.4295560e+02
   1.4821671e+01   1.4295560e+02
   1.4803644e+01   1.4295560e+02
   1.4785618e+01   1.4295560e+02
   1.4767591e+01   1.4295560e+02
   1.4749564e+01   1.4295560e+02
   1.4731538e+01   1.4295560e+02
   1.4713511e+01   1.4295560e+02
   1.4695484e+01   1.4295560e+02
   1.4677457e+01   1.4295560e+02
   1.4659431e+01   1.4295560e+02
   1.4641404e+01   1.4295560e+02
   1.4623377e+01   1.4295560e+02
   1.4605350e+01   1.4295560e+02
   1.4587323e+01   1.4295560e+02
   1.4569297e+01   1.4295560e+02
   1.4551270e+01   1.4295560e+02
   1.4533243e+01   1.4295560e+02
   1.4515217e+01   1.4295560e+02
   1.4497190e+01   1.4295560e+02
   1.4479163e+01   1.4295560e+02
   1.4461136e+01   1.4295560e+02
   1.4443110e+01   1.4295560e+02
   1.4425083e+01   1.4295560e+02
   1.4407056e+01   1.4295560e+02
   1.4389030e+01   1.4295560e+02
   1.4371002e+01   1.4295560e+02
   1.4352976e+01   1.4295560e+02
   1.4334949e+01   1.4295560e+02
   1.4316922e+01   1.4295560e+02
   1.4298896e+01   1.4295560e+02
   1.4280869e+01   1.4295560e+02
   1.4262842e+01   1.4295560e+02
   1.4244815e+01   1.4295560e+02
   1.4226789e+01   1.4295560e+02
   1.4208761e+01   1.4295560e+02
   1.4190735e+01   1.4295560e+02
   1.4172709e+01   1.4295560e+02
   1.4154681e+01   1.4295560e+02
   1.4136655e+01   1.4295560e+02
   1.4118628e+01   1.4295560e+02
   1.4100601e+01   1.4295560e+02
   1.4082575e+01   1.4295560e+02
   1.4064548e+01   1.4295560e+02
   1.4046521e+01   1.4295560e+02
   1.4028494e+01   1.4295560e+02
   1.4010468e+01   1.4295560e+02
   1.3992440e+01   1.4295560e+02
   1.3974414e+01   1.4295560e+02
   1.3956388e+01   1.4295560e+02
   1.3938360e+01   1.4295560e+02
   1.3920334e+01   1.4295560e+02
   1.3902307e+01   1.4295560e+02
   1.3884280e+01   1.4295560e+02
   1.3866254e+01   1.4295560e+02
   1.3848227e+01   1.4295560e+02
   1.3830200e+01   1.4295560e+02
   1.3812173e+01   1.4295560e+02
   1.3794147e+01   1.4295560e+02
   1.3776119e+01   1.4295560e+02
   1.3758093e+01   1.4295560e+02
   1.3740067e+01   1.4295560e+02
   1.3722039e+01   1.4295560e+02
   1.3704013e+01   1.4295560e+02
   1.3685986e+01   1.4295560e+02
   1.3667959e+01   1.4295560e+02
   1.3649933e+01   1.4295560e+02
   1.3631906e+01   1.4295560e+02
   1.3613879e+01   1.4295560e+02
   1.3595852e+01   1.4295560e+02
   1.3577826e+01   1.4295560e+02
   1.3559798e+01   1.4295560e+02
   1.3541772e+01   1.4295560e+02
   1.3523746e+01   1.4295560e+02
   1.3505718e+01   1.4295560e+02
   1.3487692e+01   1.4295560e+02
   1.3469665e+01   1.4295560e+02
   1.3451638e+01   1.4295560e+02
   1.3433611e+01   1.4295560e+02
   1.3415585e+01   1.4295560e+02
   1.3397558e+01   1.4295560e+02
   1.3379531e+01   1.4295560e+02
   1.3361505e+01   1.4295560e+02
   1.3343477e+01   1.4295560e+02
   1.3325451e+01   1.4295560e+02
   1.3307425e+01   1.4295560e+02
   1.3289397e+01   1.4295560e+02
   1.3271371e+01   1.4295560e+02
   1.3253344e+01   1.4295560e+02
   1.3235317e+01   1.4295560e+02
   1.3217290e+01   1.4295560e+02
   1.3199264e+01   1.4295560e+02
   1.3181237e+01   1.4295560e+02
   1.3163210e+01   1.4295560e+02
   1.3145184e+01   1.4295560e+02
   1.3127156e+01   1.4295560e+02
   1.3109130e+01   1.4295560e+02
   1.3091104e+01   1.4295560e+02
   1.3073076e+01   1.4295560e+02
   1.3055050e+01   1.4295560e+02
   1.3037023e+01   1.4295560e+02
   1.3018996e+01   1.4295560e+02
   1.3000969e+01   1.4295560e+02
   1.2982943e+01   1.4295560e+02
   1.2964916e+01   1.4295560e+02
   1.2946889e+01   1.4295560e+02
   1.2928863e+01   1.4295560e+02
   1.2910835e+01   1.4295560e+02
   1.2892809e+01   1.4295560e+02
   1.2874783e+01   1.4295560e+02
   1.2856755e+01   1.4295560e+02
   1.2838729e+01   1.4295560e+02
   1.2820702e+01   1.4295560e+02
   1.2802675e+01   1.4295560e+02
   1.2784648e+01   1.4295560e+02
   1.2766622e+01   1.4295560e+02
   1.2748595e+01   1.4295560e+02
   1.2730568e+01   1.4295560e+02
   1.2712542e+01   1.4295560e+02
   1.2694514e+01   1.4295560e+02
   1.2676488e+01   1.4295560e+02
   1.2658462e+01   1.4295560e+02
   1.2640434e+01   1.4295560e+02
   1.2622408e+01   1.4295560e+02
   1.2604381e+01   1.4295560e+02
   1.2586354e+01   1.4295560e+02
   1.2568327e+01   1.4295560e+02
   1.2550301e+01   1.4295560e+02
   1.2532274e+01   1.4295560e+02
   1.2514247e+01   1.4295560e+02
   1.2496221e+01   1.4295560e+02
   1.2478193e+01   1.4295560e+02
   1.2460167e+01   1.4295560e+02
   1.2442140e+01   1.4295560e+02
   1.2424113e+01   1.4295560e+02
   1.2406087e+01   1.4295560e+02
   1.2388060e+01   1.4295560e+02
   1.2370033e+01   1.4295560e+02
   1.2352006e+01   1.4295560e+02
   1.2333980e+01   1.4295560e+02
   1.2315953e+01   1.4295560e+02
   1.2297926e+01   1.4295560e+02
   1.2279900e+01   1.4295560e+02
   1.2261872e+01   1.4295560e+02
   1.2243846e+01   1.4295560e+02
   1.2225819e+01   1.4295560e+02
   1.2207792e+01   1.4295560e+02
   1.2189766e+01   1.4295560e+02
   1.2171739e+01   1.4295560e+02
   1.2153712e+01   1.4295560e+02
   1.2135685e+01   1.4295560e+02
   1.2117659e+01   1.4295560e+02
   1.2099632e+01   1.4295560e+02
   1.2081605e+01   1.4295560e+02
   1.2063579e+01   1.4295560e+02
   1.2045551e+01   1.4295560e+02
   1.2027525e+01   1.4295560e+02
   1.2009498e+01   1.4295560e+02
   1.1991471e+01   1.4295560e+02
   1.1973445e+01   1.4295560e+02
