   5.6055811e+05  -2.5214302e+06
   5.6055811e+05  -2.5121802e+06
   5.6055811e+05  -2.5038365e+06
   5.6055811e+05  -2.4963990e+06
   5.6055811e+05  -2.4898678e+06
   5.6055811e+05  -2.4842428e+06
   5.6055811e+05  -2.4795240e+06
   5.6055811e+05  -2.4757115e+06
   5.6055811e+05  -2.4728052e+06
   5.6055811e+05  -2.4708052e+06
   5.6055811e+05  -2.4688052e+06
   5.6055811e+05  -2.4668052e+06
   5.6055811e+05  -2.4648052e+06
   5.6055811e+05  -2.4628052e+06
   5.6055811e+05  -2.4608052e+06
   5.6055811e+05  -2.4588052e+06
   5.6055811e+05  -2.4568052e+06
   5.6055811e+05  -2.4548052e+06
   5.6055811e+05  -2.4528052e+06
   5.6055811e+05  -2.4508052e+06
   5.6055811e+05  -2.4488052e+06
   5.6055811e+05  -2.4468052e+06
   5.6055811e+05  -2.4448052e+06
   5.6055811e+05  -2.4428052e+06
   5.6055811e+05  -2.4408052e+06
   5.6055811e+05  -2.4388052e+06
   5.6055811e+05  -2.4368052e+06
   5.6055811e+05  -2.4348052e+06
   5.6055811e+05  -2.4328052e+06
   5.6055811e+05  -2.4308052e+06
   5.6055811e+05  -2.4288052e+06
   5.6055811e+05  -2.4268052e+06
   5.6055811e+05  -2.4248052e+06
   5.6055811e+05  -2.4228052e+06
   5.6055811e+05  -2.4208052e+06
   5.6055811e+05  -2.4188052e+06
   5.6055811e+05  -2.4168052e+06
   5.6055811e+05  -2.4148052e+06
   5.6055811e+05  -2.4128052e+06
   5.6055811e+05  -2.4108052e+06
   5.6055811e+05  -2.4088052e+06
   5.6055811e+05  -2.4068052e+06
   5.6055811e+05  -2.4048052e+06
   5.6055811e+05  -2.4028052e+06
   5.6055811e+05  -2.4008052e+06
   5.6055811e+05  -2.3988052e+06
   5.6055811e+05  -2.3968052e+06
   5.6055811e+05  -2.3948052e+06
   5.6055811e+05  -2.3928052e+06
   5.6055811e+05  -2.3908052e+06
   5.6055811e+05  -2.3888052e+06
   5.6055811e+05  -2.3868052e+06
   5.6055811e+05  -2.3848052e+06
   5.6055811e+05  -2.3828052e+06
   5.6055811e+05  -2.3808052e+06
   5.6055811e+05  -2.3788052e+06
   5.6055811e+05  -2.3768052e+06
   5.6055811e+05  -2.3748052e+06
   5.6055811e+05  -2.3728052e+06
   5.6055811e+05  -2.3708052e+06
   5.6055811e+05  -2.3688052e+06
   5.6055811e+05  -2.3668052e+06
   5.6055811e+05  -2.3648052e+06
   5.6055811e+05  -2.3628052e+06
   5.6055811e+05  -2.3608052e+06
   5.6055811e+05  -2.3588052e+06
   5.6055811e+05  -2.3568052e+06
   5.6055811e+05  -2.3548052e+06
   5.6055811e+05  -2.3528052e+06
   5.6055811e+05  -2.3508052e+06
   5.6055811e+05  -2.3488052e+06
   5.6055811e+05  -2.3468052e+06
   5.6055811e+05  -2.3448052e+06
   5.6055811e+05  -2.3428052e+06
   5.6055811e+05  -2.3408052e+06
   5.6055811e+05  -2.3388052e+06
   5.6055811e+05  -2.3368052e+06
   5.6055811e+05  -2.3348052e+06
   5.6055811e+05  -2.3328052e+06
   5.6055811e+05  -2.3308052e+06
   5.6055811e+05  -2.3288052e+06
   5.6055811e+05  -2.3268052e+06
   5.6055811e+05  -2.3248052e+06
   5.6055811e+05  -2.3228052e+06
   5.6055811e+05  -2.3208052e+06
   5.6055811e+05  -2.3188052e+06
   5.6055811e+05  -2.3168052e+06
   5.6055811e+05  -2.3148052e+06
   5.6055811e+05  -2.3128052e+06
   5.6055811e+05  -2.3108052e+06
   5.6055811e+05  -2.3088052e+06
   5.6055811e+05  -2.3068052e+06
   5.6055811e+05  -2.3048052e+06
   5.6055811e+05  -2.3028052e+06
   5.6055811e+05  -2.3008052e+06
   5.6055811e+05  -2.2988052e+06
   5.6055811e+05  -2.2968052e+06
   5.6055811e+05  -2.2948052e+06
   5.6055811e+05  -2.2928052e+06
   5.6055811e+05  -2.2908052e+06
   5.6055811e+05  -2.2888052e+06
   5.6055811e+05  -2.2868052e+06
   5.6055811e+05  -2.2848052e+06
   5.6055811e+05  -2.2828052e+06
   5.6055811e+05  -2.2808052e+06
   5.6055811e+05  -2.2788052e+06
   5.6055811e+05  -2.2768052e+06
   5.6055811e+05  -2.2748052e+06
   5.6055811e+05  -2.2728052e+06
   5.6055811e+05  -2.2708052e+06
   5.6055811e+05  -2.2688052e+06
   5.6055811e+05  -2.2668052e+06
   5.6055811e+05  -2.2648052e+06
   5.6055811e+05  -2.2628052e+06
   5.6055811e+05  -2.2608052e+06
   5.6055811e+05  -2.2588052e+06
   5.6055811e+05  -2.2568052e+06
   5.6055811e+05  -2.2548052e+06
   5.6055811e+05  -2.2528052e+06
   5.6055811e+05  -2.2508052e+06
   5.6055811e+05  -2.2488052e+06
   5.6055811e+05  -2.2468052e+06
   5.6055811e+05  -2.2448052e+06
   5.6055811e+05  -2.2428052e+06
   5.6055811e+05  -2.2408052e+06
   5.6055811e+05  -2.2388052e+06
   5.6055811e+05  -2.2368052e+06
   5.6055811e+05  -2.2348052e+06
   5.6055811e+05  -2.2328052e+06
   5.6055811e+05  -2.2308052e+06
   5.6055811e+05  -2.2288052e+06
   5.6055811e+05  -2.2268052e+06
   5.6055811e+05  -2.2248052e+06
   5.6055811e+05  -2.2228052e+06
   5.6055811e+05  -2.2208052e+06
   5.6055811e+05  -2.2188052e+06
   5.6055811e+05  -2.2168052e+06
   5.6055811e+05  -2.2148052e+06
   5.6055811e+05  -2.2128052e+06
   5.6055811e+05  -2.2108052e+06
   5.6055811e+05  -2.2088052e+06
   5.6055811e+05  -2.2068052e+06
   5.6055811e+05  -2.2048052e+06
   5.6055811e+05  -2.2028052e+06
   5.6055811e+05  -2.2008052e+06
   5.6055811e+05  -2.1988052e+06
   5.6055811e+05  -2.1968052e+06
   5.6055811e+05  -2.1948052e+06
   5.6055811e+05  -2.1928052e+06
   5.6055811e+05  -2.1908052e+06
   5.6055811e+05  -2.1888052e+06
   5.6055811e+05  -2.1868052e+06
   5.6055811e+05  -2.1848052e+06
   5.6055811e+05  -2.1828052e+06
   5.6055811e+05  -2.1808052e+06
   5.6055811e+05  -2.1788052e+06
   5.6055811e+05  -2.1768052e+06
   5.6055811e+05  -2.1748052e+06
   5.6055811e+05  -2.1728052e+06
   5.6055811e+05  -2.1708052e+06
   5.6055811e+05  -2.1688052e+06
   5.6055811e+05  -2.1668052e+06
   5.6055811e+05  -2.1648052e+06
   5.6055811e+05  -2.1628052e+06
   5.6055811e+05  -2.1608052e+06
   5.6055811e+05  -2.1588052e+06
   5.6055811e+05  -2.1568052e+06
   5.6055811e+05  -2.1548052e+06
   5.6055811e+05  -2.1528052e+06
   5.6055811e+05  -2.1508052e+06
   5.6055811e+05  -2.1488052e+06
   5.6055811e+05  -2.1468052e+06
   5.6055811e+05  -2.1448052e+06
   5.6055811e+05  -2.1428052e+06
   5.6055811e+05  -2.1408052e+06
   5.6055811e+05  -2.1388052e+06
   5.6055811e+05  -2.1368052e+06
   5.6055811e+05  -2.1348052e+06
   5.6055811e+05  -2.1328052e+06
   5.6055811e+05  -2.1308052e+06
   5.6055811e+05  -2.1288052e+06
   5.6055811e+05  -2.1258990e+06
   5.6055811e+05  -2.1220865e+06
   5.6055811e+05  -2.1173678e+06
   5.6055811e+05  -2.1117428e+06
   5.6055811e+05  -2.1052115e+06
   5.6055811e+05  -2.0977740e+06
   5.6055811e+05  -2.0894302e+06
   5.6055811e+05  -2.0801802e+06
