   6.2558109e+04  -2.5214302e+06
   6.4558109e+04  -2.5214302e+06
   6.6558109e+04  -2.5214302e+06
   6.8558109e+04  -2.5214302e+06
   7.0558109e+04  -2.5214302e+06
   7.2558109e+04  -2.5214302e+06
   7.4558109e+04  -2.5214302e+06
   7.6558109e+04  -2.5214302e+06
   7.8558109e+04  -2.5214302e+06
   8.0558109e+04  -2.5214302e+06
   8.2558109e+04  -2.5214302e+06
   8.4558109e+04  -2.5214302e+06
   8.6558109e+04  -2.5214302e+06
   8.8558109e+04  -2.5214302e+06
   9.0558109e+04  -2.5214302e+06
   9.2558109e+04  -2.5214302e+06
   9.4558109e+04  -2.5214302e+06
   9.6558109e+04  -2.5214302e+06
   9.8558109e+04  -2.5214302e+06
   1.0055811e+05  -2.5214302e+06
   1.0255811e+05  -2.5214302e+06
   1.0455811e+05  -2.5214302e+06
   1.0655811e+05  -2.5214302e+06
   1.0855811e+05  -2.5214302e+06
   1.1055811e+05  -2.5214302e+06
   1.1255811e+05  -2.5214302e+06
   1.1455811e+05  -2.5214302e+06
   1.1655811e+05  -2.5214302e+06
   1.1855811e+05  -2.5214302e+06
   1.2055811e+05  -2.5214302e+06
   1.2255811e+05  -2.5214302e+06
   1.2455811e+05  -2.5214302e+06
   1.2655811e+05  -2.5214302e+06
   1.2855811e+05  -2.5214302e+06
   1.3055811e+05  -2.5214302e+06
   1.3255811e+05  -2.5214302e+06
   1.3455811e+05  -2.5214302e+06
   1.3655811e+05  -2.5214302e+06
   1.3855811e+05  -2.5214302e+06
   1.4055811e+05  -2.5214302e+06
   1.4255811e+05  -2.5214302e+06
   1.4455811e+05  -2.5214302e+06
   1.4655811e+05  -2.5214302e+06
   1.4855811e+05  -2.5214302e+06
   1.5055811e+05  -2.5214302e+06
   1.5255811e+05  -2.5214302e+06
   1.5455811e+05  -2.5214302e+06
   1.5655811e+05  -2.5214302e+06
   1.5855811e+05  -2.5214302e+06
   1.6055811e+05  -2.5214302e+06
   1.6255811e+05  -2.5214302e+06
   1.6455811e+05  -2.5214302e+06
   1.6655811e+05  -2.5214302e+06
   1.6855811e+05  -2.5214302e+06
   1.7055811e+05  -2.5214302e+06
   1.7255811e+05  -2.5214302e+06
   1.7455811e+05  -2.5214302e+06
   1.7655811e+05  -2.5214302e+06
   1.7855811e+05  -2.5214302e+06
   1.8055811e+05  -2.5214302e+06
   1.8255811e+05  -2.5214302e+06
   1.8455811e+05  -2.5214302e+06
   1.8655811e+05  -2.5214302e+06
   1.8855811e+05  -2.5214302e+06
   1.9055811e+05  -2.5214302e+06
   1.9255811e+05  -2.5214302e+06
   1.9455811e+05  -2.5214302e+06
   1.9655811e+05  -2.5214302e+06
   1.9855811e+05  -2.5214302e+06
   2.0055811e+05  -2.5214302e+06
   2.0255811e+05  -2.5214302e+06
   2.0455811e+05  -2.5214302e+06
   2.0655811e+05  -2.5214302e+06
   2.0855811e+05  -2.5214302e+06
   2.1055811e+05  -2.5214302e+06
   2.1255811e+05  -2.5214302e+06
   2.1455811e+05  -2.5214302e+06
   2.1655811e+05  -2.5214302e+06
   2.1855811e+05  -2.5214302e+06
   2.2055811e+05  -2.5214302e+06
   2.2255811e+05  -2.5214302e+06
   2.2455811e+05  -2.5214302e+06
   2.2655811e+05  -2.5214302e+06
   2.2855811e+05  -2.5214302e+06
   2.3055811e+05  -2.5214302e+06
   2.3255811e+05  -2.5214302e+06
   2.3455811e+05  -2.5214302e+06
   2.3655811e+05  -2.5214302e+06
   2.3855811e+05  -2.5214302e+06
   2.4055811e+05  -2.5214302e+06
   2.4255811e+05  -2.5214302e+06
   2.4455811e+05  -2.5214302e+06
   2.4655811e+05  -2.5214302e+06
   2.4855811e+05  -2.5214302e+06
   2.5055811e+05  -2.5214302e+06
   2.5255811e+05  -2.5214302e+06
   2.5455811e+05  -2.5214302e+06
   2.5655811e+05  -2.5214302e+06
   2.5855811e+05  -2.5214302e+06
   2.6055811e+05  -2.5214302e+06
   2.6255811e+05  -2.5214302e+06
   2.6455811e+05  -2.5214302e+06
   2.6655811e+05  -2.5214302e+06
   2.6855811e+05  -2.5214302e+06
   2.7055811e+05  -2.5214302e+06
   2.7255811e+05  -2.5214302e+06
   2.7455811e+05  -2.5214302e+06
   2.7655811e+05  -2.5214302e+06
   2.7855811e+05  -2.5214302e+06
   2.8055811e+05  -2.5214302e+06
   2.8255811e+05  -2.5214302e+06
   2.8455811e+05  -2.5214302e+06
   2.8655811e+05  -2.5214302e+06
   2.8855811e+05  -2.5214302e+06
   2.9055811e+05  -2.5214302e+06
   2.9255811e+05  -2.5214302e+06
   2.9455811e+05  -2.5214302e+06
   2.9655811e+05  -2.5214302e+06
   2.9855811e+05  -2.5214302e+06
   3.0055811e+05  -2.5214302e+06
   3.0255811e+05  -2.5214302e+06
   3.0455811e+05  -2.5214302e+06
   3.0655811e+05  -2.5214302e+06
   3.0855811e+05  -2.5214302e+06
   3.1055811e+05  -2.5214302e+06
   3.1255811e+05  -2.5214302e+06
   3.1455811e+05  -2.5214302e+06
   3.1655811e+05  -2.5214302e+06
   3.1855811e+05  -2.5214302e+06
   3.2055811e+05  -2.5214302e+06
   3.2255811e+05  -2.5214302e+06
   3.2455811e+05  -2.5214302e+06
   3.2655811e+05  -2.5214302e+06
   3.2855811e+05  -2.5214302e+06
   3.3055811e+05  -2.5214302e+06
   3.3255811e+05  -2.5214302e+06
   3.3455811e+05  -2.5214302e+06
   3.3655811e+05  -2.5214302e+06
   3.3855811e+05  -2.5214302e+06
   3.4055811e+05  -2.5214302e+06
   3.4255811e+05  -2.5214302e+06
   3.4455811e+05  -2.5214302e+06
   3.4655811e+05  -2.5214302e+06
   3.4855811e+05  -2.5214302e+06
   3.5055811e+05  -2.5214302e+06
   3.5255811e+05  -2.5214302e+06
   3.5455811e+05  -2.5214302e+06
   3.5655811e+05  -2.5214302e+06
   3.5855811e+05  -2.5214302e+06
   3.6055811e+05  -2.5214302e+06
   3.6255811e+05  -2.5214302e+06
   3.6455811e+05  -2.5214302e+06
   3.6655811e+05  -2.5214302e+06
   3.6855811e+05  -2.5214302e+06
   3.7055811e+05  -2.5214302e+06
   3.7255811e+05  -2.5214302e+06
   3.7455811e+05  -2.5214302e+06
   3.7655811e+05  -2.5214302e+06
   3.7855811e+05  -2.5214302e+06
   3.8055811e+05  -2.5214302e+06
   3.8255811e+05  -2.5214302e+06
   3.8455811e+05  -2.5214302e+06
   3.8655811e+05  -2.5214302e+06
   3.8855811e+05  -2.5214302e+06
   3.9055811e+05  -2.5214302e+06
   3.9255811e+05  -2.5214302e+06
   3.9455811e+05  -2.5214302e+06
   3.9655811e+05  -2.5214302e+06
   3.9855811e+05  -2.5214302e+06
   4.0055811e+05  -2.5214302e+06
   4.0255811e+05  -2.5214302e+06
   4.0455811e+05  -2.5214302e+06
   4.0655811e+05  -2.5214302e+06
   4.0855811e+05  -2.5214302e+06
   4.1055811e+05  -2.5214302e+06
   4.1255811e+05  -2.5214302e+06
   4.1455811e+05  -2.5214302e+06
   4.1655811e+05  -2.5214302e+06
   4.1855811e+05  -2.5214302e+06
   4.2055811e+05  -2.5214302e+06
   4.2255811e+05  -2.5214302e+06
   4.2455811e+05  -2.5214302e+06
   4.2655811e+05  -2.5214302e+06
   4.2855811e+05  -2.5214302e+06
   4.3055811e+05  -2.5214302e+06
   4.3255811e+05  -2.5214302e+06
   4.3455811e+05  -2.5214302e+06
   4.3655811e+05  -2.5214302e+06
   4.3855811e+05  -2.5214302e+06
   4.4055811e+05  -2.5214302e+06
   4.4255811e+05  -2.5214302e+06
   4.4455811e+05  -2.5214302e+06
   4.4655811e+05  -2.5214302e+06
   4.4855811e+05  -2.5214302e+06
   4.5055811e+05  -2.5214302e+06
   4.5255811e+05  -2.5214302e+06
   4.5455811e+05  -2.5214302e+06
   4.5655811e+05  -2.5214302e+06
   4.5855811e+05  -2.5214302e+06
   4.6055811e+05  -2.5214302e+06
   4.6255811e+05  -2.5214302e+06
   4.6455811e+05  -2.5214302e+06
   4.6655811e+05  -2.5214302e+06
   4.6855811e+05  -2.5214302e+06
   4.7055811e+05  -2.5214302e+06
   4.7255811e+05  -2.5214302e+06
   4.7455811e+05  -2.5214302e+06
   4.7655811e+05  -2.5214302e+06
   4.7855811e+05  -2.5214302e+06
   4.8055811e+05  -2.5214302e+06
   4.8255811e+05  -2.5214302e+06
   4.8455811e+05  -2.5214302e+06
   4.8655811e+05  -2.5214302e+06
   4.8855811e+05  -2.5214302e+06
   4.9055811e+05  -2.5214302e+06
   4.9255811e+05  -2.5214302e+06
   4.9455811e+05  -2.5214302e+06
   4.9655811e+05  -2.5214302e+06
   4.9855811e+05  -2.5214302e+06
   5.0055811e+05  -2.5214302e+06
   5.0255811e+05  -2.5214302e+06
   5.0455811e+05  -2.5214302e+06
   5.0655811e+05  -2.5214302e+06
   5.0855811e+05  -2.5214302e+06
   5.1055811e+05  -2.5214302e+06
   5.1255811e+05  -2.5214302e+06
   5.1455811e+05  -2.5214302e+06
   5.1655811e+05  -2.5214302e+06
   5.1855811e+05  -2.5214302e+06
   5.2055811e+05  -2.5214302e+06
   5.2255811e+05  -2.5214302e+06
   5.2455811e+05  -2.5214302e+06
   5.2655811e+05  -2.5214302e+06
   5.2855811e+05  -2.5214302e+06
   5.3055811e+05  -2.5214302e+06
   5.3255811e+05  -2.5214302e+06
   5.3455811e+05  -2.5214302e+06
   5.3655811e+05  -2.5214302e+06
   5.3855811e+05  -2.5214302e+06
   5.4055811e+05  -2.5214302e+06
   5.4255811e+05  -2.5214302e+06
   5.4455811e+05  -2.5214302e+06
   5.4655811e+05  -2.5214302e+06
   5.4855811e+05  -2.5214302e+06
   5.5055811e+05  -2.5214302e+06
   5.5255811e+05  -2.5214302e+06
   5.5455811e+05  -2.5214302e+06
   5.5655811e+05  -2.5214302e+06
   5.5855811e+05  -2.5214302e+06
   5.6055811e+05  -2.5214302e+06
