Interpolation Weights at RHO-contact points:  donor = 01, receiver = 02 

   n     Hweight(1)   Hweight(2)   Hweight(3)   Hweight(4)       SUM       Idg   indx5   indx6    XIdgO       XIrg      XIdgR     Jdg   indx8    ETAdgO     ETArg      ETAdgT 

0000001  1.00000e+00  0.00000e+00  0.00000e+00  0.00000e+00  1.00000e+00    98    9074    9075   97.50000   97.50000   98.50000    52    9250   51.50000   51.50000   52.50000
0000002  1.00000e+00  0.00000e+00  0.00000e+00  0.00000e+00  1.00000e+00    99    9075    9076   98.50000   98.50000   99.50000    52    9251   51.50000   51.50000   52.50000
0000003  1.00000e+00  0.00000e+00  0.00000e+00  0.00000e+00  1.00000e+00   100    9076    9077   99.50000   99.50000  100.50000    52    9252   51.50000   51.50000   52.50000
0000004  1.00000e+00  0.00000e+00  0.00000e+00  0.00000e+00  1.00000e+00   101    9077    9078  100.50000  100.50000  101.50000    52    9253   51.50000   51.50000   52.50000
0000005  1.00000e+00  0.00000e+00  0.00000e+00  0.00000e+00  1.00000e+00   102    9078    9079  101.50000  101.50000  102.50000    52    9254   51.50000   51.50000   52.50000
0000006  1.00000e+00  0.00000e+00  0.00000e+00  0.00000e+00  1.00000e+00   103    9079    9080  102.50000  102.50000  103.50000    52    9255   51.50000   51.50000   52.50000
0000007  1.00000e+00  0.00000e+00  0.00000e+00  0.00000e+00  1.00000e+00   104    9080    9081  103.50000  103.50000  104.50000    52    9256   51.50000   51.50000   52.50000
0000008  1.00000e+00  0.00000e+00  0.00000e+00  0.00000e+00  1.00000e+00   105    9081    9082  104.50000  104.50000  105.50000    52    9257   51.50000   51.50000   52.50000
0000009  1.00000e+00  0.00000e+00  0.00000e+00  0.00000e+00  1.00000e+00   106    9082    9083  105.50000  105.50000  106.50000    52    9258   51.50000   51.50000   52.50000
0000010  1.00000e+00  0.00000e+00  0.00000e+00  0.00000e+00  1.00000e+00   107    9083    9084  106.50000  106.50000  107.50000    52    9259   51.50000   51.50000   52.50000
0000011  1.00000e+00  0.00000e+00  0.00000e+00  0.00000e+00  1.00000e+00   108    9084    9085  107.50000  107.50000  108.50000    52    9260   51.50000   51.50000   52.50000
0000012  1.00000e+00  0.00000e+00  0.00000e+00  0.00000e+00  1.00000e+00   109    9085    9086  108.50000  108.50000  109.50000    52    9261   51.50000   51.50000   52.50000
0000013  1.00000e+00  0.00000e+00  0.00000e+00  0.00000e+00  1.00000e+00   110    9086    9087  109.50000  109.50000  110.50000    52    9262   51.50000   51.50000   52.50000
0000014  1.00000e+00  0.00000e+00  0.00000e+00  0.00000e+00  1.00000e+00   111    9087    9088  110.50000  110.50000  111.50000    52    9263   51.50000   51.50000   52.50000
0000015  1.00000e+00  0.00000e+00  0.00000e+00  0.00000e+00  1.00000e+00   112    9088    9089  111.50000  111.50000  112.50000    52    9264   51.50000   51.50000   52.50000
0000016  1.00000e+00  0.00000e+00  0.00000e+00  0.00000e+00  1.00000e+00   113    9089    9090  112.50000  112.50000  113.50000    52    9265   51.50000   51.50000   52.50000
0000017  1.00000e+00  0.00000e+00  0.00000e+00  0.00000e+00  1.00000e+00   114    9090    9091  113.50000  113.50000  114.50000    52    9266   51.50000   51.50000   52.50000
0000018  1.00000e+00  0.00000e+00  0.00000e+00  0.00000e+00  1.00000e+00   115    9091    9092  114.50000  114.50000  115.50000    52    9267   51.50000   51.50000   52.50000
0000019  1.00000e+00  0.00000e+00  0.00000e+00  0.00000e+00  1.00000e+00   116    9092    9093  115.50000  115.50000  116.50000    52    9268   51.50000   51.50000   52.50000
0000020  1.00000e+00  0.00000e+00  0.00000e+00  0.00000e+00  1.00000e+00   117    9093    9094  116.50000  116.50000  117.50000    52    9269   51.50000   51.50000   52.50000
0000021  1.00000e+00  0.00000e+00  0.00000e+00  0.00000e+00  1.00000e+00   118    9094    9095  117.50000  117.50000  118.50000    52    9270   51.50000   51.50000   52.50000
0000022  1.00000e+00  0.00000e+00  0.00000e+00  0.00000e+00  1.00000e+00   119    9095    9096  118.50000  118.50000  119.50000    52    9271   51.50000   51.50000   52.50000
0000023  1.00000e+00  0.00000e+00  0.00000e+00  0.00000e+00  1.00000e+00   120    9096    9097  119.50000  119.50000  120.50000    52    9272   51.50000   51.50000   52.50000
0000024  1.00000e+00  0.00000e+00  0.00000e+00  0.00000e+00  1.00000e+00   121    9097    9098  120.50000  120.50000  121.50000    52    9273   51.50000   51.50000   52.50000
0000025  1.00000e+00  0.00000e+00  0.00000e+00  0.00000e+00  1.00000e+00   122    9098    9099  121.50000  121.50000  122.50000    52    9274   51.50000   51.50000   52.50000
0000026  1.00000e+00  0.00000e+00  0.00000e+00  0.00000e+00  1.00000e+00   123    9099    9100  122.50000  122.50000  123.50000    52    9275   51.50000   51.50000   52.50000
0000027  1.00000e+00  0.00000e+00  0.00000e+00  0.00000e+00  1.00000e+00    98    9250    9251   97.50000   97.50000   98.50000    53    9426   52.50000   52.50000   53.50000
0000028  1.00000e+00  0.00000e+00  0.00000e+00  0.00000e+00  1.00000e+00    99    9251    9252   98.50000   98.50000   99.50000    53    9427   52.50000   52.50000   53.50000
0000029  1.00000e+00  0.00000e+00  0.00000e+00  0.00000e+00  1.00000e+00   100    9252    9253   99.50000   99.50000  100.50000    53    9428   52.50000   52.50000   53.50000
0000030  1.00000e+00  0.00000e+00  0.00000e+00  0.00000e+00  1.00000e+00   101    9253    9254  100.50000  100.50000  101.50000    53    9429   52.50000   52.50000   53.50000
0000031  1.00000e+00  0.00000e+00  0.00000e+00  0.00000e+00  1.00000e+00   102    9254    9255  101.50000  101.50000  102.50000    53    9430   52.50000   52.50000   53.50000
0000032  1.00000e+00  0.00000e+00  0.00000e+00  0.00000e+00  1.00000e+00   103    9255    9256  102.50000  102.50000  103.50000    53    9431   52.50000   52.50000   53.50000
0000033  1.00000e+00  0.00000e+00  0.00000e+00  0.00000e+00  1.00000e+00   104    9256    9257  103.50000  103.50000  104.50000    53    9432   52.50000   52.50000   53.50000
0000034  1.00000e+00  0.00000e+00  0.00000e+00  0.00000e+00  1.00000e+00   105    9257    9258  104.50000  104.50000  105.50000    53    9433   52.50000   52.50000   53.50000
0000035  1.00000e+00  0.00000e+00  0.00000e+00  0.00000e+00  1.00000e+00   106    9258    9259  105.50000  105.50000  106.50000    53    9434   52.50000   52.50000   53.50000
0000036  1.00000e+00  0.00000e+00  0.00000e+00  0.00000e+00  1.00000e+00   107    9259    9260  106.50000  106.50000  107.50000    53    9435   52.50000   52.50000   53.50000
0000037  1.00000e+00  0.00000e+00  0.00000e+00  0.00000e+00  1.00000e+00   108    9260    9261  107.50000  107.50000  108.50000    53    9436   52.50000   52.50000   53.50000
0000038  1.00000e+00  0.00000e+00  0.00000e+00  0.00000e+00  1.00000e+00   109    9261    9262  108.50000  108.50000  109.50000    53    9437   52.50000   52.50000   53.50000
0000039  1.00000e+00  0.00000e+00  0.00000e+00  0.00000e+00  1.00000e+00   110    9262    9263  109.50000  109.50000  110.50000    53    9438   52.50000   52.50000   53.50000
0000040  1.00000e+00  0.00000e+00  0.00000e+00  0.00000e+00  1.00000e+00   111    9263    9264  110.50000  110.50000  111.50000    53    9439   52.50000   52.50000   53.50000
0000041  1.00000e+00  0.00000e+00  0.00000e+00  0.00000e+00  1.00000e+00   112    9264    9265  111.50000  111.50000  112.50000    53    9440   52.50000   52.50000   53.50000
0000042  1.00000e+00  0.00000e+00  0.00000e+00  0.00000e+00  1.00000e+00   113    9265    9266  112.50000  112.50000  113.50000    53    9441   52.50000   52.50000   53.50000
0000043  1.00000e+00  0.00000e+00  0.00000e+00  0.00000e+00  1.00000e+00   114    9266    9267  113.50000  113.50000  114.50000    53    9442   52.50000   52.50000   53.50000
0000044  1.00000e+00  0.00000e+00  0.00000e+00  0.00000e+00  1.00000e+00   115    9267    9268  114.50000  114.50000  115.50000    53    9443   52.50000   52.50000   53.50000
0000045  1.00000e+00  0.00000e+00  0.00000e+00  0.00000e+00  1.00000e+00   116    9268    9269  115.50000  115.50000  116.50000    53    9444   52.50000   52.50000   53.50000
0000046  1.00000e+00  0.00000e+00  0.00000e+00  0.00000e+00  1.00000e+00   117    9269    9270  116.50000  116.50000  117.50000    53    9445   52.50000   52.50000   53.50000
0000047  1.00000e+00  0.00000e+00  0.00000e+00  0.00000e+00  1.00000e+00   118    9270    9271  117.50000  117.50000  118.50000    53    9446   52.50000   52.50000   53.50000
0000048  1.00000e+00  0.00000e+00  0.00000e+00  0.00000e+00  1.00000e+00   119    9271    9272  118.50000  118.50000  119.50000    53    9447   52.50000   52.50000   53.50000
0000049  1.00000e+00  0.00000e+00  0.00000e+00  0.00000e+00  1.00000e+00   120    9272    9273  119.50000  119.50000  120.50000    53    9448   52.50000   52.50000   53.50000
0000050  1.00000e+00  0.00000e+00  0.00000e+00  0.00000e+00  1.00000e+00   121    9273    9274  120.50000  120.50000  121.50000    53    9449   52.50000   52.50000   53.50000
0000051  1.00000e+00  0.00000e+00  0.00000e+00  0.00000e+00  1.00000e+00   122    9274    9275  121.50000  121.50000  122.50000    53    9450   52.50000   52.50000   53.50000
0000052  1.00000e+00  0.00000e+00  0.00000e+00  0.00000e+00  1.00000e+00   123    9275    9276  122.50000  122.50000  123.50000    53    9451   52.50000   52.50000   53.50000
0000053  1.00000e+00  0.00000e+00  0.00000e+00  0.00000e+00  1.00000e+00    98    9426    9427   97.50000   97.50000   98.50000    54    9602   53.50000   53.50000   54.50000
0000054  1.00000e+00  0.00000e+00  0.00000e+00  0.00000e+00  1.00000e+00    99    9427    9428   98.50000   98.50000   99.50000    54    9603   53.50000   53.50000   54.50000
0000055  1.00000e+00  0.00000e+00  0.00000e+00  0.00000e+00  1.00000e+00   100    9428    9429   99.50000   99.50000  100.50000    54    9604   53.50000   53.50000   54.50000
0000056  1.00000e+00  0.00000e+00  0.00000e+00  0.00000e+00  1.00000e+00   101    9429    9430  100.50000  100.50000  101.50000    54    9605   53.50000   53.50000   54.50000
0000057  1.00000e+00  0.00000e+00  0.00000e+00  0.00000e+00  1.00000e+00   102    9430    9431  101.50000  101.50000  102.50000    54    9606   53.50000   53.50000   54.50000
0000058  1.00000e+00  0.00000e+00  0.00000e+00  0.00000e+00  1.00000e+00   103    9431    9432  102.50000  102.50000  103.50000    54    9607   53.50000   53.50000   54.50000
0000059  1.00000e+00  0.00000e+00  0.00000e+00  0.00000e+00  1.00000e+00   104    9432    9433  103.50000  103.50000  104.50000    54    9608   53.50000   53.50000   54.50000
0000060  1.00000e+00  0.00000e+00  0.00000e+00  0.00000e+00  1.00000e+00   105    9433    9434  104.50000  104.50000  105.50000    54    9609   53.50000   53.50000   54.50000
0000061  1.00000e+00  0.00000e+00  0.00000e+00  0.00000e+00  1.00000e+00   106    9434    9435  105.50000  105.50000  106.50000    54    9610   53.50000   53.50000   54.50000
0000062  1.00000e+00  0.00000e+00  0.00000e+00  0.00000e+00  1.00000e+00   107    9435    9436  106.50000  106.50000  107.50000    54    9611   53.50000   53.50000   54.50000
0000063  1.00000e+00  0.00000e+00  0.00000e+00  0.00000e+00  1.00000e+00   108    9436    9437  107.50000  107.50000  108.50000    54    9612   53.50000   53.50000   54.50000
0000064  1.00000e+00  0.00000e+00  0.00000e+00  0.00000e+00  1.00000e+00   109    9437    9438  108.50000  108.50000  109.50000    54    9613   53.50000   53.50000   54.50000
0000065  1.00000e+00  0.00000e+00  0.00000e+00  0.00000e+00  1.00000e+00   110    9438    9439  109.50000  109.50000  110.50000    54    9614   53.50000   53.50000   54.50000
0000066  1.00000e+00  0.00000e+00  0.00000e+00  0.00000e+00  1.00000e+00   111    9439    9440  110.50000  110.50000  111.50000    54    9615   53.50000   53.50000   54.50000
0000067  1.00000e+00  0.00000e+00  0.00000e+00  0.00000e+00  1.00000e+00   112    9440    9441  111.50000  111.50000  112.50000    54    9616   53.50000   53.50000   54.50000
0000068  1.00000e+00  0.00000e+00  0.00000e+00  0.00000e+00  1.00000e+00   113    9441    9442  112.50000  112.50000  113.50000    54    9617   53.50000   53.50000   54.50000
0000069  1.00000e+00  0.00000e+00  0.00000e+00  0.00000e+00  1.00000e+00   114    9442    9443  113.50000  113.50000  114.50000    54    9618   53.50000   53.50000   54.50000
0000070  1.00000e+00  0.00000e+00  0.00000e+00  0.00000e+00  1.00000e+00   115    9443    9444  114.50000  114.50000  115.50000    54    9619   53.50000   53.50000   54.50000
0000071  1.00000e+00  0.00000e+00  0.00000e+00  0.00000e+00  1.00000e+00   116    9444    9445  115.50000  115.50000  116.50000    54    9620   53.50000   53.50000   54.50000
0000072  1.00000e+00  0.00000e+00  0.00000e+00  0.00000e+00  1.00000e+00   117    9445    9446  116.50000  116.50000  117.50000    54    9621   53.50000   53.50000   54.50000
0000073  1.00000e+00  0.00000e+00  0.00000e+00  0.00000e+00  1.00000e+00   118    9446    9447  117.50000  117.50000  118.50000    54    9622   53.50000   53.50000   54.50000
0000074  1.00000e+00  0.00000e+00  0.00000e+00  0.00000e+00  1.00000e+00   119    9447    9448  118.50000  118.50000  119.50000    54    9623   53.50000   53.50000   54.50000
0000075  1.00000e+00  0.00000e+00  0.00000e+00  0.00000e+00  1.00000e+00   120    9448    9449  119.50000  119.50000  120.50000    54    9624   53.50000   53.50000   54.50000
0000076  1.00000e+00  0.00000e+00  0.00000e+00  0.00000e+00  1.00000e+00   121    9449    9450  120.50000  120.50000  121.50000    54    9625   53.50000   53.50000   54.50000
0000077  1.00000e+00  0.00000e+00  0.00000e+00  0.00000e+00  1.00000e+00   122    9450    9451  121.50000  121.50000  122.50000    54    9626   53.50000   53.50000   54.50000
0000078  1.00000e+00  0.00000e+00  0.00000e+00  0.00000e+00  1.00000e+00   123    9451    9452  122.50000  122.50000  123.50000    54    9627   53.50000   53.50000   54.50000
0000079  1.00000e+00  0.00000e+00  0.00000e+00  0.00000e+00  1.00000e+00    98    9602    9603   97.50000   97.50000   98.50000    55    9778   54.50000   54.50000   55.50000
0000080  1.00000e+00  0.00000e+00  0.00000e+00  0.00000e+00  1.00000e+00    99    9603    9604   98.50000   98.50000   99.50000    55    9779   54.50000   54.50000   55.50000
0000081  1.00000e+00  0.00000e+00  0.00000e+00  0.00000e+00  1.00000e+00   100    9604    9605   99.50000   99.50000  100.50000    55    9780   54.50000   54.50000   55.50000
0000082  1.00000e+00  0.00000e+00  0.00000e+00  0.00000e+00  1.00000e+00   101    9605    9606  100.50000  100.50000  101.50000    55    9781   54.50000   54.50000   55.50000
0000083  1.00000e+00  0.00000e+00  0.00000e+00  0.00000e+00  1.00000e+00   102    9606    9607  101.50000  101.50000  102.50000    55    9782   54.50000   54.50000   55.50000
0000084  1.00000e+00  0.00000e+00  0.00000e+00  0.00000e+00  1.00000e+00   103    9607    9608  102.50000  102.50000  103.50000    55    9783   54.50000   54.50000   55.50000
0000085  1.00000e+00  0.00000e+00  0.00000e+00  0.00000e+00  1.00000e+00   104    9608    9609  103.50000  103.50000  104.50000    55    9784   54.50000   54.50000   55.50000
0000086  1.00000e+00  0.00000e+00  0.00000e+00  0.00000e+00  1.00000e+00   105    9609    9610  104.50000  104.50000  105.50000    55    9785   54.50000   54.50000   55.50000
0000087  1.00000e+00  0.00000e+00  0.00000e+00  0.00000e+00  1.00000e+00   106    9610    9611  105.50000  105.50000  106.50000    55    9786   54.50000   54.50000   55.50000
0000088  1.00000e+00  0.00000e+00  0.00000e+00  0.00000e+00  1.00000e+00   107    9611    9612  106.50000  106.50000  107.50000    55    9787   54.50000   54.50000   55.50000
0000089  1.00000e+00  0.00000e+00  0.00000e+00  0.00000e+00  1.00000e+00   108    9612    9613  107.50000  107.50000  108.50000    55    9788   54.50000   54.50000   55.50000
0000090  1.00000e+00  0.00000e+00  0.00000e+00  0.00000e+00  1.00000e+00   109    9613    9614  108.50000  108.50000  109.50000    55    9789   54.50000   54.50000   55.50000
0000091  1.00000e+00  0.00000e+00  0.00000e+00  0.00000e+00  1.00000e+00   110    9614    9615  109.50000  109.50000  110.50000    55    9790   54.50000   54.50000   55.50000
0000092  1.00000e+00  0.00000e+00  0.00000e+00  0.00000e+00  1.00000e+00   111    9615    9616  110.50000  110.50000  111.50000    55    9791   54.50000   54.50000   55.50000
0000093  1.00000e+00  0.00000e+00  0.00000e+00  0.00000e+00  1.00000e+00   112    9616    9617  111.50000  111.50000  112.50000    55    9792   54.50000   54.50000   55.50000
0000094  1.00000e+00  0.00000e+00  0.00000e+00  0.00000e+00  1.00000e+00   113    9617    9618  112.50000  112.50000  113.50000    55    9793   54.50000   54.50000   55.50000
0000095  1.00000e+00  0.00000e+00  0.00000e+00  0.00000e+00  1.00000e+00   114    9618    9619  113.50000  113.50000  114.50000    55    9794   54.50000   54.50000   55.50000
0000096  1.00000e+00  0.00000e+00  0.00000e+00  0.00000e+00  1.00000e+00   115    9619    9620  114.50000  114.50000  115.50000    55    9795   54.50000   54.50000   55.50000
0000097  1.00000e+00  0.00000e+00  0.00000e+00  0.00000e+00  1.00000e+00   116    9620    9621  115.50000  115.50000  116.50000    55    9796   54.50000   54.50000   55.50000
0000098  1.00000e+00  0.00000e+00  0.00000e+00  0.00000e+00  1.00000e+00   117    9621    9622  116.50000  116.50000  117.50000    55    9797   54.50000   54.50000   55.50000
0000099  1.00000e+00  0.00000e+00  0.00000e+00  0.00000e+00  1.00000e+00   118    9622    9623  117.50000  117.50000  118.50000    55    9798   54.50000   54.50000   55.50000
0000100  1.00000e+00  0.00000e+00  0.00000e+00  0.00000e+00  1.00000e+00   119    9623    9624  118.50000  118.50000  119.50000    55    9799   54.50000   54.50000   55.50000
0000101  1.00000e+00  0.00000e+00  0.00000e+00  0.00000e+00  1.00000e+00   120    9624    9625  119.50000  119.50000  120.50000    55    9800   54.50000   54.50000   55.50000
0000102  1.00000e+00  0.00000e+00  0.00000e+00  0.00000e+00  1.00000e+00   121    9625    9626  120.50000  120.50000  121.50000    55    9801   54.50000   54.50000   55.50000
0000103  1.00000e+00  0.00000e+00  0.00000e+00  0.00000e+00  1.00000e+00   122    9626    9627  121.50000  121.50000  122.50000    55    9802   54.50000   54.50000   55.50000
0000104  1.00000e+00  0.00000e+00  0.00000e+00  0.00000e+00  1.00000e+00   123    9627    9628  122.50000  122.50000  123.50000    55    9803   54.50000   54.50000   55.50000
0000105  1.00000e+00  0.00000e+00  0.00000e+00  0.00000e+00  1.00000e+00    98    9778    9779   97.50000   97.50000   98.50000    56    9954   55.50000   55.50000   56.50000
0000106  1.00000e+00  0.00000e+00  0.00000e+00  0.00000e+00  1.00000e+00    99    9779    9780   98.50000   98.50000   99.50000    56    9955   55.50000   55.50000   56.50000
0000107  1.00000e+00  0.00000e+00  0.00000e+00  0.00000e+00  1.00000e+00   100    9780    9781   99.50000   99.50000  100.50000    56    9956   55.50000   55.50000   56.50000
0000108  1.00000e+00  0.00000e+00  0.00000e+00  0.00000e+00  1.00000e+00   101    9781    9782  100.50000  100.50000  101.50000    56    9957   55.50000   55.50000   56.50000
0000109  1.00000e+00  0.00000e+00  0.00000e+00  0.00000e+00  1.00000e+00   121    9801    9802  120.50000  120.50000  121.50000    56    9977   55.50000   55.50000   56.50000
0000110  1.00000e+00  0.00000e+00  0.00000e+00  0.00000e+00  1.00000e+00   122    9802    9803  121.50000  121.50000  122.50000    56    9978   55.50000   55.50000   56.50000
0000111  1.00000e+00  0.00000e+00  0.00000e+00  0.00000e+00  1.00000e+00   123    9803    9804  122.50000  122.50000  123.50000    56    9979   55.50000   55.50000   56.50000
0000112  1.00000e+00  0.00000e+00  0.00000e+00  0.00000e+00  1.00000e+00    98    9954    9955   97.50000   97.50000   98.50000    57   10130   56.50000   56.50000   57.50000
0000113  1.00000e+00  0.00000e+00  0.00000e+00  0.00000e+00  1.00000e+00    99    9955    9956   98.50000   98.50000   99.50000    57   10131   56.50000   56.50000   57.50000
0000114  1.00000e+00  0.00000e+00  0.00000e+00  0.00000e+00  1.00000e+00   100    9956    9957   99.50000   99.50000  100.50000    57   10132   56.50000   56.50000   57.50000
0000115  1.00000e+00  0.00000e+00  0.00000e+00  0.00000e+00  1.00000e+00   101    9957    9958  100.50000  100.50000  101.50000    57   10133   56.50000   56.50000   57.50000
0000116  1.00000e+00  0.00000e+00  0.00000e+00  0.00000e+00  1.00000e+00   121    9977    9978  120.50000  120.50000  121.50000    57   10153   56.50000   56.50000   57.50000
0000117  1.00000e+00  0.00000e+00  0.00000e+00  0.00000e+00  1.00000e+00   122    9978    9979  121.50000  121.50000  122.50000    57   10154   56.50000   56.50000   57.50000
0000118  1.00000e+00  0.00000e+00  0.00000e+00  0.00000e+00  1.00000e+00   123    9979    9980  122.50000  122.50000  123.50000    57   10155   56.50000   56.50000   57.50000
0000119  1.00000e+00  0.00000e+00  0.00000e+00  0.00000e+00  1.00000e+00    98   10130   10131   97.50000   97.50000   98.50000    58   10306   57.50000   57.50000   58.50000
0000120  1.00000e+00  0.00000e+00  0.00000e+00  0.00000e+00  1.00000e+00    99   10131   10132   98.50000   98.50000   99.50000    58   10307   57.50000   57.50000   58.50000
0000121  1.00000e+00  0.00000e+00  0.00000e+00  0.00000e+00  1.00000e+00   100   10132   10133   99.50000   99.50000  100.50000    58   10308   57.50000   57.50000   58.50000
0000122  1.00000e+00  0.00000e+00  0.00000e+00  0.00000e+00  1.00000e+00   101   10133   10134  100.50000  100.50000  101.50000    58   10309   57.50000   57.50000   58.50000
0000123  1.00000e+00  0.00000e+00  0.00000e+00  0.00000e+00  1.00000e+00   121   10153   10154  120.50000  120.50000  121.50000    58   10329   57.50000   57.50000   58.50000
0000124  1.00000e+00  0.00000e+00  0.00000e+00  0.00000e+00  1.00000e+00   122   10154   10155  121.50000  121.50000  122.50000    58   10330   57.50000   57.50000   58.50000
0000125  1.00000e+00  0.00000e+00  0.00000e+00  0.00000e+00  1.00000e+00   123   10155   10156  122.50000  122.50000  123.50000    58   10331   57.50000   57.50000   58.50000
0000126  1.00000e+00  0.00000e+00  0.00000e+00  0.00000e+00  1.00000e+00    98   10306   10307   97.50000   97.50000   98.50000    59   10482   58.50000   58.50000   59.50000
0000127  1.00000e+00  0.00000e+00  0.00000e+00  0.00000e+00  1.00000e+00    99   10307   10308   98.50000   98.50000   99.50000    59   10483   58.50000   58.50000   59.50000
0000128  1.00000e+00  0.00000e+00  0.00000e+00  0.00000e+00  1.00000e+00   100   10308   10309   99.50000   99.50000  100.50000    59   10484   58.50000   58.50000   59.50000
0000129  1.00000e+00  0.00000e+00  0.00000e+00  0.00000e+00  1.00000e+00   101   10309   10310  100.50000  100.50000  101.50000    59   10485   58.50000   58.50000   59.50000
0000130  1.00000e+00  0.00000e+00  0.00000e+00  0.00000e+00  1.00000e+00   121   10329   10330  120.50000  120.50000  121.50000    59   10505   58.50000   58.50000   59.50000
0000131  1.00000e+00  0.00000e+00  0.00000e+00  0.00000e+00  1.00000e+00   122   10330   10331  121.50000  121.50000  122.50000    59   10506   58.50000   58.50000   59.50000
0000132  1.00000e+00  0.00000e+00  0.00000e+00  0.00000e+00  1.00000e+00   123   10331   10332  122.50000  122.50000  123.50000    59   10507   58.50000   58.50000   59.50000
0000133  1.00000e+00  0.00000e+00  0.00000e+00  0.00000e+00  1.00000e+00    98   10482   10483   97.50000   97.50000   98.50000    60   10658   59.50000   59.50000   60.50000
0000134  1.00000e+00  0.00000e+00  0.00000e+00  0.00000e+00  1.00000e+00    99   10483   10484   98.50000   98.50000   99.50000    60   10659   59.50000   59.50000   60.50000
0000135  1.00000e+00  0.00000e+00  0.00000e+00  0.00000e+00  1.00000e+00   100   10484   10485   99.50000   99.50000  100.50000    60   10660   59.50000   59.50000   60.50000
0000136  1.00000e+00  0.00000e+00  0.00000e+00  0.00000e+00  1.00000e+00   101   10485   10486  100.50000  100.50000  101.50000    60   10661   59.50000   59.50000   60.50000
0000137  1.00000e+00  0.00000e+00  0.00000e+00  0.00000e+00  1.00000e+00   121   10505   10506  120.50000  120.50000  121.50000    60   10681   59.50000   59.50000   60.50000
0000138  1.00000e+00  0.00000e+00  0.00000e+00  0.00000e+00  1.00000e+00   122   10506   10507  121.50000  121.50000  122.50000    60   10682   59.50000   59.50000   60.50000
0000139  1.00000e+00  0.00000e+00  0.00000e+00  0.00000e+00  1.00000e+00   123   10507   10508  122.50000  122.50000  123.50000    60   10683   59.50000   59.50000   60.50000
0000140  1.00000e+00  0.00000e+00  0.00000e+00  0.00000e+00  1.00000e+00    98   10658   10659   97.50000   97.50000   98.50000    61   10834   60.50000   60.50000   61.50000
0000141  1.00000e+00  0.00000e+00  0.00000e+00  0.00000e+00  1.00000e+00    99   10659   10660   98.50000   98.50000   99.50000    61   10835   60.50000   60.50000   61.50000
0000142  1.00000e+00  0.00000e+00  0.00000e+00  0.00000e+00  1.00000e+00   100   10660   10661   99.50000   99.50000  100.50000    61   10836   60.50000   60.50000   61.50000
0000143  1.00000e+00  0.00000e+00  0.00000e+00  0.00000e+00  1.00000e+00   101   10661   10662  100.50000  100.50000  101.50000    61   10837   60.50000   60.50000   61.50000
0000144  1.00000e+00  0.00000e+00  0.00000e+00  0.00000e+00  1.00000e+00   121   10681   10682  120.50000  120.50000  121.50000    61   10857   60.50000   60.50000   61.50000
0000145  1.00000e+00  0.00000e+00  0.00000e+00  0.00000e+00  1.00000e+00   122   10682   10683  121.50000  121.50000  122.50000    61   10858   60.50000   60.50000   61.50000
0000146  1.00000e+00  0.00000e+00  0.00000e+00  0.00000e+00  1.00000e+00   123   10683   10684  122.50000  122.50000  123.50000    61   10859   60.50000   60.50000   61.50000
0000147  1.00000e+00  0.00000e+00  0.00000e+00  0.00000e+00  1.00000e+00    98   10834   10835   97.50000   97.50000   98.50000    62   11010   61.50000   61.50000   62.50000
0000148  1.00000e+00  0.00000e+00  0.00000e+00  0.00000e+00  1.00000e+00    99   10835   10836   98.50000   98.50000   99.50000    62   11011   61.50000   61.50000   62.50000
0000149  1.00000e+00  0.00000e+00  0.00000e+00  0.00000e+00  1.00000e+00   100   10836   10837   99.50000   99.50000  100.50000    62   11012   61.50000   61.50000   62.50000
0000150  1.00000e+00  0.00000e+00  0.00000e+00  0.00000e+00  1.00000e+00   101   10837   10838  100.50000  100.50000  101.50000    62   11013   61.50000   61.50000   62.50000
0000151  1.00000e+00  0.00000e+00  0.00000e+00  0.00000e+00  1.00000e+00   121   10857   10858  120.50000  120.50000  121.50000    62   11033   61.50000   61.50000   62.50000
0000152  1.00000e+00  0.00000e+00  0.00000e+00  0.00000e+00  1.00000e+00   122   10858   10859  121.50000  121.50000  122.50000    62   11034   61.50000   61.50000   62.50000
0000153  1.00000e+00  0.00000e+00  0.00000e+00  0.00000e+00  1.00000e+00   123   10859   10860  122.50000  122.50000  123.50000    62   11035   61.50000   61.50000   62.50000
0000154  1.00000e+00  0.00000e+00  0.00000e+00  0.00000e+00  1.00000e+00    98   11010   11011   97.50000   97.50000   98.50000    63   11186   62.50000   62.50000   63.50000
0000155  1.00000e+00  0.00000e+00  0.00000e+00  0.00000e+00  1.00000e+00    99   11011   11012   98.50000   98.50000   99.50000    63   11187   62.50000   62.50000   63.50000
0000156  1.00000e+00  0.00000e+00  0.00000e+00  0.00000e+00  1.00000e+00   100   11012   11013   99.50000   99.50000  100.50000    63   11188   62.50000   62.50000   63.50000
0000157  1.00000e+00  0.00000e+00  0.00000e+00  0.00000e+00  1.00000e+00   101   11013   11014  100.50000  100.50000  101.50000    63   11189   62.50000   62.50000   63.50000
0000158  1.00000e+00  0.00000e+00  0.00000e+00  0.00000e+00  1.00000e+00   121   11033   11034  120.50000  120.50000  121.50000    63   11209   62.50000   62.50000   63.50000
0000159  1.00000e+00  0.00000e+00  0.00000e+00  0.00000e+00  1.00000e+00   122   11034   11035  121.50000  121.50000  122.50000    63   11210   62.50000   62.50000   63.50000
0000160  1.00000e+00  0.00000e+00  0.00000e+00  0.00000e+00  1.00000e+00   123   11035   11036  122.50000  122.50000  123.50000    63   11211   62.50000   62.50000   63.50000
0000161  1.00000e+00  0.00000e+00  0.00000e+00  0.00000e+00  1.00000e+00    98   11186   11187   97.50000   97.50000   98.50000    64   11362   63.50000   63.50000   64.50000
0000162  1.00000e+00  0.00000e+00  0.00000e+00  0.00000e+00  1.00000e+00    99   11187   11188   98.50000   98.50000   99.50000    64   11363   63.50000   63.50000   64.50000
0000163  1.00000e+00  0.00000e+00  0.00000e+00  0.00000e+00  1.00000e+00   100   11188   11189   99.50000   99.50000  100.50000    64   11364   63.50000   63.50000   64.50000
0000164  1.00000e+00  0.00000e+00  0.00000e+00  0.00000e+00  1.00000e+00   101   11189   11190  100.50000  100.50000  101.50000    64   11365   63.50000   63.50000   64.50000
0000165  1.00000e+00  0.00000e+00  0.00000e+00  0.00000e+00  1.00000e+00   121   11209   11210  120.50000  120.50000  121.50000    64   11385   63.50000   63.50000   64.50000
0000166  1.00000e+00  0.00000e+00  0.00000e+00  0.00000e+00  1.00000e+00   122   11210   11211  121.50000  121.50000  122.50000    64   11386   63.50000   63.50000   64.50000
0000167  1.00000e+00  0.00000e+00  0.00000e+00  0.00000e+00  1.00000e+00   123   11211   11212  122.50000  122.50000  123.50000    64   11387   63.50000   63.50000   64.50000
0000168  1.00000e+00  0.00000e+00  0.00000e+00  0.00000e+00  1.00000e+00    98   11362   11363   97.50000   97.50000   98.50000    65   11538   64.50000   64.50000   65.50000
0000169  1.00000e+00  0.00000e+00  0.00000e+00  0.00000e+00  1.00000e+00    99   11363   11364   98.50000   98.50000   99.50000    65   11539   64.50000   64.50000   65.50000
0000170  1.00000e+00  0.00000e+00  0.00000e+00  0.00000e+00  1.00000e+00   100   11364   11365   99.50000   99.50000  100.50000    65   11540   64.50000   64.50000   65.50000
0000171  1.00000e+00  0.00000e+00  0.00000e+00  0.00000e+00  1.00000e+00   101   11365   11366  100.50000  100.50000  101.50000    65   11541   64.50000   64.50000   65.50000
0000172  1.00000e+00  0.00000e+00  0.00000e+00  0.00000e+00  1.00000e+00   121   11385   11386  120.50000  120.50000  121.50000    65   11561   64.50000   64.50000   65.50000
0000173  1.00000e+00  0.00000e+00  0.00000e+00  0.00000e+00  1.00000e+00   122   11386   11387  121.50000  121.50000  122.50000    65   11562   64.50000   64.50000   65.50000
0000174  1.00000e+00  0.00000e+00  0.00000e+00  0.00000e+00  1.00000e+00   123   11387   11388  122.50000  122.50000  123.50000    65   11563   64.50000   64.50000   65.50000
0000175  1.00000e+00  0.00000e+00  0.00000e+00  0.00000e+00  1.00000e+00    98   11538   11539   97.50000   97.50000   98.50000    66   11714   65.50000   65.50000   66.50000
0000176  1.00000e+00  0.00000e+00  0.00000e+00  0.00000e+00  1.00000e+00    99   11539   11540   98.50000   98.50000   99.50000    66   11715   65.50000   65.50000   66.50000
0000177  1.00000e+00  0.00000e+00  0.00000e+00  0.00000e+00  1.00000e+00   100   11540   11541   99.50000   99.50000  100.50000    66   11716   65.50000   65.50000   66.50000
0000178  1.00000e+00  0.00000e+00  0.00000e+00  0.00000e+00  1.00000e+00   101   11541   11542  100.50000  100.50000  101.50000    66   11717   65.50000   65.50000   66.50000
0000179  1.00000e+00  0.00000e+00  0.00000e+00  0.00000e+00  1.00000e+00   121   11561   11562  120.50000  120.50000  121.50000    66   11737   65.50000   65.50000   66.50000
0000180  1.00000e+00  0.00000e+00  0.00000e+00  0.00000e+00  1.00000e+00   122   11562   11563  121.50000  121.50000  122.50000    66   11738   65.50000   65.50000   66.50000
0000181  1.00000e+00  0.00000e+00  0.00000e+00  0.00000e+00  1.00000e+00   123   11563   11564  122.50000  122.50000  123.50000    66   11739   65.50000   65.50000   66.50000
0000182  1.00000e+00  0.00000e+00  0.00000e+00  0.00000e+00  1.00000e+00    98   11714   11715   97.50000   97.50000   98.50000    67   11890   66.50000   66.50000   67.50000
0000183  1.00000e+00  0.00000e+00  0.00000e+00  0.00000e+00  1.00000e+00    99   11715   11716   98.50000   98.50000   99.50000    67   11891   66.50000   66.50000   67.50000
0000184  1.00000e+00  0.00000e+00  0.00000e+00  0.00000e+00  1.00000e+00   100   11716   11717   99.50000   99.50000  100.50000    67   11892   66.50000   66.50000   67.50000
0000185  1.00000e+00  0.00000e+00  0.00000e+00  0.00000e+00  1.00000e+00   101   11717   11718  100.50000  100.50000  101.50000    67   11893   66.50000   66.50000   67.50000
0000186  1.00000e+00  0.00000e+00  0.00000e+00  0.00000e+00  1.00000e+00   121   11737   11738  120.50000  120.50000  121.50000    67   11913   66.50000   66.50000   67.50000
0000187  1.00000e+00  0.00000e+00  0.00000e+00  0.00000e+00  1.00000e+00   122   11738   11739  121.50000  121.50000  122.50000    67   11914   66.50000   66.50000   67.50000
0000188  1.00000e+00  0.00000e+00  0.00000e+00  0.00000e+00  1.00000e+00   123   11739   11740  122.50000  122.50000  123.50000    67   11915   66.50000   66.50000   67.50000
0000189  1.00000e+00  0.00000e+00  0.00000e+00  0.00000e+00  1.00000e+00    98   11890   11891   97.50000   97.50000   98.50000    68   12066   67.50000   67.50000   68.50000
0000190  1.00000e+00  0.00000e+00  0.00000e+00  0.00000e+00  1.00000e+00    99   11891   11892   98.50000   98.50000   99.50000    68   12067   67.50000   67.50000   68.50000
0000191  1.00000e+00  0.00000e+00  0.00000e+00  0.00000e+00  1.00000e+00   100   11892   11893   99.50000   99.50000  100.50000    68   12068   67.50000   67.50000   68.50000
0000192  1.00000e+00  0.00000e+00  0.00000e+00  0.00000e+00  1.00000e+00   101   11893   11894  100.50000  100.50000  101.50000    68   12069   67.50000   67.50000   68.50000
0000193  1.00000e+00  0.00000e+00  0.00000e+00  0.00000e+00  1.00000e+00   121   11913   11914  120.50000  120.50000  121.50000    68   12089   67.50000   67.50000   68.50000
0000194  1.00000e+00  0.00000e+00  0.00000e+00  0.00000e+00  1.00000e+00   122   11914   11915  121.50000  121.50000  122.50000    68   12090   67.50000   67.50000   68.50000
0000195  1.00000e+00  0.00000e+00  0.00000e+00  0.00000e+00  1.00000e+00   123   11915   11916  122.50000  122.50000  123.50000    68   12091   67.50000   67.50000   68.50000
0000196  1.00000e+00  0.00000e+00  0.00000e+00  0.00000e+00  1.00000e+00    98   12066   12067   97.50000   97.50000   98.50000    69   12242   68.50000   68.50000   69.50000
0000197  1.00000e+00  0.00000e+00  0.00000e+00  0.00000e+00  1.00000e+00    99   12067   12068   98.50000   98.50000   99.50000    69   12243   68.50000   68.50000   69.50000
0000198  1.00000e+00  0.00000e+00  0.00000e+00  0.00000e+00  1.00000e+00   100   12068   12069   99.50000   99.50000  100.50000    69   12244   68.50000   68.50000   69.50000
0000199  1.00000e+00  0.00000e+00  0.00000e+00  0.00000e+00  1.00000e+00   101   12069   12070  100.50000  100.50000  101.50000    69   12245   68.50000   68.50000   69.50000
0000200  1.00000e+00  0.00000e+00  0.00000e+00  0.00000e+00  1.00000e+00   121   12089   12090  120.50000  120.50000  121.50000    69   12265   68.50000   68.50000   69.50000
0000201  1.00000e+00  0.00000e+00  0.00000e+00  0.00000e+00  1.00000e+00   122   12090   12091  121.50000  121.50000  122.50000    69   12266   68.50000   68.50000   69.50000
0000202  1.00000e+00  0.00000e+00  0.00000e+00  0.00000e+00  1.00000e+00   123   12091   12092  122.50000  122.50000  123.50000    69   12267   68.50000   68.50000   69.50000
0000203  1.00000e+00  0.00000e+00  0.00000e+00  0.00000e+00  1.00000e+00    98   12242   12243   97.50000   97.50000   98.50000    70   12418   69.50000   69.50000   70.50000
0000204  1.00000e+00  0.00000e+00  0.00000e+00  0.00000e+00  1.00000e+00    99   12243   12244   98.50000   98.50000   99.50000    70   12419   69.50000   69.50000   70.50000
0000205  1.00000e+00  0.00000e+00  0.00000e+00  0.00000e+00  1.00000e+00   100   12244   12245   99.50000   99.50000  100.50000    70   12420   69.50000   69.50000   70.50000
0000206  1.00000e+00  0.00000e+00  0.00000e+00  0.00000e+00  1.00000e+00   101   12245   12246  100.50000  100.50000  101.50000    70   12421   69.50000   69.50000   70.50000
0000207  1.00000e+00  0.00000e+00  0.00000e+00  0.00000e+00  1.00000e+00   121   12265   12266  120.50000  120.50000  121.50000    70   12441   69.50000   69.50000   70.50000
0000208  1.00000e+00  0.00000e+00  0.00000e+00  0.00000e+00  1.00000e+00   122   12266   12267  121.50000  121.50000  122.50000    70   12442   69.50000   69.50000   70.50000
0000209  1.00000e+00  0.00000e+00  0.00000e+00  0.00000e+00  1.00000e+00   123   12267   12268  122.50000  122.50000  123.50000    70   12443   69.50000   69.50000   70.50000
0000210  1.00000e+00  0.00000e+00  0.00000e+00  0.00000e+00  1.00000e+00    98   12418   12419   97.50000   97.50000   98.50000    71   12594   70.50000   70.50000   71.50000
0000211  1.00000e+00  0.00000e+00  0.00000e+00  0.00000e+00  1.00000e+00    99   12419   12420   98.50000   98.50000   99.50000    71   12595   70.50000   70.50000   71.50000
0000212  1.00000e+00  0.00000e+00  0.00000e+00  0.00000e+00  1.00000e+00   100   12420   12421   99.50000   99.50000  100.50000    71   12596   70.50000   70.50000   71.50000
0000213  1.00000e+00  0.00000e+00  0.00000e+00  0.00000e+00  1.00000e+00   101   12421   12422  100.50000  100.50000  101.50000    71   12597   70.50000   70.50000   71.50000
0000214  1.00000e+00  0.00000e+00  0.00000e+00  0.00000e+00  1.00000e+00   121   12441   12442  120.50000  120.50000  121.50000    71   12617   70.50000   70.50000   71.50000
0000215  1.00000e+00  0.00000e+00  0.00000e+00  0.00000e+00  1.00000e+00   122   12442   12443  121.50000  121.50000  122.50000    71   12618   70.50000   70.50000   71.50000
0000216  1.00000e+00  0.00000e+00  0.00000e+00  0.00000e+00  1.00000e+00   123   12443   12444  122.50000  122.50000  123.50000    71   12619   70.50000   70.50000   71.50000
0000217  1.00000e+00  0.00000e+00  0.00000e+00  0.00000e+00  1.00000e+00    98   12594   12595   97.50000   97.50000   98.50000    72   12770   71.50000   71.50000   72.50000
0000218  1.00000e+00  0.00000e+00  0.00000e+00  0.00000e+00  1.00000e+00    99   12595   12596   98.50000   98.50000   99.50000    72   12771   71.50000   71.50000   72.50000
0000219  1.00000e+00  0.00000e+00  0.00000e+00  0.00000e+00  1.00000e+00   100   12596   12597   99.50000   99.50000  100.50000    72   12772   71.50000   71.50000   72.50000
0000220  1.00000e+00  0.00000e+00  0.00000e+00  0.00000e+00  1.00000e+00   101   12597   12598  100.50000  100.50000  101.50000    72   12773   71.50000   71.50000   72.50000
0000221  1.00000e+00  0.00000e+00  0.00000e+00  0.00000e+00  1.00000e+00   121   12617   12618  120.50000  120.50000  121.50000    72   12793   71.50000   71.50000   72.50000
0000222  1.00000e+00  0.00000e+00  0.00000e+00  0.00000e+00  1.00000e+00   122   12618   12619  121.50000  121.50000  122.50000    72   12794   71.50000   71.50000   72.50000
0000223  1.00000e+00  0.00000e+00  0.00000e+00  0.00000e+00  1.00000e+00   123   12619   12620  122.50000  122.50000  123.50000    72   12795   71.50000   71.50000   72.50000
0000224  1.00000e+00  0.00000e+00  0.00000e+00  0.00000e+00  1.00000e+00    98   12770   12771   97.50000   97.50000   98.50000    73   12946   72.50000   72.50000   73.50000
0000225  1.00000e+00  0.00000e+00  0.00000e+00  0.00000e+00  1.00000e+00    99   12771   12772   98.50000   98.50000   99.50000    73   12947   72.50000   72.50000   73.50000
0000226  1.00000e+00  0.00000e+00  0.00000e+00  0.00000e+00  1.00000e+00   100   12772   12773   99.50000   99.50000  100.50000    73   12948   72.50000   72.50000   73.50000
0000227  1.00000e+00  0.00000e+00  0.00000e+00  0.00000e+00  1.00000e+00   101   12773   12774  100.50000  100.50000  101.50000    73   12949   72.50000   72.50000   73.50000
0000228  1.00000e+00  0.00000e+00  0.00000e+00  0.00000e+00  1.00000e+00   121   12793   12794  120.50000  120.50000  121.50000    73   12969   72.50000   72.50000   73.50000
0000229  1.00000e+00  0.00000e+00  0.00000e+00  0.00000e+00  1.00000e+00   122   12794   12795  121.50000  121.50000  122.50000    73   12970   72.50000   72.50000   73.50000
0000230  1.00000e+00  0.00000e+00  0.00000e+00  0.00000e+00  1.00000e+00   123   12795   12796  122.50000  122.50000  123.50000    73   12971   72.50000   72.50000   73.50000
0000231  1.00000e+00  0.00000e+00  0.00000e+00  0.00000e+00  1.00000e+00    98   12946   12947   97.50000   97.50000   98.50000    74   13122   73.50000   73.50000   74.50000
0000232  1.00000e+00  0.00000e+00  0.00000e+00  0.00000e+00  1.00000e+00    99   12947   12948   98.50000   98.50000   99.50000    74   13123   73.50000   73.50000   74.50000
0000233  1.00000e+00  0.00000e+00  0.00000e+00  0.00000e+00  1.00000e+00   100   12948   12949   99.50000   99.50000  100.50000    74   13124   73.50000   73.50000   74.50000
0000234  1.00000e+00  0.00000e+00  0.00000e+00  0.00000e+00  1.00000e+00   101   12949   12950  100.50000  100.50000  101.50000    74   13125   73.50000   73.50000   74.50000
0000235  1.00000e+00  0.00000e+00  0.00000e+00  0.00000e+00  1.00000e+00   121   12969   12970  120.50000  120.50000  121.50000    74   13145   73.50000   73.50000   74.50000
0000236  1.00000e+00  0.00000e+00  0.00000e+00  0.00000e+00  1.00000e+00   122   12970   12971  121.50000  121.50000  122.50000    74   13146   73.50000   73.50000   74.50000
0000237  1.00000e+00  0.00000e+00  0.00000e+00  0.00000e+00  1.00000e+00   123   12971   12972  122.50000  122.50000  123.50000    74   13147   73.50000   73.50000   74.50000
0000238  1.00000e+00  0.00000e+00  0.00000e+00  0.00000e+00  1.00000e+00    98   13122   13123   97.50000   97.50000   98.50000    75   13298   74.50000   74.50000   75.50000
0000239  1.00000e+00  0.00000e+00  0.00000e+00  0.00000e+00  1.00000e+00    99   13123   13124   98.50000   98.50000   99.50000    75   13299   74.50000   74.50000   75.50000
0000240  1.00000e+00  0.00000e+00  0.00000e+00  0.00000e+00  1.00000e+00   100   13124   13125   99.50000   99.50000  100.50000    75   13300   74.50000   74.50000   75.50000
0000241  1.00000e+00  0.00000e+00  0.00000e+00  0.00000e+00  1.00000e+00   101   13125   13126  100.50000  100.50000  101.50000    75   13301   74.50000   74.50000   75.50000
0000242  1.00000e+00  0.00000e+00  0.00000e+00  0.00000e+00  1.00000e+00   121   13145   13146  120.50000  120.50000  121.50000    75   13321   74.50000   74.50000   75.50000
0000243  1.00000e+00  0.00000e+00  0.00000e+00  0.00000e+00  1.00000e+00   122   13146   13147  121.50000  121.50000  122.50000    75   13322   74.50000   74.50000   75.50000
0000244  1.00000e+00  0.00000e+00  0.00000e+00  0.00000e+00  1.00000e+00   123   13147   13148  122.50000  122.50000  123.50000    75   13323   74.50000   74.50000   75.50000
0000245  1.00000e+00  0.00000e+00  0.00000e+00  0.00000e+00  1.00000e+00    98   13298   13299   97.50000   97.50000   98.50000    76   13474   75.50000   75.50000   76.50000
0000246  1.00000e+00  0.00000e+00  0.00000e+00  0.00000e+00  1.00000e+00    99   13299   13300   98.50000   98.50000   99.50000    76   13475   75.50000   75.50000   76.50000
0000247  1.00000e+00  0.00000e+00  0.00000e+00  0.00000e+00  1.00000e+00   100   13300   13301   99.50000   99.50000  100.50000    76   13476   75.50000   75.50000   76.50000
0000248  1.00000e+00  0.00000e+00  0.00000e+00  0.00000e+00  1.00000e+00   101   13301   13302  100.50000  100.50000  101.50000    76   13477   75.50000   75.50000   76.50000
0000249  1.00000e+00  0.00000e+00  0.00000e+00  0.00000e+00  1.00000e+00   121   13321   13322  120.50000  120.50000  121.50000    76   13497   75.50000   75.50000   76.50000
0000250  1.00000e+00  0.00000e+00  0.00000e+00  0.00000e+00  1.00000e+00   122   13322   13323  121.50000  121.50000  122.50000    76   13498   75.50000   75.50000   76.50000
0000251  1.00000e+00  0.00000e+00  0.00000e+00  0.00000e+00  1.00000e+00   123   13323   13324  122.50000  122.50000  123.50000    76   13499   75.50000   75.50000   76.50000
0000252  1.00000e+00  0.00000e+00  0.00000e+00  0.00000e+00  1.00000e+00    98   13474   13475   97.50000   97.50000   98.50000    77   13650   76.50000   76.50000   77.50000
0000253  1.00000e+00  0.00000e+00  0.00000e+00  0.00000e+00  1.00000e+00    99   13475   13476   98.50000   98.50000   99.50000    77   13651   76.50000   76.50000   77.50000
0000254  1.00000e+00  0.00000e+00  0.00000e+00  0.00000e+00  1.00000e+00   100   13476   13477   99.50000   99.50000  100.50000    77   13652   76.50000   76.50000   77.50000
0000255  1.00000e+00  0.00000e+00  0.00000e+00  0.00000e+00  1.00000e+00   101   13477   13478  100.50000  100.50000  101.50000    77   13653   76.50000   76.50000   77.50000
0000256  1.00000e+00  0.00000e+00  0.00000e+00  0.00000e+00  1.00000e+00   121   13497   13498  120.50000  120.50000  121.50000    77   13673   76.50000   76.50000   77.50000
0000257  1.00000e+00  0.00000e+00  0.00000e+00  0.00000e+00  1.00000e+00   122   13498   13499  121.50000  121.50000  122.50000    77   13674   76.50000   76.50000   77.50000
0000258  1.00000e+00  0.00000e+00  0.00000e+00  0.00000e+00  1.00000e+00   123   13499   13500  122.50000  122.50000  123.50000    77   13675   76.50000   76.50000   77.50000
0000259  1.00000e+00  0.00000e+00  0.00000e+00  0.00000e+00  1.00000e+00    98   13650   13651   97.50000   97.50000   98.50000    78   13826   77.50000   77.50000   78.50000
0000260  1.00000e+00  0.00000e+00  0.00000e+00  0.00000e+00  1.00000e+00    99   13651   13652   98.50000   98.50000   99.50000    78   13827   77.50000   77.50000   78.50000
0000261  1.00000e+00  0.00000e+00  0.00000e+00  0.00000e+00  1.00000e+00   100   13652   13653   99.50000   99.50000  100.50000    78   13828   77.50000   77.50000   78.50000
0000262  1.00000e+00  0.00000e+00  0.00000e+00  0.00000e+00  1.00000e+00   101   13653   13654  100.50000  100.50000  101.50000    78   13829   77.50000   77.50000   78.50000
0000263  1.00000e+00  0.00000e+00  0.00000e+00  0.00000e+00  1.00000e+00   121   13673   13674  120.50000  120.50000  121.50000    78   13849   77.50000   77.50000   78.50000
0000264  1.00000e+00  0.00000e+00  0.00000e+00  0.00000e+00  1.00000e+00   122   13674   13675  121.50000  121.50000  122.50000    78   13850   77.50000   77.50000   78.50000
0000265  1.00000e+00  0.00000e+00  0.00000e+00  0.00000e+00  1.00000e+00   123   13675   13676  122.50000  122.50000  123.50000    78   13851   77.50000   77.50000   78.50000
0000266  1.00000e+00  0.00000e+00  0.00000e+00  0.00000e+00  1.00000e+00    98   13826   13827   97.50000   97.50000   98.50000    79   14002   78.50000   78.50000   79.50000
0000267  1.00000e+00  0.00000e+00  0.00000e+00  0.00000e+00  1.00000e+00    99   13827   13828   98.50000   98.50000   99.50000    79   14003   78.50000   78.50000   79.50000
0000268  1.00000e+00  0.00000e+00  0.00000e+00  0.00000e+00  1.00000e+00   100   13828   13829   99.50000   99.50000  100.50000    79   14004   78.50000   78.50000   79.50000
0000269  1.00000e+00  0.00000e+00  0.00000e+00  0.00000e+00  1.00000e+00   101   13829   13830  100.50000  100.50000  101.50000    79   14005   78.50000   78.50000   79.50000
0000270  1.00000e+00  0.00000e+00  0.00000e+00  0.00000e+00  1.00000e+00   121   13849   13850  120.50000  120.50000  121.50000    79   14025   78.50000   78.50000   79.50000
0000271  1.00000e+00  0.00000e+00  0.00000e+00  0.00000e+00  1.00000e+00   122   13850   13851  121.50000  121.50000  122.50000    79   14026   78.50000   78.50000   79.50000
0000272  1.00000e+00  0.00000e+00  0.00000e+00  0.00000e+00  1.00000e+00   123   13851   13852  122.50000  122.50000  123.50000    79   14027   78.50000   78.50000   79.50000
0000273  1.00000e+00  0.00000e+00  0.00000e+00  0.00000e+00  1.00000e+00    98   14002   14003   97.50000   97.50000   98.50000    80   14178   79.50000   79.50000   80.50000
0000274  1.00000e+00  0.00000e+00  0.00000e+00  0.00000e+00  1.00000e+00    99   14003   14004   98.50000   98.50000   99.50000    80   14179   79.50000   79.50000   80.50000
0000275  1.00000e+00  0.00000e+00  0.00000e+00  0.00000e+00  1.00000e+00   100   14004   14005   99.50000   99.50000  100.50000    80   14180   79.50000   79.50000   80.50000
0000276  1.00000e+00  0.00000e+00  0.00000e+00  0.00000e+00  1.00000e+00   101   14005   14006  100.50000  100.50000  101.50000    80   14181   79.50000   79.50000   80.50000
0000277  1.00000e+00  0.00000e+00  0.00000e+00  0.00000e+00  1.00000e+00   121   14025   14026  120.50000  120.50000  121.50000    80   14201   79.50000   79.50000   80.50000
0000278  1.00000e+00  0.00000e+00  0.00000e+00  0.00000e+00  1.00000e+00   122   14026   14027  121.50000  121.50000  122.50000    80   14202   79.50000   79.50000   80.50000
0000279  1.00000e+00  0.00000e+00  0.00000e+00  0.00000e+00  1.00000e+00   123   14027   14028  122.50000  122.50000  123.50000    80   14203   79.50000   79.50000   80.50000
0000280  1.00000e+00  0.00000e+00  0.00000e+00  0.00000e+00  1.00000e+00    98   14178   14179   97.50000   97.50000   98.50000    81   14354   80.50000   80.50000   81.50000
0000281  1.00000e+00  0.00000e+00  0.00000e+00  0.00000e+00  1.00000e+00    99   14179   14180   98.50000   98.50000   99.50000    81   14355   80.50000   80.50000   81.50000
0000282  1.00000e+00  0.00000e+00  0.00000e+00  0.00000e+00  1.00000e+00   100   14180   14181   99.50000   99.50000  100.50000    81   14356   80.50000   80.50000   81.50000
0000283  1.00000e+00  0.00000e+00  0.00000e+00  0.00000e+00  1.00000e+00   101   14181   14182  100.50000  100.50000  101.50000    81   14357   80.50000   80.50000   81.50000
0000284  1.00000e+00  0.00000e+00  0.00000e+00  0.00000e+00  1.00000e+00   121   14201   14202  120.50000  120.50000  121.50000    81   14377   80.50000   80.50000   81.50000
0000285  1.00000e+00  0.00000e+00  0.00000e+00  0.00000e+00  1.00000e+00   122   14202   14203  121.50000  121.50000  122.50000    81   14378   80.50000   80.50000   81.50000
0000286  1.00000e+00  0.00000e+00  0.00000e+00  0.00000e+00  1.00000e+00   123   14203   14204  122.50000  122.50000  123.50000    81   14379   80.50000   80.50000   81.50000
0000287  1.00000e+00  0.00000e+00  0.00000e+00  0.00000e+00  1.00000e+00    98   14354   14355   97.50000   97.50000   98.50000    82   14530   81.50000   81.50000   82.50000
0000288  1.00000e+00  0.00000e+00  0.00000e+00  0.00000e+00  1.00000e+00    99   14355   14356   98.50000   98.50000   99.50000    82   14531   81.50000   81.50000   82.50000
0000289  1.00000e+00  0.00000e+00  0.00000e+00  0.00000e+00  1.00000e+00   100   14356   14357   99.50000   99.50000  100.50000    82   14532   81.50000   81.50000   82.50000
0000290  1.00000e+00  0.00000e+00  0.00000e+00  0.00000e+00  1.00000e+00   101   14357   14358  100.50000  100.50000  101.50000    82   14533   81.50000   81.50000   82.50000
0000291  1.00000e+00  0.00000e+00  0.00000e+00  0.00000e+00  1.00000e+00   121   14377   14378  120.50000  120.50000  121.50000    82   14553   81.50000   81.50000   82.50000
0000292  1.00000e+00  0.00000e+00  0.00000e+00  0.00000e+00  1.00000e+00   122   14378   14379  121.50000  121.50000  122.50000    82   14554   81.50000   81.50000   82.50000
0000293  1.00000e+00  0.00000e+00  0.00000e+00  0.00000e+00  1.00000e+00   123   14379   14380  122.50000  122.50000  123.50000    82   14555   81.50000   81.50000   82.50000
0000294  1.00000e+00  0.00000e+00  0.00000e+00  0.00000e+00  1.00000e+00    98   14530   14531   97.50000   97.50000   98.50000    83   14706   82.50000   82.50000   83.50000
0000295  1.00000e+00  0.00000e+00  0.00000e+00  0.00000e+00  1.00000e+00    99   14531   14532   98.50000   98.50000   99.50000    83   14707   82.50000   82.50000   83.50000
0000296  1.00000e+00  0.00000e+00  0.00000e+00  0.00000e+00  1.00000e+00   100   14532   14533   99.50000   99.50000  100.50000    83   14708   82.50000   82.50000   83.50000
0000297  1.00000e+00  0.00000e+00  0.00000e+00  0.00000e+00  1.00000e+00   101   14533   14534  100.50000  100.50000  101.50000    83   14709   82.50000   82.50000   83.50000
0000298  1.00000e+00  0.00000e+00  0.00000e+00  0.00000e+00  1.00000e+00   121   14553   14554  120.50000  120.50000  121.50000    83   14729   82.50000   82.50000   83.50000
0000299  1.00000e+00  0.00000e+00  0.00000e+00  0.00000e+00  1.00000e+00   122   14554   14555  121.50000  121.50000  122.50000    83   14730   82.50000   82.50000   83.50000
0000300  1.00000e+00  0.00000e+00  0.00000e+00  0.00000e+00  1.00000e+00   123   14555   14556  122.50000  122.50000  123.50000    83   14731   82.50000   82.50000   83.50000
0000301  1.00000e+00  0.00000e+00  0.00000e+00  0.00000e+00  1.00000e+00    98   14706   14707   97.50000   97.50000   98.50000    84   14882   83.50000   83.50000   84.50000
0000302  1.00000e+00  0.00000e+00  0.00000e+00  0.00000e+00  1.00000e+00    99   14707   14708   98.50000   98.50000   99.50000    84   14883   83.50000   83.50000   84.50000
0000303  1.00000e+00  0.00000e+00  0.00000e+00  0.00000e+00  1.00000e+00   100   14708   14709   99.50000   99.50000  100.50000    84   14884   83.50000   83.50000   84.50000
0000304  1.00000e+00  0.00000e+00  0.00000e+00  0.00000e+00  1.00000e+00   101   14709   14710  100.50000  100.50000  101.50000    84   14885   83.50000   83.50000   84.50000
0000305  1.00000e+00  0.00000e+00  0.00000e+00  0.00000e+00  1.00000e+00   121   14729   14730  120.50000  120.50000  121.50000    84   14905   83.50000   83.50000   84.50000
0000306  1.00000e+00  0.00000e+00  0.00000e+00  0.00000e+00  1.00000e+00   122   14730   14731  121.50000  121.50000  122.50000    84   14906   83.50000   83.50000   84.50000
0000307  1.00000e+00  0.00000e+00  0.00000e+00  0.00000e+00  1.00000e+00   123   14731   14732  122.50000  122.50000  123.50000    84   14907   83.50000   83.50000   84.50000
0000308  1.00000e+00  0.00000e+00  0.00000e+00  0.00000e+00  1.00000e+00    98   14882   14883   97.50000   97.50000   98.50000    85   15058   84.50000   84.50000   85.50000
0000309  1.00000e+00  0.00000e+00  0.00000e+00  0.00000e+00  1.00000e+00    99   14883   14884   98.50000   98.50000   99.50000    85   15059   84.50000   84.50000   85.50000
0000310  1.00000e+00  0.00000e+00  0.00000e+00  0.00000e+00  1.00000e+00   100   14884   14885   99.50000   99.50000  100.50000    85   15060   84.50000   84.50000   85.50000
0000311  1.00000e+00  0.00000e+00  0.00000e+00  0.00000e+00  1.00000e+00   101   14885   14886  100.50000  100.50000  101.50000    85   15061   84.50000   84.50000   85.50000
0000312  1.00000e+00  0.00000e+00  0.00000e+00  0.00000e+00  1.00000e+00   121   14905   14906  120.50000  120.50000  121.50000    85   15081   84.50000   84.50000   85.50000
0000313  1.00000e+00  0.00000e+00  0.00000e+00  0.00000e+00  1.00000e+00   122   14906   14907  121.50000  121.50000  122.50000    85   15082   84.50000   84.50000   85.50000
0000314  1.00000e+00  0.00000e+00  0.00000e+00  0.00000e+00  1.00000e+00   123   14907   14908  122.50000  122.50000  123.50000    85   15083   84.50000   84.50000   85.50000
0000315  1.00000e+00  0.00000e+00  0.00000e+00  0.00000e+00  1.00000e+00    98   15058   15059   97.50000   97.50000   98.50000    86   15234   85.50000   85.50000   86.50000
0000316  1.00000e+00  0.00000e+00  0.00000e+00  0.00000e+00  1.00000e+00    99   15059   15060   98.50000   98.50000   99.50000    86   15235   85.50000   85.50000   86.50000
0000317  1.00000e+00  0.00000e+00  0.00000e+00  0.00000e+00  1.00000e+00   100   15060   15061   99.50000   99.50000  100.50000    86   15236   85.50000   85.50000   86.50000
0000318  1.00000e+00  0.00000e+00  0.00000e+00  0.00000e+00  1.00000e+00   101   15061   15062  100.50000  100.50000  101.50000    86   15237   85.50000   85.50000   86.50000
0000319  1.00000e+00  0.00000e+00  0.00000e+00  0.00000e+00  1.00000e+00   121   15081   15082  120.50000  120.50000  121.50000    86   15257   85.50000   85.50000   86.50000
0000320  1.00000e+00  0.00000e+00  0.00000e+00  0.00000e+00  1.00000e+00   122   15082   15083  121.50000  121.50000  122.50000    86   15258   85.50000   85.50000   86.50000
0000321  1.00000e+00  0.00000e+00  0.00000e+00  0.00000e+00  1.00000e+00   123   15083   15084  122.50000  122.50000  123.50000    86   15259   85.50000   85.50000   86.50000
0000322  1.00000e+00  0.00000e+00  0.00000e+00  0.00000e+00  1.00000e+00    98   15234   15235   97.50000   97.50000   98.50000    87   15410   86.50000   86.50000   87.50000
0000323  1.00000e+00  0.00000e+00  0.00000e+00  0.00000e+00  1.00000e+00    99   15235   15236   98.50000   98.50000   99.50000    87   15411   86.50000   86.50000   87.50000
0000324  1.00000e+00  0.00000e+00  0.00000e+00  0.00000e+00  1.00000e+00   100   15236   15237   99.50000   99.50000  100.50000    87   15412   86.50000   86.50000   87.50000
0000325  1.00000e+00  0.00000e+00  0.00000e+00  0.00000e+00  1.00000e+00   101   15237   15238  100.50000  100.50000  101.50000    87   15413   86.50000   86.50000   87.50000
0000326  1.00000e+00  0.00000e+00  0.00000e+00  0.00000e+00  1.00000e+00   121   15257   15258  120.50000  120.50000  121.50000    87   15433   86.50000   86.50000   87.50000
0000327  1.00000e+00  0.00000e+00  0.00000e+00  0.00000e+00  1.00000e+00   122   15258   15259  121.50000  121.50000  122.50000    87   15434   86.50000   86.50000   87.50000
0000328  1.00000e+00  0.00000e+00  0.00000e+00  0.00000e+00  1.00000e+00   123   15259   15260  122.50000  122.50000  123.50000    87   15435   86.50000   86.50000   87.50000
0000329  1.00000e+00  0.00000e+00  0.00000e+00  0.00000e+00  1.00000e+00    98   15410   15411   97.50000   97.50000   98.50000    88   15586   87.50000   87.50000   88.50000
0000330  1.00000e+00  0.00000e+00  0.00000e+00  0.00000e+00  1.00000e+00    99   15411   15412   98.50000   98.50000   99.50000    88   15587   87.50000   87.50000   88.50000
0000331  1.00000e+00  0.00000e+00  0.00000e+00  0.00000e+00  1.00000e+00   100   15412   15413   99.50000   99.50000  100.50000    88   15588   87.50000   87.50000   88.50000
0000332  1.00000e+00  0.00000e+00  0.00000e+00  0.00000e+00  1.00000e+00   101   15413   15414  100.50000  100.50000  101.50000    88   15589   87.50000   87.50000   88.50000
0000333  1.00000e+00  0.00000e+00  0.00000e+00  0.00000e+00  1.00000e+00   121   15433   15434  120.50000  120.50000  121.50000    88   15609   87.50000   87.50000   88.50000
0000334  1.00000e+00  0.00000e+00  0.00000e+00  0.00000e+00  1.00000e+00   122   15434   15435  121.50000  121.50000  122.50000    88   15610   87.50000   87.50000   88.50000
0000335  1.00000e+00  0.00000e+00  0.00000e+00  0.00000e+00  1.00000e+00   123   15435   15436  122.50000  122.50000  123.50000    88   15611   87.50000   87.50000   88.50000
0000336  1.00000e+00  0.00000e+00  0.00000e+00  0.00000e+00  1.00000e+00    98   15586   15587   97.50000   97.50000   98.50000    89   15762   88.50000   88.50000   89.50000
0000337  1.00000e+00  0.00000e+00  0.00000e+00  0.00000e+00  1.00000e+00    99   15587   15588   98.50000   98.50000   99.50000    89   15763   88.50000   88.50000   89.50000
0000338  1.00000e+00  0.00000e+00  0.00000e+00  0.00000e+00  1.00000e+00   100   15588   15589   99.50000   99.50000  100.50000    89   15764   88.50000   88.50000   89.50000
0000339  1.00000e+00  0.00000e+00  0.00000e+00  0.00000e+00  1.00000e+00   101   15589   15590  100.50000  100.50000  101.50000    89   15765   88.50000   88.50000   89.50000
0000340  1.00000e+00  0.00000e+00  0.00000e+00  0.00000e+00  1.00000e+00   102   15590   15591  101.50000  101.50000  102.50000    89   15766   88.50000   88.50000   89.50000
0000341  1.00000e+00  0.00000e+00  0.00000e+00  0.00000e+00  1.00000e+00   103   15591   15592  102.50000  102.50000  103.50000    89   15767   88.50000   88.50000   89.50000
0000342  1.00000e+00  0.00000e+00  0.00000e+00  0.00000e+00  1.00000e+00   104   15592   15593  103.50000  103.50000  104.50000    89   15768   88.50000   88.50000   89.50000
0000343  1.00000e+00  0.00000e+00  0.00000e+00  0.00000e+00  1.00000e+00   105   15593   15594  104.50000  104.50000  105.50000    89   15769   88.50000   88.50000   89.50000
0000344  1.00000e+00  0.00000e+00  0.00000e+00  0.00000e+00  1.00000e+00   106   15594   15595  105.50000  105.50000  106.50000    89   15770   88.50000   88.50000   89.50000
0000345  1.00000e+00  0.00000e+00  0.00000e+00  0.00000e+00  1.00000e+00   107   15595   15596  106.50000  106.50000  107.50000    89   15771   88.50000   88.50000   89.50000
0000346  1.00000e+00  0.00000e+00  0.00000e+00  0.00000e+00  1.00000e+00   108   15596   15597  107.50000  107.50000  108.50000    89   15772   88.50000   88.50000   89.50000
0000347  1.00000e+00  0.00000e+00  0.00000e+00  0.00000e+00  1.00000e+00   109   15597   15598  108.50000  108.50000  109.50000    89   15773   88.50000   88.50000   89.50000
0000348  1.00000e+00  0.00000e+00  0.00000e+00  0.00000e+00  1.00000e+00   110   15598   15599  109.50000  109.50000  110.50000    89   15774   88.50000   88.50000   89.50000
0000349  1.00000e+00  0.00000e+00  0.00000e+00  0.00000e+00  1.00000e+00   111   15599   15600  110.50000  110.50000  111.50000    89   15775   88.50000   88.50000   89.50000
0000350  1.00000e+00  0.00000e+00  0.00000e+00  0.00000e+00  1.00000e+00   112   15600   15601  111.50000  111.50000  112.50000    89   15776   88.50000   88.50000   89.50000
0000351  1.00000e+00  0.00000e+00  0.00000e+00  0.00000e+00  1.00000e+00   113   15601   15602  112.50000  112.50000  113.50000    89   15777   88.50000   88.50000   89.50000
0000352  1.00000e+00  0.00000e+00  0.00000e+00  0.00000e+00  1.00000e+00   114   15602   15603  113.50000  113.50000  114.50000    89   15778   88.50000   88.50000   89.50000
0000353  1.00000e+00  0.00000e+00  0.00000e+00  0.00000e+00  1.00000e+00   115   15603   15604  114.50000  114.50000  115.50000    89   15779   88.50000   88.50000   89.50000
0000354  1.00000e+00  0.00000e+00  0.00000e+00  0.00000e+00  1.00000e+00   116   15604   15605  115.50000  115.50000  116.50000    89   15780   88.50000   88.50000   89.50000
0000355  1.00000e+00  0.00000e+00  0.00000e+00  0.00000e+00  1.00000e+00   117   15605   15606  116.50000  116.50000  117.50000    89   15781   88.50000   88.50000   89.50000
0000356  1.00000e+00  0.00000e+00  0.00000e+00  0.00000e+00  1.00000e+00   118   15606   15607  117.50000  117.50000  118.50000    89   15782   88.50000   88.50000   89.50000
0000357  1.00000e+00  0.00000e+00  0.00000e+00  0.00000e+00  1.00000e+00   119   15607   15608  118.50000  118.50000  119.50000    89   15783   88.50000   88.50000   89.50000
0000358  1.00000e+00  0.00000e+00  0.00000e+00  0.00000e+00  1.00000e+00   120   15608   15609  119.50000  119.50000  120.50000    89   15784   88.50000   88.50000   89.50000
0000359  1.00000e+00  0.00000e+00  0.00000e+00  0.00000e+00  1.00000e+00   121   15609   15610  120.50000  120.50000  121.50000    89   15785   88.50000   88.50000   89.50000
0000360  1.00000e+00  0.00000e+00  0.00000e+00  0.00000e+00  1.00000e+00   122   15610   15611  121.50000  121.50000  122.50000    89   15786   88.50000   88.50000   89.50000
0000361  1.00000e+00  0.00000e+00  0.00000e+00  0.00000e+00  1.00000e+00   123   15611   15612  122.50000  122.50000  123.50000    89   15787   88.50000   88.50000   89.50000
0000362  1.00000e+00  0.00000e+00  0.00000e+00  0.00000e+00  1.00000e+00    98   15762   15763   97.50000   97.50000   98.50000    90   15938   89.50000   89.50000   90.50000
0000363  1.00000e+00  0.00000e+00  0.00000e+00  0.00000e+00  1.00000e+00    99   15763   15764   98.50000   98.50000   99.50000    90   15939   89.50000   89.50000   90.50000
0000364  1.00000e+00  0.00000e+00  0.00000e+00  0.00000e+00  1.00000e+00   100   15764   15765   99.50000   99.50000  100.50000    90   15940   89.50000   89.50000   90.50000
0000365  1.00000e+00  0.00000e+00  0.00000e+00  0.00000e+00  1.00000e+00   101   15765   15766  100.50000  100.50000  101.50000    90   15941   89.50000   89.50000   90.50000
0000366  1.00000e+00  0.00000e+00  0.00000e+00  0.00000e+00  1.00000e+00   102   15766   15767  101.50000  101.50000  102.50000    90   15942   89.50000   89.50000   90.50000
0000367  1.00000e+00  0.00000e+00  0.00000e+00  0.00000e+00  1.00000e+00   103   15767   15768  102.50000  102.50000  103.50000    90   15943   89.50000   89.50000   90.50000
0000368  1.00000e+00  0.00000e+00  0.00000e+00  0.00000e+00  1.00000e+00   104   15768   15769  103.50000  103.50000  104.50000    90   15944   89.50000   89.50000   90.50000
0000369  1.00000e+00  0.00000e+00  0.00000e+00  0.00000e+00  1.00000e+00   105   15769   15770  104.50000  104.50000  105.50000    90   15945   89.50000   89.50000   90.50000
0000370  1.00000e+00  0.00000e+00  0.00000e+00  0.00000e+00  1.00000e+00   106   15770   15771  105.50000  105.50000  106.50000    90   15946   89.50000   89.50000   90.50000
0000371  1.00000e+00  0.00000e+00  0.00000e+00  0.00000e+00  1.00000e+00   107   15771   15772  106.50000  106.50000  107.50000    90   15947   89.50000   89.50000   90.50000
0000372  1.00000e+00  0.00000e+00  0.00000e+00  0.00000e+00  1.00000e+00   108   15772   15773  107.50000  107.50000  108.50000    90   15948   89.50000   89.50000   90.50000
0000373  1.00000e+00  0.00000e+00  0.00000e+00  0.00000e+00  1.00000e+00   109   15773   15774  108.50000  108.50000  109.50000    90   15949   89.50000   89.50000   90.50000
0000374  1.00000e+00  0.00000e+00  0.00000e+00  0.00000e+00  1.00000e+00   110   15774   15775  109.50000  109.50000  110.50000    90   15950   89.50000   89.50000   90.50000
0000375  1.00000e+00  0.00000e+00  0.00000e+00  0.00000e+00  1.00000e+00   111   15775   15776  110.50000  110.50000  111.50000    90   15951   89.50000   89.50000   90.50000
0000376  1.00000e+00  0.00000e+00  0.00000e+00  0.00000e+00  1.00000e+00   112   15776   15777  111.50000  111.50000  112.50000    90   15952   89.50000   89.50000   90.50000
0000377  1.00000e+00  0.00000e+00  0.00000e+00  0.00000e+00  1.00000e+00   113   15777   15778  112.50000  112.50000  113.50000    90   15953   89.50000   89.50000   90.50000
0000378  1.00000e+00  0.00000e+00  0.00000e+00  0.00000e+00  1.00000e+00   114   15778   15779  113.50000  113.50000  114.50000    90   15954   89.50000   89.50000   90.50000
0000379  1.00000e+00  0.00000e+00  0.00000e+00  0.00000e+00  1.00000e+00   115   15779   15780  114.50000  114.50000  115.50000    90   15955   89.50000   89.50000   90.50000
0000380  1.00000e+00  0.00000e+00  0.00000e+00  0.00000e+00  1.00000e+00   116   15780   15781  115.50000  115.50000  116.50000    90   15956   89.50000   89.50000   90.50000
0000381  1.00000e+00  0.00000e+00  0.00000e+00  0.00000e+00  1.00000e+00   117   15781   15782  116.50000  116.50000  117.50000    90   15957   89.50000   89.50000   90.50000
0000382  1.00000e+00  0.00000e+00  0.00000e+00  0.00000e+00  1.00000e+00   118   15782   15783  117.50000  117.50000  118.50000    90   15958   89.50000   89.50000   90.50000
0000383  1.00000e+00  0.00000e+00  0.00000e+00  0.00000e+00  1.00000e+00   119   15783   15784  118.50000  118.50000  119.50000    90   15959   89.50000   89.50000   90.50000
0000384  1.00000e+00  0.00000e+00  0.00000e+00  0.00000e+00  1.00000e+00   120   15784   15785  119.50000  119.50000  120.50000    90   15960   89.50000   89.50000   90.50000
0000385  1.00000e+00  0.00000e+00  0.00000e+00  0.00000e+00  1.00000e+00   121   15785   15786  120.50000  120.50000  121.50000    90   15961   89.50000   89.50000   90.50000
0000386  1.00000e+00  0.00000e+00  0.00000e+00  0.00000e+00  1.00000e+00   122   15786   15787  121.50000  121.50000  122.50000    90   15962   89.50000   89.50000   90.50000
0000387  1.00000e+00  0.00000e+00  0.00000e+00  0.00000e+00  1.00000e+00   123   15787   15788  122.50000  122.50000  123.50000    90   15963   89.50000   89.50000   90.50000
0000388  1.00000e+00  0.00000e+00  0.00000e+00  0.00000e+00  1.00000e+00    98   15938   15939   97.50000   97.50000   98.50000    91   16114   90.50000   90.50000   91.50000
0000389  1.00000e+00  0.00000e+00  0.00000e+00  0.00000e+00  1.00000e+00    99   15939   15940   98.50000   98.50000   99.50000    91   16115   90.50000   90.50000   91.50000
0000390  1.00000e+00  0.00000e+00  0.00000e+00  0.00000e+00  1.00000e+00   100   15940   15941   99.50000   99.50000  100.50000    91   16116   90.50000   90.50000   91.50000
0000391  1.00000e+00  0.00000e+00  0.00000e+00  0.00000e+00  1.00000e+00   101   15941   15942  100.50000  100.50000  101.50000    91   16117   90.50000   90.50000   91.50000
0000392  1.00000e+00  0.00000e+00  0.00000e+00  0.00000e+00  1.00000e+00   102   15942   15943  101.50000  101.50000  102.50000    91   16118   90.50000   90.50000   91.50000
0000393  1.00000e+00  0.00000e+00  0.00000e+00  0.00000e+00  1.00000e+00   103   15943   15944  102.50000  102.50000  103.50000    91   16119   90.50000   90.50000   91.50000
0000394  1.00000e+00  0.00000e+00  0.00000e+00  0.00000e+00  1.00000e+00   104   15944   15945  103.50000  103.50000  104.50000    91   16120   90.50000   90.50000   91.50000
0000395  1.00000e+00  0.00000e+00  0.00000e+00  0.00000e+00  1.00000e+00   105   15945   15946  104.50000  104.50000  105.50000    91   16121   90.50000   90.50000   91.50000
0000396  1.00000e+00  0.00000e+00  0.00000e+00  0.00000e+00  1.00000e+00   106   15946   15947  105.50000  105.50000  106.50000    91   16122   90.50000   90.50000   91.50000
0000397  1.00000e+00  0.00000e+00  0.00000e+00  0.00000e+00  1.00000e+00   107   15947   15948  106.50000  106.50000  107.50000    91   16123   90.50000   90.50000   91.50000
0000398  1.00000e+00  0.00000e+00  0.00000e+00  0.00000e+00  1.00000e+00   108   15948   15949  107.50000  107.50000  108.50000    91   16124   90.50000   90.50000   91.50000
0000399  1.00000e+00  0.00000e+00  0.00000e+00  0.00000e+00  1.00000e+00   109   15949   15950  108.50000  108.50000  109.50000    91   16125   90.50000   90.50000   91.50000
0000400  1.00000e+00  0.00000e+00  0.00000e+00  0.00000e+00  1.00000e+00   110   15950   15951  109.50000  109.50000  110.50000    91   16126   90.50000   90.50000   91.50000
0000401  1.00000e+00  0.00000e+00  0.00000e+00  0.00000e+00  1.00000e+00   111   15951   15952  110.50000  110.50000  111.50000    91   16127   90.50000   90.50000   91.50000
0000402  1.00000e+00  0.00000e+00  0.00000e+00  0.00000e+00  1.00000e+00   112   15952   15953  111.50000  111.50000  112.50000    91   16128   90.50000   90.50000   91.50000
0000403  1.00000e+00  0.00000e+00  0.00000e+00  0.00000e+00  1.00000e+00   113   15953   15954  112.50000  112.50000  113.50000    91   16129   90.50000   90.50000   91.50000
0000404  1.00000e+00  0.00000e+00  0.00000e+00  0.00000e+00  1.00000e+00   114   15954   15955  113.50000  113.50000  114.50000    91   16130   90.50000   90.50000   91.50000
0000405  1.00000e+00  0.00000e+00  0.00000e+00  0.00000e+00  1.00000e+00   115   15955   15956  114.50000  114.50000  115.50000    91   16131   90.50000   90.50000   91.50000
0000406  1.00000e+00  0.00000e+00  0.00000e+00  0.00000e+00  1.00000e+00   116   15956   15957  115.50000  115.50000  116.50000    91   16132   90.50000   90.50000   91.50000
0000407  1.00000e+00  0.00000e+00  0.00000e+00  0.00000e+00  1.00000e+00   117   15957   15958  116.50000  116.50000  117.50000    91   16133   90.50000   90.50000   91.50000
0000408  1.00000e+00  0.00000e+00  0.00000e+00  0.00000e+00  1.00000e+00   118   15958   15959  117.50000  117.50000  118.50000    91   16134   90.50000   90.50000   91.50000
0000409  1.00000e+00  0.00000e+00  0.00000e+00  0.00000e+00  1.00000e+00   119   15959   15960  118.50000  118.50000  119.50000    91   16135   90.50000   90.50000   91.50000
0000410  1.00000e+00  0.00000e+00  0.00000e+00  0.00000e+00  1.00000e+00   120   15960   15961  119.50000  119.50000  120.50000    91   16136   90.50000   90.50000   91.50000
0000411  1.00000e+00  0.00000e+00  0.00000e+00  0.00000e+00  1.00000e+00   121   15961   15962  120.50000  120.50000  121.50000    91   16137   90.50000   90.50000   91.50000
0000412  1.00000e+00  0.00000e+00  0.00000e+00  0.00000e+00  1.00000e+00   122   15962   15963  121.50000  121.50000  122.50000    91   16138   90.50000   90.50000   91.50000
0000413  1.00000e+00  0.00000e+00  0.00000e+00  0.00000e+00  1.00000e+00   123   15963   15964  122.50000  122.50000  123.50000    91   16139   90.50000   90.50000   91.50000
 

Contact Region = 02

  Weights are zero because they are not needed.

