Interpolation Weights at U-contact points:  donor = 01, receiver = 02 

   n     Hweight(1)   Hweight(2)   Hweight(3)   Hweight(4)       SUM       Idg   indx5   indx6    XIdgO       XIrg      XIdgR     Jdg   indx8    ETAdgO     ETArg      ETAdgT 

0000001  1.00000e+00  0.00000e+00  0.00000e+00  0.00000e+00  1.00000e+00    99    9023    9024   98.00000   98.00000   99.00000    52    9198   51.50000   51.50000   52.50000
0000002  1.00000e+00  0.00000e+00  0.00000e+00  0.00000e+00  1.00000e+00   100    9024    9025   99.00000   99.00000  100.00000    52    9199   51.50000   51.50000   52.50000
0000003  1.00000e+00  0.00000e+00  0.00000e+00  0.00000e+00  1.00000e+00   101    9025    9026  100.00000  100.00000  101.00000    52    9200   51.50000   51.50000   52.50000
0000004  1.00000e+00  0.00000e+00  0.00000e+00  0.00000e+00  1.00000e+00   102    9026    9027  101.00000  101.00000  102.00000    52    9201   51.50000   51.50000   52.50000
0000005  1.00000e+00  0.00000e+00  0.00000e+00  0.00000e+00  1.00000e+00   103    9027    9028  102.00000  102.00000  103.00000    52    9202   51.50000   51.50000   52.50000
0000006  1.00000e+00  0.00000e+00  0.00000e+00  0.00000e+00  1.00000e+00   104    9028    9029  103.00000  103.00000  104.00000    52    9203   51.50000   51.50000   52.50000
0000007  1.00000e+00  0.00000e+00  0.00000e+00  0.00000e+00  1.00000e+00   105    9029    9030  104.00000  104.00000  105.00000    52    9204   51.50000   51.50000   52.50000
0000008  1.00000e+00  0.00000e+00  0.00000e+00  0.00000e+00  1.00000e+00   106    9030    9031  105.00000  105.00000  106.00000    52    9205   51.50000   51.50000   52.50000
0000009  1.00000e+00  0.00000e+00  0.00000e+00  0.00000e+00  1.00000e+00   107    9031    9032  106.00000  106.00000  107.00000    52    9206   51.50000   51.50000   52.50000
0000010  1.00000e+00  0.00000e+00  0.00000e+00  0.00000e+00  1.00000e+00   108    9032    9033  107.00000  107.00000  108.00000    52    9207   51.50000   51.50000   52.50000
0000011  1.00000e+00  0.00000e+00  0.00000e+00  0.00000e+00  1.00000e+00   109    9033    9034  108.00000  108.00000  109.00000    52    9208   51.50000   51.50000   52.50000
0000012  1.00000e+00  0.00000e+00  0.00000e+00  0.00000e+00  1.00000e+00   110    9034    9035  109.00000  109.00000  110.00000    52    9209   51.50000   51.50000   52.50000
0000013  1.00000e+00  0.00000e+00  0.00000e+00  0.00000e+00  1.00000e+00   111    9035    9036  110.00000  110.00000  111.00000    52    9210   51.50000   51.50000   52.50000
0000014  1.00000e+00  0.00000e+00  0.00000e+00  0.00000e+00  1.00000e+00   112    9036    9037  111.00000  111.00000  112.00000    52    9211   51.50000   51.50000   52.50000
0000015  1.00000e+00  0.00000e+00  0.00000e+00  0.00000e+00  1.00000e+00   113    9037    9038  112.00000  112.00000  113.00000    52    9212   51.50000   51.50000   52.50000
0000016  1.00000e+00  0.00000e+00  0.00000e+00  0.00000e+00  1.00000e+00   114    9038    9039  113.00000  113.00000  114.00000    52    9213   51.50000   51.50000   52.50000
0000017  1.00000e+00  0.00000e+00  0.00000e+00  0.00000e+00  1.00000e+00   115    9039    9040  114.00000  114.00000  115.00000    52    9214   51.50000   51.50000   52.50000
0000018  1.00000e+00  0.00000e+00  0.00000e+00  0.00000e+00  1.00000e+00   116    9040    9041  115.00000  115.00000  116.00000    52    9215   51.50000   51.50000   52.50000
0000019  1.00000e+00  0.00000e+00  0.00000e+00  0.00000e+00  1.00000e+00   117    9041    9042  116.00000  116.00000  117.00000    52    9216   51.50000   51.50000   52.50000
0000020  1.00000e+00  0.00000e+00  0.00000e+00  0.00000e+00  1.00000e+00   118    9042    9043  117.00000  117.00000  118.00000    52    9217   51.50000   51.50000   52.50000
0000021  1.00000e+00  0.00000e+00  0.00000e+00  0.00000e+00  1.00000e+00   119    9043    9044  118.00000  118.00000  119.00000    52    9218   51.50000   51.50000   52.50000
0000022  1.00000e+00  0.00000e+00  0.00000e+00  0.00000e+00  1.00000e+00   120    9044    9045  119.00000  119.00000  120.00000    52    9219   51.50000   51.50000   52.50000
0000023  1.00000e+00  0.00000e+00  0.00000e+00  0.00000e+00  1.00000e+00   121    9045    9046  120.00000  120.00000  121.00000    52    9220   51.50000   51.50000   52.50000
0000024  1.00000e+00  0.00000e+00  0.00000e+00  0.00000e+00  1.00000e+00   122    9046    9047  121.00000  121.00000  122.00000    52    9221   51.50000   51.50000   52.50000
0000025  1.00000e+00  0.00000e+00  0.00000e+00  0.00000e+00  1.00000e+00   123    9047    9048  122.00000  122.00000  123.00000    52    9222   51.50000   51.50000   52.50000
0000026  1.00000e+00  0.00000e+00  0.00000e+00  0.00000e+00  1.00000e+00    99    9198    9199   98.00000   98.00000   99.00000    53    9373   52.50000   52.50000   53.50000
0000027  1.00000e+00  0.00000e+00  0.00000e+00  0.00000e+00  1.00000e+00   100    9199    9200   99.00000   99.00000  100.00000    53    9374   52.50000   52.50000   53.50000
0000028  1.00000e+00  0.00000e+00  0.00000e+00  0.00000e+00  1.00000e+00   101    9200    9201  100.00000  100.00000  101.00000    53    9375   52.50000   52.50000   53.50000
0000029  1.00000e+00  0.00000e+00  0.00000e+00  0.00000e+00  1.00000e+00   102    9201    9202  101.00000  101.00000  102.00000    53    9376   52.50000   52.50000   53.50000
0000030  1.00000e+00  0.00000e+00  0.00000e+00  0.00000e+00  1.00000e+00   103    9202    9203  102.00000  102.00000  103.00000    53    9377   52.50000   52.50000   53.50000
0000031  1.00000e+00  0.00000e+00  0.00000e+00  0.00000e+00  1.00000e+00   104    9203    9204  103.00000  103.00000  104.00000    53    9378   52.50000   52.50000   53.50000
0000032  1.00000e+00  0.00000e+00  0.00000e+00  0.00000e+00  1.00000e+00   105    9204    9205  104.00000  104.00000  105.00000    53    9379   52.50000   52.50000   53.50000
0000033  1.00000e+00  0.00000e+00  0.00000e+00  0.00000e+00  1.00000e+00   106    9205    9206  105.00000  105.00000  106.00000    53    9380   52.50000   52.50000   53.50000
0000034  1.00000e+00  0.00000e+00  0.00000e+00  0.00000e+00  1.00000e+00   107    9206    9207  106.00000  106.00000  107.00000    53    9381   52.50000   52.50000   53.50000
0000035  1.00000e+00  0.00000e+00  0.00000e+00  0.00000e+00  1.00000e+00   108    9207    9208  107.00000  107.00000  108.00000    53    9382   52.50000   52.50000   53.50000
0000036  1.00000e+00  0.00000e+00  0.00000e+00  0.00000e+00  1.00000e+00   109    9208    9209  108.00000  108.00000  109.00000    53    9383   52.50000   52.50000   53.50000
0000037  1.00000e+00  0.00000e+00  0.00000e+00  0.00000e+00  1.00000e+00   110    9209    9210  109.00000  109.00000  110.00000    53    9384   52.50000   52.50000   53.50000
0000038  1.00000e+00  0.00000e+00  0.00000e+00  0.00000e+00  1.00000e+00   111    9210    9211  110.00000  110.00000  111.00000    53    9385   52.50000   52.50000   53.50000
0000039  1.00000e+00  0.00000e+00  0.00000e+00  0.00000e+00  1.00000e+00   112    9211    9212  111.00000  111.00000  112.00000    53    9386   52.50000   52.50000   53.50000
0000040  1.00000e+00  0.00000e+00  0.00000e+00  0.00000e+00  1.00000e+00   113    9212    9213  112.00000  112.00000  113.00000    53    9387   52.50000   52.50000   53.50000
0000041  1.00000e+00  0.00000e+00  0.00000e+00  0.00000e+00  1.00000e+00   114    9213    9214  113.00000  113.00000  114.00000    53    9388   52.50000   52.50000   53.50000
0000042  1.00000e+00  0.00000e+00  0.00000e+00  0.00000e+00  1.00000e+00   115    9214    9215  114.00000  114.00000  115.00000    53    9389   52.50000   52.50000   53.50000
0000043  1.00000e+00  0.00000e+00  0.00000e+00  0.00000e+00  1.00000e+00   116    9215    9216  115.00000  115.00000  116.00000    53    9390   52.50000   52.50000   53.50000
0000044  1.00000e+00  0.00000e+00  0.00000e+00  0.00000e+00  1.00000e+00   117    9216    9217  116.00000  116.00000  117.00000    53    9391   52.50000   52.50000   53.50000
0000045  1.00000e+00  0.00000e+00  0.00000e+00  0.00000e+00  1.00000e+00   118    9217    9218  117.00000  117.00000  118.00000    53    9392   52.50000   52.50000   53.50000
0000046  1.00000e+00  0.00000e+00  0.00000e+00  0.00000e+00  1.00000e+00   119    9218    9219  118.00000  118.00000  119.00000    53    9393   52.50000   52.50000   53.50000
0000047  1.00000e+00  0.00000e+00  0.00000e+00  0.00000e+00  1.00000e+00   120    9219    9220  119.00000  119.00000  120.00000    53    9394   52.50000   52.50000   53.50000
0000048  1.00000e+00  0.00000e+00  0.00000e+00  0.00000e+00  1.00000e+00   121    9220    9221  120.00000  120.00000  121.00000    53    9395   52.50000   52.50000   53.50000
0000049  1.00000e+00  0.00000e+00  0.00000e+00  0.00000e+00  1.00000e+00   122    9221    9222  121.00000  121.00000  122.00000    53    9396   52.50000   52.50000   53.50000
0000050  1.00000e+00  0.00000e+00  0.00000e+00  0.00000e+00  1.00000e+00   123    9222    9223  122.00000  122.00000  123.00000    53    9397   52.50000   52.50000   53.50000
0000051  1.00000e+00  0.00000e+00  0.00000e+00  0.00000e+00  1.00000e+00    99    9373    9374   98.00000   98.00000   99.00000    54    9548   53.50000   53.50000   54.50000
0000052  1.00000e+00  0.00000e+00  0.00000e+00  0.00000e+00  1.00000e+00   100    9374    9375   99.00000   99.00000  100.00000    54    9549   53.50000   53.50000   54.50000
0000053  1.00000e+00  0.00000e+00  0.00000e+00  0.00000e+00  1.00000e+00   101    9375    9376  100.00000  100.00000  101.00000    54    9550   53.50000   53.50000   54.50000
0000054  1.00000e+00  0.00000e+00  0.00000e+00  0.00000e+00  1.00000e+00   102    9376    9377  101.00000  101.00000  102.00000    54    9551   53.50000   53.50000   54.50000
0000055  1.00000e+00  0.00000e+00  0.00000e+00  0.00000e+00  1.00000e+00   103    9377    9378  102.00000  102.00000  103.00000    54    9552   53.50000   53.50000   54.50000
0000056  1.00000e+00  0.00000e+00  0.00000e+00  0.00000e+00  1.00000e+00   104    9378    9379  103.00000  103.00000  104.00000    54    9553   53.50000   53.50000   54.50000
0000057  1.00000e+00  0.00000e+00  0.00000e+00  0.00000e+00  1.00000e+00   105    9379    9380  104.00000  104.00000  105.00000    54    9554   53.50000   53.50000   54.50000
0000058  1.00000e+00  0.00000e+00  0.00000e+00  0.00000e+00  1.00000e+00   106    9380    9381  105.00000  105.00000  106.00000    54    9555   53.50000   53.50000   54.50000
0000059  1.00000e+00  0.00000e+00  0.00000e+00  0.00000e+00  1.00000e+00   107    9381    9382  106.00000  106.00000  107.00000    54    9556   53.50000   53.50000   54.50000
0000060  1.00000e+00  0.00000e+00  0.00000e+00  0.00000e+00  1.00000e+00   108    9382    9383  107.00000  107.00000  108.00000    54    9557   53.50000   53.50000   54.50000
0000061  1.00000e+00  0.00000e+00  0.00000e+00  0.00000e+00  1.00000e+00   109    9383    9384  108.00000  108.00000  109.00000    54    9558   53.50000   53.50000   54.50000
0000062  1.00000e+00  0.00000e+00  0.00000e+00  0.00000e+00  1.00000e+00   110    9384    9385  109.00000  109.00000  110.00000    54    9559   53.50000   53.50000   54.50000
0000063  1.00000e+00  0.00000e+00  0.00000e+00  0.00000e+00  1.00000e+00   111    9385    9386  110.00000  110.00000  111.00000    54    9560   53.50000   53.50000   54.50000
0000064  1.00000e+00  0.00000e+00  0.00000e+00  0.00000e+00  1.00000e+00   112    9386    9387  111.00000  111.00000  112.00000    54    9561   53.50000   53.50000   54.50000
0000065  1.00000e+00  0.00000e+00  0.00000e+00  0.00000e+00  1.00000e+00   113    9387    9388  112.00000  112.00000  113.00000    54    9562   53.50000   53.50000   54.50000
0000066  1.00000e+00  0.00000e+00  0.00000e+00  0.00000e+00  1.00000e+00   114    9388    9389  113.00000  113.00000  114.00000    54    9563   53.50000   53.50000   54.50000
0000067  1.00000e+00  0.00000e+00  0.00000e+00  0.00000e+00  1.00000e+00   115    9389    9390  114.00000  114.00000  115.00000    54    9564   53.50000   53.50000   54.50000
0000068  1.00000e+00  0.00000e+00  0.00000e+00  0.00000e+00  1.00000e+00   116    9390    9391  115.00000  115.00000  116.00000    54    9565   53.50000   53.50000   54.50000
0000069  1.00000e+00  0.00000e+00  0.00000e+00  0.00000e+00  1.00000e+00   117    9391    9392  116.00000  116.00000  117.00000    54    9566   53.50000   53.50000   54.50000
0000070  1.00000e+00  0.00000e+00  0.00000e+00  0.00000e+00  1.00000e+00   118    9392    9393  117.00000  117.00000  118.00000    54    9567   53.50000   53.50000   54.50000
0000071  1.00000e+00  0.00000e+00  0.00000e+00  0.00000e+00  1.00000e+00   119    9393    9394  118.00000  118.00000  119.00000    54    9568   53.50000   53.50000   54.50000
0000072  1.00000e+00  0.00000e+00  0.00000e+00  0.00000e+00  1.00000e+00   120    9394    9395  119.00000  119.00000  120.00000    54    9569   53.50000   53.50000   54.50000
0000073  1.00000e+00  0.00000e+00  0.00000e+00  0.00000e+00  1.00000e+00   121    9395    9396  120.00000  120.00000  121.00000    54    9570   53.50000   53.50000   54.50000
0000074  1.00000e+00  0.00000e+00  0.00000e+00  0.00000e+00  1.00000e+00   122    9396    9397  121.00000  121.00000  122.00000    54    9571   53.50000   53.50000   54.50000
0000075  1.00000e+00  0.00000e+00  0.00000e+00  0.00000e+00  1.00000e+00   123    9397    9398  122.00000  122.00000  123.00000    54    9572   53.50000   53.50000   54.50000
0000076  1.00000e+00  0.00000e+00  0.00000e+00  0.00000e+00  1.00000e+00    99    9548    9549   98.00000   98.00000   99.00000    55    9723   54.50000   54.50000   55.50000
0000077  1.00000e+00  0.00000e+00  0.00000e+00  0.00000e+00  1.00000e+00   100    9549    9550   99.00000   99.00000  100.00000    55    9724   54.50000   54.50000   55.50000
0000078  1.00000e+00  0.00000e+00  0.00000e+00  0.00000e+00  1.00000e+00   101    9550    9551  100.00000  100.00000  101.00000    55    9725   54.50000   54.50000   55.50000
0000079  1.00000e+00  0.00000e+00  0.00000e+00  0.00000e+00  1.00000e+00   102    9551    9552  101.00000  101.00000  102.00000    55    9726   54.50000   54.50000   55.50000
0000080  1.00000e+00  0.00000e+00  0.00000e+00  0.00000e+00  1.00000e+00   103    9552    9553  102.00000  102.00000  103.00000    55    9727   54.50000   54.50000   55.50000
0000081  1.00000e+00  0.00000e+00  0.00000e+00  0.00000e+00  1.00000e+00   104    9553    9554  103.00000  103.00000  104.00000    55    9728   54.50000   54.50000   55.50000
0000082  1.00000e+00  0.00000e+00  0.00000e+00  0.00000e+00  1.00000e+00   105    9554    9555  104.00000  104.00000  105.00000    55    9729   54.50000   54.50000   55.50000
0000083  1.00000e+00  0.00000e+00  0.00000e+00  0.00000e+00  1.00000e+00   106    9555    9556  105.00000  105.00000  106.00000    55    9730   54.50000   54.50000   55.50000
0000084  1.00000e+00  0.00000e+00  0.00000e+00  0.00000e+00  1.00000e+00   107    9556    9557  106.00000  106.00000  107.00000    55    9731   54.50000   54.50000   55.50000
0000085  1.00000e+00  0.00000e+00  0.00000e+00  0.00000e+00  1.00000e+00   108    9557    9558  107.00000  107.00000  108.00000    55    9732   54.50000   54.50000   55.50000
0000086  1.00000e+00  0.00000e+00  0.00000e+00  0.00000e+00  1.00000e+00   109    9558    9559  108.00000  108.00000  109.00000    55    9733   54.50000   54.50000   55.50000
0000087  1.00000e+00  0.00000e+00  0.00000e+00  0.00000e+00  1.00000e+00   110    9559    9560  109.00000  109.00000  110.00000    55    9734   54.50000   54.50000   55.50000
0000088  1.00000e+00  0.00000e+00  0.00000e+00  0.00000e+00  1.00000e+00   111    9560    9561  110.00000  110.00000  111.00000    55    9735   54.50000   54.50000   55.50000
0000089  1.00000e+00  0.00000e+00  0.00000e+00  0.00000e+00  1.00000e+00   112    9561    9562  111.00000  111.00000  112.00000    55    9736   54.50000   54.50000   55.50000
0000090  1.00000e+00  0.00000e+00  0.00000e+00  0.00000e+00  1.00000e+00   113    9562    9563  112.00000  112.00000  113.00000    55    9737   54.50000   54.50000   55.50000
0000091  1.00000e+00  0.00000e+00  0.00000e+00  0.00000e+00  1.00000e+00   114    9563    9564  113.00000  113.00000  114.00000    55    9738   54.50000   54.50000   55.50000
0000092  1.00000e+00  0.00000e+00  0.00000e+00  0.00000e+00  1.00000e+00   115    9564    9565  114.00000  114.00000  115.00000    55    9739   54.50000   54.50000   55.50000
0000093  1.00000e+00  0.00000e+00  0.00000e+00  0.00000e+00  1.00000e+00   116    9565    9566  115.00000  115.00000  116.00000    55    9740   54.50000   54.50000   55.50000
0000094  1.00000e+00  0.00000e+00  0.00000e+00  0.00000e+00  1.00000e+00   117    9566    9567  116.00000  116.00000  117.00000    55    9741   54.50000   54.50000   55.50000
0000095  1.00000e+00  0.00000e+00  0.00000e+00  0.00000e+00  1.00000e+00   118    9567    9568  117.00000  117.00000  118.00000    55    9742   54.50000   54.50000   55.50000
0000096  1.00000e+00  0.00000e+00  0.00000e+00  0.00000e+00  1.00000e+00   119    9568    9569  118.00000  118.00000  119.00000    55    9743   54.50000   54.50000   55.50000
0000097  1.00000e+00  0.00000e+00  0.00000e+00  0.00000e+00  1.00000e+00   120    9569    9570  119.00000  119.00000  120.00000    55    9744   54.50000   54.50000   55.50000
0000098  1.00000e+00  0.00000e+00  0.00000e+00  0.00000e+00  1.00000e+00   121    9570    9571  120.00000  120.00000  121.00000    55    9745   54.50000   54.50000   55.50000
0000099  1.00000e+00  0.00000e+00  0.00000e+00  0.00000e+00  1.00000e+00   122    9571    9572  121.00000  121.00000  122.00000    55    9746   54.50000   54.50000   55.50000
0000100  1.00000e+00  0.00000e+00  0.00000e+00  0.00000e+00  1.00000e+00   123    9572    9573  122.00000  122.00000  123.00000    55    9747   54.50000   54.50000   55.50000
0000101  1.00000e+00  0.00000e+00  0.00000e+00  0.00000e+00  1.00000e+00    99    9723    9724   98.00000   98.00000   99.00000    56    9898   55.50000   55.50000   56.50000
0000102  1.00000e+00  0.00000e+00  0.00000e+00  0.00000e+00  1.00000e+00   100    9724    9725   99.00000   99.00000  100.00000    56    9899   55.50000   55.50000   56.50000
0000103  1.00000e+00  0.00000e+00  0.00000e+00  0.00000e+00  1.00000e+00   101    9725    9726  100.00000  100.00000  101.00000    56    9900   55.50000   55.50000   56.50000
0000104  1.00000e+00  0.00000e+00  0.00000e+00  0.00000e+00  1.00000e+00   102    9726    9727  101.00000  101.00000  102.00000    56    9901   55.50000   55.50000   56.50000
0000105  1.00000e+00  0.00000e+00  0.00000e+00  0.00000e+00  1.00000e+00   121    9745    9746  120.00000  120.00000  121.00000    56    9920   55.50000   55.50000   56.50000
0000106  1.00000e+00  0.00000e+00  0.00000e+00  0.00000e+00  1.00000e+00   122    9746    9747  121.00000  121.00000  122.00000    56    9921   55.50000   55.50000   56.50000
0000107  1.00000e+00  0.00000e+00  0.00000e+00  0.00000e+00  1.00000e+00   123    9747    9748  122.00000  122.00000  123.00000    56    9922   55.50000   55.50000   56.50000
0000108  1.00000e+00  0.00000e+00  0.00000e+00  0.00000e+00  1.00000e+00    99    9898    9899   98.00000   98.00000   99.00000    57   10073   56.50000   56.50000   57.50000
0000109  1.00000e+00  0.00000e+00  0.00000e+00  0.00000e+00  1.00000e+00   100    9899    9900   99.00000   99.00000  100.00000    57   10074   56.50000   56.50000   57.50000
0000110  1.00000e+00  0.00000e+00  0.00000e+00  0.00000e+00  1.00000e+00   101    9900    9901  100.00000  100.00000  101.00000    57   10075   56.50000   56.50000   57.50000
0000111  1.00000e+00  0.00000e+00  0.00000e+00  0.00000e+00  1.00000e+00   102    9901    9902  101.00000  101.00000  102.00000    57   10076   56.50000   56.50000   57.50000
0000112  1.00000e+00  0.00000e+00  0.00000e+00  0.00000e+00  1.00000e+00   121    9920    9921  120.00000  120.00000  121.00000    57   10095   56.50000   56.50000   57.50000
0000113  1.00000e+00  0.00000e+00  0.00000e+00  0.00000e+00  1.00000e+00   122    9921    9922  121.00000  121.00000  122.00000    57   10096   56.50000   56.50000   57.50000
0000114  1.00000e+00  0.00000e+00  0.00000e+00  0.00000e+00  1.00000e+00   123    9922    9923  122.00000  122.00000  123.00000    57   10097   56.50000   56.50000   57.50000
0000115  1.00000e+00  0.00000e+00  0.00000e+00  0.00000e+00  1.00000e+00    99   10073   10074   98.00000   98.00000   99.00000    58   10248   57.50000   57.50000   58.50000
0000116  1.00000e+00  0.00000e+00  0.00000e+00  0.00000e+00  1.00000e+00   100   10074   10075   99.00000   99.00000  100.00000    58   10249   57.50000   57.50000   58.50000
0000117  1.00000e+00  0.00000e+00  0.00000e+00  0.00000e+00  1.00000e+00   101   10075   10076  100.00000  100.00000  101.00000    58   10250   57.50000   57.50000   58.50000
0000118  1.00000e+00  0.00000e+00  0.00000e+00  0.00000e+00  1.00000e+00   102   10076   10077  101.00000  101.00000  102.00000    58   10251   57.50000   57.50000   58.50000
0000119  1.00000e+00  0.00000e+00  0.00000e+00  0.00000e+00  1.00000e+00   121   10095   10096  120.00000  120.00000  121.00000    58   10270   57.50000   57.50000   58.50000
0000120  1.00000e+00  0.00000e+00  0.00000e+00  0.00000e+00  1.00000e+00   122   10096   10097  121.00000  121.00000  122.00000    58   10271   57.50000   57.50000   58.50000
0000121  1.00000e+00  0.00000e+00  0.00000e+00  0.00000e+00  1.00000e+00   123   10097   10098  122.00000  122.00000  123.00000    58   10272   57.50000   57.50000   58.50000
0000122  1.00000e+00  0.00000e+00  0.00000e+00  0.00000e+00  1.00000e+00    99   10248   10249   98.00000   98.00000   99.00000    59   10423   58.50000   58.50000   59.50000
0000123  1.00000e+00  0.00000e+00  0.00000e+00  0.00000e+00  1.00000e+00   100   10249   10250   99.00000   99.00000  100.00000    59   10424   58.50000   58.50000   59.50000
0000124  1.00000e+00  0.00000e+00  0.00000e+00  0.00000e+00  1.00000e+00   101   10250   10251  100.00000  100.00000  101.00000    59   10425   58.50000   58.50000   59.50000
0000125  1.00000e+00  0.00000e+00  0.00000e+00  0.00000e+00  1.00000e+00   102   10251   10252  101.00000  101.00000  102.00000    59   10426   58.50000   58.50000   59.50000
0000126  1.00000e+00  0.00000e+00  0.00000e+00  0.00000e+00  1.00000e+00   121   10270   10271  120.00000  120.00000  121.00000    59   10445   58.50000   58.50000   59.50000
0000127  1.00000e+00  0.00000e+00  0.00000e+00  0.00000e+00  1.00000e+00   122   10271   10272  121.00000  121.00000  122.00000    59   10446   58.50000   58.50000   59.50000
0000128  1.00000e+00  0.00000e+00  0.00000e+00  0.00000e+00  1.00000e+00   123   10272   10273  122.00000  122.00000  123.00000    59   10447   58.50000   58.50000   59.50000
0000129  1.00000e+00  0.00000e+00  0.00000e+00  0.00000e+00  1.00000e+00    99   10423   10424   98.00000   98.00000   99.00000    60   10598   59.50000   59.50000   60.50000
0000130  1.00000e+00  0.00000e+00  0.00000e+00  0.00000e+00  1.00000e+00   100   10424   10425   99.00000   99.00000  100.00000    60   10599   59.50000   59.50000   60.50000
0000131  1.00000e+00  0.00000e+00  0.00000e+00  0.00000e+00  1.00000e+00   101   10425   10426  100.00000  100.00000  101.00000    60   10600   59.50000   59.50000   60.50000
0000132  1.00000e+00  0.00000e+00  0.00000e+00  0.00000e+00  1.00000e+00   102   10426   10427  101.00000  101.00000  102.00000    60   10601   59.50000   59.50000   60.50000
0000133  1.00000e+00  0.00000e+00  0.00000e+00  0.00000e+00  1.00000e+00   121   10445   10446  120.00000  120.00000  121.00000    60   10620   59.50000   59.50000   60.50000
0000134  1.00000e+00  0.00000e+00  0.00000e+00  0.00000e+00  1.00000e+00   122   10446   10447  121.00000  121.00000  122.00000    60   10621   59.50000   59.50000   60.50000
0000135  1.00000e+00  0.00000e+00  0.00000e+00  0.00000e+00  1.00000e+00   123   10447   10448  122.00000  122.00000  123.00000    60   10622   59.50000   59.50000   60.50000
0000136  1.00000e+00  0.00000e+00  0.00000e+00  0.00000e+00  1.00000e+00    99   10598   10599   98.00000   98.00000   99.00000    61   10773   60.50000   60.50000   61.50000
0000137  1.00000e+00  0.00000e+00  0.00000e+00  0.00000e+00  1.00000e+00   100   10599   10600   99.00000   99.00000  100.00000    61   10774   60.50000   60.50000   61.50000
0000138  1.00000e+00  0.00000e+00  0.00000e+00  0.00000e+00  1.00000e+00   101   10600   10601  100.00000  100.00000  101.00000    61   10775   60.50000   60.50000   61.50000
0000139  1.00000e+00  0.00000e+00  0.00000e+00  0.00000e+00  1.00000e+00   102   10601   10602  101.00000  101.00000  102.00000    61   10776   60.50000   60.50000   61.50000
0000140  1.00000e+00  0.00000e+00  0.00000e+00  0.00000e+00  1.00000e+00   121   10620   10621  120.00000  120.00000  121.00000    61   10795   60.50000   60.50000   61.50000
0000141  1.00000e+00  0.00000e+00  0.00000e+00  0.00000e+00  1.00000e+00   122   10621   10622  121.00000  121.00000  122.00000    61   10796   60.50000   60.50000   61.50000
0000142  1.00000e+00  0.00000e+00  0.00000e+00  0.00000e+00  1.00000e+00   123   10622   10623  122.00000  122.00000  123.00000    61   10797   60.50000   60.50000   61.50000
0000143  1.00000e+00  0.00000e+00  0.00000e+00  0.00000e+00  1.00000e+00    99   10773   10774   98.00000   98.00000   99.00000    62   10948   61.50000   61.50000   62.50000
0000144  1.00000e+00  0.00000e+00  0.00000e+00  0.00000e+00  1.00000e+00   100   10774   10775   99.00000   99.00000  100.00000    62   10949   61.50000   61.50000   62.50000
0000145  1.00000e+00  0.00000e+00  0.00000e+00  0.00000e+00  1.00000e+00   101   10775   10776  100.00000  100.00000  101.00000    62   10950   61.50000   61.50000   62.50000
0000146  1.00000e+00  0.00000e+00  0.00000e+00  0.00000e+00  1.00000e+00   102   10776   10777  101.00000  101.00000  102.00000    62   10951   61.50000   61.50000   62.50000
0000147  1.00000e+00  0.00000e+00  0.00000e+00  0.00000e+00  1.00000e+00   121   10795   10796  120.00000  120.00000  121.00000    62   10970   61.50000   61.50000   62.50000
0000148  1.00000e+00  0.00000e+00  0.00000e+00  0.00000e+00  1.00000e+00   122   10796   10797  121.00000  121.00000  122.00000    62   10971   61.50000   61.50000   62.50000
0000149  1.00000e+00  0.00000e+00  0.00000e+00  0.00000e+00  1.00000e+00   123   10797   10798  122.00000  122.00000  123.00000    62   10972   61.50000   61.50000   62.50000
0000150  1.00000e+00  0.00000e+00  0.00000e+00  0.00000e+00  1.00000e+00    99   10948   10949   98.00000   98.00000   99.00000    63   11123   62.50000   62.50000   63.50000
0000151  1.00000e+00  0.00000e+00  0.00000e+00  0.00000e+00  1.00000e+00   100   10949   10950   99.00000   99.00000  100.00000    63   11124   62.50000   62.50000   63.50000
0000152  1.00000e+00  0.00000e+00  0.00000e+00  0.00000e+00  1.00000e+00   101   10950   10951  100.00000  100.00000  101.00000    63   11125   62.50000   62.50000   63.50000
0000153  1.00000e+00  0.00000e+00  0.00000e+00  0.00000e+00  1.00000e+00   102   10951   10952  101.00000  101.00000  102.00000    63   11126   62.50000   62.50000   63.50000
0000154  1.00000e+00  0.00000e+00  0.00000e+00  0.00000e+00  1.00000e+00   121   10970   10971  120.00000  120.00000  121.00000    63   11145   62.50000   62.50000   63.50000
0000155  1.00000e+00  0.00000e+00  0.00000e+00  0.00000e+00  1.00000e+00   122   10971   10972  121.00000  121.00000  122.00000    63   11146   62.50000   62.50000   63.50000
0000156  1.00000e+00  0.00000e+00  0.00000e+00  0.00000e+00  1.00000e+00   123   10972   10973  122.00000  122.00000  123.00000    63   11147   62.50000   62.50000   63.50000
0000157  1.00000e+00  0.00000e+00  0.00000e+00  0.00000e+00  1.00000e+00    99   11123   11124   98.00000   98.00000   99.00000    64   11298   63.50000   63.50000   64.50000
0000158  1.00000e+00  0.00000e+00  0.00000e+00  0.00000e+00  1.00000e+00   100   11124   11125   99.00000   99.00000  100.00000    64   11299   63.50000   63.50000   64.50000
0000159  1.00000e+00  0.00000e+00  0.00000e+00  0.00000e+00  1.00000e+00   101   11125   11126  100.00000  100.00000  101.00000    64   11300   63.50000   63.50000   64.50000
0000160  1.00000e+00  0.00000e+00  0.00000e+00  0.00000e+00  1.00000e+00   102   11126   11127  101.00000  101.00000  102.00000    64   11301   63.50000   63.50000   64.50000
0000161  1.00000e+00  0.00000e+00  0.00000e+00  0.00000e+00  1.00000e+00   121   11145   11146  120.00000  120.00000  121.00000    64   11320   63.50000   63.50000   64.50000
0000162  1.00000e+00  0.00000e+00  0.00000e+00  0.00000e+00  1.00000e+00   122   11146   11147  121.00000  121.00000  122.00000    64   11321   63.50000   63.50000   64.50000
0000163  1.00000e+00  0.00000e+00  0.00000e+00  0.00000e+00  1.00000e+00   123   11147   11148  122.00000  122.00000  123.00000    64   11322   63.50000   63.50000   64.50000
0000164  1.00000e+00  0.00000e+00  0.00000e+00  0.00000e+00  1.00000e+00    99   11298   11299   98.00000   98.00000   99.00000    65   11473   64.50000   64.50000   65.50000
0000165  1.00000e+00  0.00000e+00  0.00000e+00  0.00000e+00  1.00000e+00   100   11299   11300   99.00000   99.00000  100.00000    65   11474   64.50000   64.50000   65.50000
0000166  1.00000e+00  0.00000e+00  0.00000e+00  0.00000e+00  1.00000e+00   101   11300   11301  100.00000  100.00000  101.00000    65   11475   64.50000   64.50000   65.50000
0000167  1.00000e+00  0.00000e+00  0.00000e+00  0.00000e+00  1.00000e+00   102   11301   11302  101.00000  101.00000  102.00000    65   11476   64.50000   64.50000   65.50000
0000168  1.00000e+00  0.00000e+00  0.00000e+00  0.00000e+00  1.00000e+00   121   11320   11321  120.00000  120.00000  121.00000    65   11495   64.50000   64.50000   65.50000
0000169  1.00000e+00  0.00000e+00  0.00000e+00  0.00000e+00  1.00000e+00   122   11321   11322  121.00000  121.00000  122.00000    65   11496   64.50000   64.50000   65.50000
0000170  1.00000e+00  0.00000e+00  0.00000e+00  0.00000e+00  1.00000e+00   123   11322   11323  122.00000  122.00000  123.00000    65   11497   64.50000   64.50000   65.50000
0000171  1.00000e+00  0.00000e+00  0.00000e+00  0.00000e+00  1.00000e+00    99   11473   11474   98.00000   98.00000   99.00000    66   11648   65.50000   65.50000   66.50000
0000172  1.00000e+00  0.00000e+00  0.00000e+00  0.00000e+00  1.00000e+00   100   11474   11475   99.00000   99.00000  100.00000    66   11649   65.50000   65.50000   66.50000
0000173  1.00000e+00  0.00000e+00  0.00000e+00  0.00000e+00  1.00000e+00   101   11475   11476  100.00000  100.00000  101.00000    66   11650   65.50000   65.50000   66.50000
0000174  1.00000e+00  0.00000e+00  0.00000e+00  0.00000e+00  1.00000e+00   102   11476   11477  101.00000  101.00000  102.00000    66   11651   65.50000   65.50000   66.50000
0000175  1.00000e+00  0.00000e+00  0.00000e+00  0.00000e+00  1.00000e+00   121   11495   11496  120.00000  120.00000  121.00000    66   11670   65.50000   65.50000   66.50000
0000176  1.00000e+00  0.00000e+00  0.00000e+00  0.00000e+00  1.00000e+00   122   11496   11497  121.00000  121.00000  122.00000    66   11671   65.50000   65.50000   66.50000
0000177  1.00000e+00  0.00000e+00  0.00000e+00  0.00000e+00  1.00000e+00   123   11497   11498  122.00000  122.00000  123.00000    66   11672   65.50000   65.50000   66.50000
0000178  1.00000e+00  0.00000e+00  0.00000e+00  0.00000e+00  1.00000e+00    99   11648   11649   98.00000   98.00000   99.00000    67   11823   66.50000   66.50000   67.50000
0000179  1.00000e+00  0.00000e+00  0.00000e+00  0.00000e+00  1.00000e+00   100   11649   11650   99.00000   99.00000  100.00000    67   11824   66.50000   66.50000   67.50000
0000180  1.00000e+00  0.00000e+00  0.00000e+00  0.00000e+00  1.00000e+00   101   11650   11651  100.00000  100.00000  101.00000    67   11825   66.50000   66.50000   67.50000
0000181  1.00000e+00  0.00000e+00  0.00000e+00  0.00000e+00  1.00000e+00   102   11651   11652  101.00000  101.00000  102.00000    67   11826   66.50000   66.50000   67.50000
0000182  1.00000e+00  0.00000e+00  0.00000e+00  0.00000e+00  1.00000e+00   121   11670   11671  120.00000  120.00000  121.00000    67   11845   66.50000   66.50000   67.50000
0000183  1.00000e+00  0.00000e+00  0.00000e+00  0.00000e+00  1.00000e+00   122   11671   11672  121.00000  121.00000  122.00000    67   11846   66.50000   66.50000   67.50000
0000184  1.00000e+00  0.00000e+00  0.00000e+00  0.00000e+00  1.00000e+00   123   11672   11673  122.00000  122.00000  123.00000    67   11847   66.50000   66.50000   67.50000
0000185  1.00000e+00  0.00000e+00  0.00000e+00  0.00000e+00  1.00000e+00    99   11823   11824   98.00000   98.00000   99.00000    68   11998   67.50000   67.50000   68.50000
0000186  1.00000e+00  0.00000e+00  0.00000e+00  0.00000e+00  1.00000e+00   100   11824   11825   99.00000   99.00000  100.00000    68   11999   67.50000   67.50000   68.50000
0000187  1.00000e+00  0.00000e+00  0.00000e+00  0.00000e+00  1.00000e+00   101   11825   11826  100.00000  100.00000  101.00000    68   12000   67.50000   67.50000   68.50000
0000188  1.00000e+00  0.00000e+00  0.00000e+00  0.00000e+00  1.00000e+00   102   11826   11827  101.00000  101.00000  102.00000    68   12001   67.50000   67.50000   68.50000
0000189  1.00000e+00  0.00000e+00  0.00000e+00  0.00000e+00  1.00000e+00   121   11845   11846  120.00000  120.00000  121.00000    68   12020   67.50000   67.50000   68.50000
0000190  1.00000e+00  0.00000e+00  0.00000e+00  0.00000e+00  1.00000e+00   122   11846   11847  121.00000  121.00000  122.00000    68   12021   67.50000   67.50000   68.50000
0000191  1.00000e+00  0.00000e+00  0.00000e+00  0.00000e+00  1.00000e+00   123   11847   11848  122.00000  122.00000  123.00000    68   12022   67.50000   67.50000   68.50000
0000192  1.00000e+00  0.00000e+00  0.00000e+00  0.00000e+00  1.00000e+00    99   11998   11999   98.00000   98.00000   99.00000    69   12173   68.50000   68.50000   69.50000
0000193  1.00000e+00  0.00000e+00  0.00000e+00  0.00000e+00  1.00000e+00   100   11999   12000   99.00000   99.00000  100.00000    69   12174   68.50000   68.50000   69.50000
0000194  1.00000e+00  0.00000e+00  0.00000e+00  0.00000e+00  1.00000e+00   101   12000   12001  100.00000  100.00000  101.00000    69   12175   68.50000   68.50000   69.50000
0000195  1.00000e+00  0.00000e+00  0.00000e+00  0.00000e+00  1.00000e+00   102   12001   12002  101.00000  101.00000  102.00000    69   12176   68.50000   68.50000   69.50000
0000196  1.00000e+00  0.00000e+00  0.00000e+00  0.00000e+00  1.00000e+00   121   12020   12021  120.00000  120.00000  121.00000    69   12195   68.50000   68.50000   69.50000
0000197  1.00000e+00  0.00000e+00  0.00000e+00  0.00000e+00  1.00000e+00   122   12021   12022  121.00000  121.00000  122.00000    69   12196   68.50000   68.50000   69.50000
0000198  1.00000e+00  0.00000e+00  0.00000e+00  0.00000e+00  1.00000e+00   123   12022   12023  122.00000  122.00000  123.00000    69   12197   68.50000   68.50000   69.50000
0000199  1.00000e+00  0.00000e+00  0.00000e+00  0.00000e+00  1.00000e+00    99   12173   12174   98.00000   98.00000   99.00000    70   12348   69.50000   69.50000   70.50000
0000200  1.00000e+00  0.00000e+00  0.00000e+00  0.00000e+00  1.00000e+00   100   12174   12175   99.00000   99.00000  100.00000    70   12349   69.50000   69.50000   70.50000
0000201  1.00000e+00  0.00000e+00  0.00000e+00  0.00000e+00  1.00000e+00   101   12175   12176  100.00000  100.00000  101.00000    70   12350   69.50000   69.50000   70.50000
0000202  1.00000e+00  0.00000e+00  0.00000e+00  0.00000e+00  1.00000e+00   102   12176   12177  101.00000  101.00000  102.00000    70   12351   69.50000   69.50000   70.50000
0000203  1.00000e+00  0.00000e+00  0.00000e+00  0.00000e+00  1.00000e+00   121   12195   12196  120.00000  120.00000  121.00000    70   12370   69.50000   69.50000   70.50000
0000204  1.00000e+00  0.00000e+00  0.00000e+00  0.00000e+00  1.00000e+00   122   12196   12197  121.00000  121.00000  122.00000    70   12371   69.50000   69.50000   70.50000
0000205  1.00000e+00  0.00000e+00  0.00000e+00  0.00000e+00  1.00000e+00   123   12197   12198  122.00000  122.00000  123.00000    70   12372   69.50000   69.50000   70.50000
0000206  1.00000e+00  0.00000e+00  0.00000e+00  0.00000e+00  1.00000e+00    99   12348   12349   98.00000   98.00000   99.00000    71   12523   70.50000   70.50000   71.50000
0000207  1.00000e+00  0.00000e+00  0.00000e+00  0.00000e+00  1.00000e+00   100   12349   12350   99.00000   99.00000  100.00000    71   12524   70.50000   70.50000   71.50000
0000208  1.00000e+00  0.00000e+00  0.00000e+00  0.00000e+00  1.00000e+00   101   12350   12351  100.00000  100.00000  101.00000    71   12525   70.50000   70.50000   71.50000
0000209  1.00000e+00  0.00000e+00  0.00000e+00  0.00000e+00  1.00000e+00   102   12351   12352  101.00000  101.00000  102.00000    71   12526   70.50000   70.50000   71.50000
0000210  1.00000e+00  0.00000e+00  0.00000e+00  0.00000e+00  1.00000e+00   121   12370   12371  120.00000  120.00000  121.00000    71   12545   70.50000   70.50000   71.50000
0000211  1.00000e+00  0.00000e+00  0.00000e+00  0.00000e+00  1.00000e+00   122   12371   12372  121.00000  121.00000  122.00000    71   12546   70.50000   70.50000   71.50000
0000212  1.00000e+00  0.00000e+00  0.00000e+00  0.00000e+00  1.00000e+00   123   12372   12373  122.00000  122.00000  123.00000    71   12547   70.50000   70.50000   71.50000
0000213  1.00000e+00  0.00000e+00  0.00000e+00  0.00000e+00  1.00000e+00    99   12523   12524   98.00000   98.00000   99.00000    72   12698   71.50000   71.50000   72.50000
0000214  1.00000e+00  0.00000e+00  0.00000e+00  0.00000e+00  1.00000e+00   100   12524   12525   99.00000   99.00000  100.00000    72   12699   71.50000   71.50000   72.50000
0000215  1.00000e+00  0.00000e+00  0.00000e+00  0.00000e+00  1.00000e+00   101   12525   12526  100.00000  100.00000  101.00000    72   12700   71.50000   71.50000   72.50000
0000216  1.00000e+00  0.00000e+00  0.00000e+00  0.00000e+00  1.00000e+00   102   12526   12527  101.00000  101.00000  102.00000    72   12701   71.50000   71.50000   72.50000
0000217  1.00000e+00  0.00000e+00  0.00000e+00  0.00000e+00  1.00000e+00   121   12545   12546  120.00000  120.00000  121.00000    72   12720   71.50000   71.50000   72.50000
0000218  1.00000e+00  0.00000e+00  0.00000e+00  0.00000e+00  1.00000e+00   122   12546   12547  121.00000  121.00000  122.00000    72   12721   71.50000   71.50000   72.50000
0000219  1.00000e+00  0.00000e+00  0.00000e+00  0.00000e+00  1.00000e+00   123   12547   12548  122.00000  122.00000  123.00000    72   12722   71.50000   71.50000   72.50000
0000220  1.00000e+00  0.00000e+00  0.00000e+00  0.00000e+00  1.00000e+00    99   12698   12699   98.00000   98.00000   99.00000    73   12873   72.50000   72.50000   73.50000
0000221  1.00000e+00  0.00000e+00  0.00000e+00  0.00000e+00  1.00000e+00   100   12699   12700   99.00000   99.00000  100.00000    73   12874   72.50000   72.50000   73.50000
0000222  1.00000e+00  0.00000e+00  0.00000e+00  0.00000e+00  1.00000e+00   101   12700   12701  100.00000  100.00000  101.00000    73   12875   72.50000   72.50000   73.50000
0000223  1.00000e+00  0.00000e+00  0.00000e+00  0.00000e+00  1.00000e+00   102   12701   12702  101.00000  101.00000  102.00000    73   12876   72.50000   72.50000   73.50000
0000224  1.00000e+00  0.00000e+00  0.00000e+00  0.00000e+00  1.00000e+00   121   12720   12721  120.00000  120.00000  121.00000    73   12895   72.50000   72.50000   73.50000
0000225  1.00000e+00  0.00000e+00  0.00000e+00  0.00000e+00  1.00000e+00   122   12721   12722  121.00000  121.00000  122.00000    73   12896   72.50000   72.50000   73.50000
0000226  1.00000e+00  0.00000e+00  0.00000e+00  0.00000e+00  1.00000e+00   123   12722   12723  122.00000  122.00000  123.00000    73   12897   72.50000   72.50000   73.50000
0000227  1.00000e+00  0.00000e+00  0.00000e+00  0.00000e+00  1.00000e+00    99   12873   12874   98.00000   98.00000   99.00000    74   13048   73.50000   73.50000   74.50000
0000228  1.00000e+00  0.00000e+00  0.00000e+00  0.00000e+00  1.00000e+00   100   12874   12875   99.00000   99.00000  100.00000    74   13049   73.50000   73.50000   74.50000
0000229  1.00000e+00  0.00000e+00  0.00000e+00  0.00000e+00  1.00000e+00   101   12875   12876  100.00000  100.00000  101.00000    74   13050   73.50000   73.50000   74.50000
0000230  1.00000e+00  0.00000e+00  0.00000e+00  0.00000e+00  1.00000e+00   102   12876   12877  101.00000  101.00000  102.00000    74   13051   73.50000   73.50000   74.50000
0000231  1.00000e+00  0.00000e+00  0.00000e+00  0.00000e+00  1.00000e+00   121   12895   12896  120.00000  120.00000  121.00000    74   13070   73.50000   73.50000   74.50000
0000232  1.00000e+00  0.00000e+00  0.00000e+00  0.00000e+00  1.00000e+00   122   12896   12897  121.00000  121.00000  122.00000    74   13071   73.50000   73.50000   74.50000
0000233  1.00000e+00  0.00000e+00  0.00000e+00  0.00000e+00  1.00000e+00   123   12897   12898  122.00000  122.00000  123.00000    74   13072   73.50000   73.50000   74.50000
0000234  1.00000e+00  0.00000e+00  0.00000e+00  0.00000e+00  1.00000e+00    99   13048   13049   98.00000   98.00000   99.00000    75   13223   74.50000   74.50000   75.50000
0000235  1.00000e+00  0.00000e+00  0.00000e+00  0.00000e+00  1.00000e+00   100   13049   13050   99.00000   99.00000  100.00000    75   13224   74.50000   74.50000   75.50000
0000236  1.00000e+00  0.00000e+00  0.00000e+00  0.00000e+00  1.00000e+00   101   13050   13051  100.00000  100.00000  101.00000    75   13225   74.50000   74.50000   75.50000
0000237  1.00000e+00  0.00000e+00  0.00000e+00  0.00000e+00  1.00000e+00   102   13051   13052  101.00000  101.00000  102.00000    75   13226   74.50000   74.50000   75.50000
0000238  1.00000e+00  0.00000e+00  0.00000e+00  0.00000e+00  1.00000e+00   121   13070   13071  120.00000  120.00000  121.00000    75   13245   74.50000   74.50000   75.50000
0000239  1.00000e+00  0.00000e+00  0.00000e+00  0.00000e+00  1.00000e+00   122   13071   13072  121.00000  121.00000  122.00000    75   13246   74.50000   74.50000   75.50000
0000240  1.00000e+00  0.00000e+00  0.00000e+00  0.00000e+00  1.00000e+00   123   13072   13073  122.00000  122.00000  123.00000    75   13247   74.50000   74.50000   75.50000
0000241  1.00000e+00  0.00000e+00  0.00000e+00  0.00000e+00  1.00000e+00    99   13223   13224   98.00000   98.00000   99.00000    76   13398   75.50000   75.50000   76.50000
0000242  1.00000e+00  0.00000e+00  0.00000e+00  0.00000e+00  1.00000e+00   100   13224   13225   99.00000   99.00000  100.00000    76   13399   75.50000   75.50000   76.50000
0000243  1.00000e+00  0.00000e+00  0.00000e+00  0.00000e+00  1.00000e+00   101   13225   13226  100.00000  100.00000  101.00000    76   13400   75.50000   75.50000   76.50000
0000244  1.00000e+00  0.00000e+00  0.00000e+00  0.00000e+00  1.00000e+00   102   13226   13227  101.00000  101.00000  102.00000    76   13401   75.50000   75.50000   76.50000
0000245  1.00000e+00  0.00000e+00  0.00000e+00  0.00000e+00  1.00000e+00   121   13245   13246  120.00000  120.00000  121.00000    76   13420   75.50000   75.50000   76.50000
0000246  1.00000e+00  0.00000e+00  0.00000e+00  0.00000e+00  1.00000e+00   122   13246   13247  121.00000  121.00000  122.00000    76   13421   75.50000   75.50000   76.50000
0000247  1.00000e+00  0.00000e+00  0.00000e+00  0.00000e+00  1.00000e+00   123   13247   13248  122.00000  122.00000  123.00000    76   13422   75.50000   75.50000   76.50000
0000248  1.00000e+00  0.00000e+00  0.00000e+00  0.00000e+00  1.00000e+00    99   13398   13399   98.00000   98.00000   99.00000    77   13573   76.50000   76.50000   77.50000
0000249  1.00000e+00  0.00000e+00  0.00000e+00  0.00000e+00  1.00000e+00   100   13399   13400   99.00000   99.00000  100.00000    77   13574   76.50000   76.50000   77.50000
0000250  1.00000e+00  0.00000e+00  0.00000e+00  0.00000e+00  1.00000e+00   101   13400   13401  100.00000  100.00000  101.00000    77   13575   76.50000   76.50000   77.50000
0000251  1.00000e+00  0.00000e+00  0.00000e+00  0.00000e+00  1.00000e+00   102   13401   13402  101.00000  101.00000  102.00000    77   13576   76.50000   76.50000   77.50000
0000252  1.00000e+00  0.00000e+00  0.00000e+00  0.00000e+00  1.00000e+00   121   13420   13421  120.00000  120.00000  121.00000    77   13595   76.50000   76.50000   77.50000
0000253  1.00000e+00  0.00000e+00  0.00000e+00  0.00000e+00  1.00000e+00   122   13421   13422  121.00000  121.00000  122.00000    77   13596   76.50000   76.50000   77.50000
0000254  1.00000e+00  0.00000e+00  0.00000e+00  0.00000e+00  1.00000e+00   123   13422   13423  122.00000  122.00000  123.00000    77   13597   76.50000   76.50000   77.50000
0000255  1.00000e+00  0.00000e+00  0.00000e+00  0.00000e+00  1.00000e+00    99   13573   13574   98.00000   98.00000   99.00000    78   13748   77.50000   77.50000   78.50000
0000256  1.00000e+00  0.00000e+00  0.00000e+00  0.00000e+00  1.00000e+00   100   13574   13575   99.00000   99.00000  100.00000    78   13749   77.50000   77.50000   78.50000
0000257  1.00000e+00  0.00000e+00  0.00000e+00  0.00000e+00  1.00000e+00   101   13575   13576  100.00000  100.00000  101.00000    78   13750   77.50000   77.50000   78.50000
0000258  1.00000e+00  0.00000e+00  0.00000e+00  0.00000e+00  1.00000e+00   102   13576   13577  101.00000  101.00000  102.00000    78   13751   77.50000   77.50000   78.50000
0000259  1.00000e+00  0.00000e+00  0.00000e+00  0.00000e+00  1.00000e+00   121   13595   13596  120.00000  120.00000  121.00000    78   13770   77.50000   77.50000   78.50000
0000260  1.00000e+00  0.00000e+00  0.00000e+00  0.00000e+00  1.00000e+00   122   13596   13597  121.00000  121.00000  122.00000    78   13771   77.50000   77.50000   78.50000
0000261  1.00000e+00  0.00000e+00  0.00000e+00  0.00000e+00  1.00000e+00   123   13597   13598  122.00000  122.00000  123.00000    78   13772   77.50000   77.50000   78.50000
0000262  1.00000e+00  0.00000e+00  0.00000e+00  0.00000e+00  1.00000e+00    99   13748   13749   98.00000   98.00000   99.00000    79   13923   78.50000   78.50000   79.50000
0000263  1.00000e+00  0.00000e+00  0.00000e+00  0.00000e+00  1.00000e+00   100   13749   13750   99.00000   99.00000  100.00000    79   13924   78.50000   78.50000   79.50000
0000264  1.00000e+00  0.00000e+00  0.00000e+00  0.00000e+00  1.00000e+00   101   13750   13751  100.00000  100.00000  101.00000    79   13925   78.50000   78.50000   79.50000
0000265  1.00000e+00  0.00000e+00  0.00000e+00  0.00000e+00  1.00000e+00   102   13751   13752  101.00000  101.00000  102.00000    79   13926   78.50000   78.50000   79.50000
0000266  1.00000e+00  0.00000e+00  0.00000e+00  0.00000e+00  1.00000e+00   121   13770   13771  120.00000  120.00000  121.00000    79   13945   78.50000   78.50000   79.50000
0000267  1.00000e+00  0.00000e+00  0.00000e+00  0.00000e+00  1.00000e+00   122   13771   13772  121.00000  121.00000  122.00000    79   13946   78.50000   78.50000   79.50000
0000268  1.00000e+00  0.00000e+00  0.00000e+00  0.00000e+00  1.00000e+00   123   13772   13773  122.00000  122.00000  123.00000    79   13947   78.50000   78.50000   79.50000
0000269  1.00000e+00  0.00000e+00  0.00000e+00  0.00000e+00  1.00000e+00    99   13923   13924   98.00000   98.00000   99.00000    80   14098   79.50000   79.50000   80.50000
0000270  1.00000e+00  0.00000e+00  0.00000e+00  0.00000e+00  1.00000e+00   100   13924   13925   99.00000   99.00000  100.00000    80   14099   79.50000   79.50000   80.50000
0000271  1.00000e+00  0.00000e+00  0.00000e+00  0.00000e+00  1.00000e+00   101   13925   13926  100.00000  100.00000  101.00000    80   14100   79.50000   79.50000   80.50000
0000272  1.00000e+00  0.00000e+00  0.00000e+00  0.00000e+00  1.00000e+00   102   13926   13927  101.00000  101.00000  102.00000    80   14101   79.50000   79.50000   80.50000
0000273  1.00000e+00  0.00000e+00  0.00000e+00  0.00000e+00  1.00000e+00   121   13945   13946  120.00000  120.00000  121.00000    80   14120   79.50000   79.50000   80.50000
0000274  1.00000e+00  0.00000e+00  0.00000e+00  0.00000e+00  1.00000e+00   122   13946   13947  121.00000  121.00000  122.00000    80   14121   79.50000   79.50000   80.50000
0000275  1.00000e+00  0.00000e+00  0.00000e+00  0.00000e+00  1.00000e+00   123   13947   13948  122.00000  122.00000  123.00000    80   14122   79.50000   79.50000   80.50000
0000276  1.00000e+00  0.00000e+00  0.00000e+00  0.00000e+00  1.00000e+00    99   14098   14099   98.00000   98.00000   99.00000    81   14273   80.50000   80.50000   81.50000
0000277  1.00000e+00  0.00000e+00  0.00000e+00  0.00000e+00  1.00000e+00   100   14099   14100   99.00000   99.00000  100.00000    81   14274   80.50000   80.50000   81.50000
0000278  1.00000e+00  0.00000e+00  0.00000e+00  0.00000e+00  1.00000e+00   101   14100   14101  100.00000  100.00000  101.00000    81   14275   80.50000   80.50000   81.50000
0000279  1.00000e+00  0.00000e+00  0.00000e+00  0.00000e+00  1.00000e+00   102   14101   14102  101.00000  101.00000  102.00000    81   14276   80.50000   80.50000   81.50000
0000280  1.00000e+00  0.00000e+00  0.00000e+00  0.00000e+00  1.00000e+00   121   14120   14121  120.00000  120.00000  121.00000    81   14295   80.50000   80.50000   81.50000
0000281  1.00000e+00  0.00000e+00  0.00000e+00  0.00000e+00  1.00000e+00   122   14121   14122  121.00000  121.00000  122.00000    81   14296   80.50000   80.50000   81.50000
0000282  1.00000e+00  0.00000e+00  0.00000e+00  0.00000e+00  1.00000e+00   123   14122   14123  122.00000  122.00000  123.00000    81   14297   80.50000   80.50000   81.50000
0000283  1.00000e+00  0.00000e+00  0.00000e+00  0.00000e+00  1.00000e+00    99   14273   14274   98.00000   98.00000   99.00000    82   14448   81.50000   81.50000   82.50000
0000284  1.00000e+00  0.00000e+00  0.00000e+00  0.00000e+00  1.00000e+00   100   14274   14275   99.00000   99.00000  100.00000    82   14449   81.50000   81.50000   82.50000
0000285  1.00000e+00  0.00000e+00  0.00000e+00  0.00000e+00  1.00000e+00   101   14275   14276  100.00000  100.00000  101.00000    82   14450   81.50000   81.50000   82.50000
0000286  1.00000e+00  0.00000e+00  0.00000e+00  0.00000e+00  1.00000e+00   102   14276   14277  101.00000  101.00000  102.00000    82   14451   81.50000   81.50000   82.50000
0000287  1.00000e+00  0.00000e+00  0.00000e+00  0.00000e+00  1.00000e+00   121   14295   14296  120.00000  120.00000  121.00000    82   14470   81.50000   81.50000   82.50000
0000288  1.00000e+00  0.00000e+00  0.00000e+00  0.00000e+00  1.00000e+00   122   14296   14297  121.00000  121.00000  122.00000    82   14471   81.50000   81.50000   82.50000
0000289  1.00000e+00  0.00000e+00  0.00000e+00  0.00000e+00  1.00000e+00   123   14297   14298  122.00000  122.00000  123.00000    82   14472   81.50000   81.50000   82.50000
0000290  1.00000e+00  0.00000e+00  0.00000e+00  0.00000e+00  1.00000e+00    99   14448   14449   98.00000   98.00000   99.00000    83   14623   82.50000   82.50000   83.50000
0000291  1.00000e+00  0.00000e+00  0.00000e+00  0.00000e+00  1.00000e+00   100   14449   14450   99.00000   99.00000  100.00000    83   14624   82.50000   82.50000   83.50000
0000292  1.00000e+00  0.00000e+00  0.00000e+00  0.00000e+00  1.00000e+00   101   14450   14451  100.00000  100.00000  101.00000    83   14625   82.50000   82.50000   83.50000
0000293  1.00000e+00  0.00000e+00  0.00000e+00  0.00000e+00  1.00000e+00   102   14451   14452  101.00000  101.00000  102.00000    83   14626   82.50000   82.50000   83.50000
0000294  1.00000e+00  0.00000e+00  0.00000e+00  0.00000e+00  1.00000e+00   121   14470   14471  120.00000  120.00000  121.00000    83   14645   82.50000   82.50000   83.50000
0000295  1.00000e+00  0.00000e+00  0.00000e+00  0.00000e+00  1.00000e+00   122   14471   14472  121.00000  121.00000  122.00000    83   14646   82.50000   82.50000   83.50000
0000296  1.00000e+00  0.00000e+00  0.00000e+00  0.00000e+00  1.00000e+00   123   14472   14473  122.00000  122.00000  123.00000    83   14647   82.50000   82.50000   83.50000
0000297  1.00000e+00  0.00000e+00  0.00000e+00  0.00000e+00  1.00000e+00    99   14623   14624   98.00000   98.00000   99.00000    84   14798   83.50000   83.50000   84.50000
0000298  1.00000e+00  0.00000e+00  0.00000e+00  0.00000e+00  1.00000e+00   100   14624   14625   99.00000   99.00000  100.00000    84   14799   83.50000   83.50000   84.50000
0000299  1.00000e+00  0.00000e+00  0.00000e+00  0.00000e+00  1.00000e+00   101   14625   14626  100.00000  100.00000  101.00000    84   14800   83.50000   83.50000   84.50000
0000300  1.00000e+00  0.00000e+00  0.00000e+00  0.00000e+00  1.00000e+00   102   14626   14627  101.00000  101.00000  102.00000    84   14801   83.50000   83.50000   84.50000
0000301  1.00000e+00  0.00000e+00  0.00000e+00  0.00000e+00  1.00000e+00   121   14645   14646  120.00000  120.00000  121.00000    84   14820   83.50000   83.50000   84.50000
0000302  1.00000e+00  0.00000e+00  0.00000e+00  0.00000e+00  1.00000e+00   122   14646   14647  121.00000  121.00000  122.00000    84   14821   83.50000   83.50000   84.50000
0000303  1.00000e+00  0.00000e+00  0.00000e+00  0.00000e+00  1.00000e+00   123   14647   14648  122.00000  122.00000  123.00000    84   14822   83.50000   83.50000   84.50000
0000304  1.00000e+00  0.00000e+00  0.00000e+00  0.00000e+00  1.00000e+00    99   14798   14799   98.00000   98.00000   99.00000    85   14973   84.50000   84.50000   85.50000
0000305  1.00000e+00  0.00000e+00  0.00000e+00  0.00000e+00  1.00000e+00   100   14799   14800   99.00000   99.00000  100.00000    85   14974   84.50000   84.50000   85.50000
0000306  1.00000e+00  0.00000e+00  0.00000e+00  0.00000e+00  1.00000e+00   101   14800   14801  100.00000  100.00000  101.00000    85   14975   84.50000   84.50000   85.50000
0000307  1.00000e+00  0.00000e+00  0.00000e+00  0.00000e+00  1.00000e+00   102   14801   14802  101.00000  101.00000  102.00000    85   14976   84.50000   84.50000   85.50000
0000308  1.00000e+00  0.00000e+00  0.00000e+00  0.00000e+00  1.00000e+00   121   14820   14821  120.00000  120.00000  121.00000    85   14995   84.50000   84.50000   85.50000
0000309  1.00000e+00  0.00000e+00  0.00000e+00  0.00000e+00  1.00000e+00   122   14821   14822  121.00000  121.00000  122.00000    85   14996   84.50000   84.50000   85.50000
0000310  1.00000e+00  0.00000e+00  0.00000e+00  0.00000e+00  1.00000e+00   123   14822   14823  122.00000  122.00000  123.00000    85   14997   84.50000   84.50000   85.50000
0000311  1.00000e+00  0.00000e+00  0.00000e+00  0.00000e+00  1.00000e+00    99   14973   14974   98.00000   98.00000   99.00000    86   15148   85.50000   85.50000   86.50000
0000312  1.00000e+00  0.00000e+00  0.00000e+00  0.00000e+00  1.00000e+00   100   14974   14975   99.00000   99.00000  100.00000    86   15149   85.50000   85.50000   86.50000
0000313  1.00000e+00  0.00000e+00  0.00000e+00  0.00000e+00  1.00000e+00   101   14975   14976  100.00000  100.00000  101.00000    86   15150   85.50000   85.50000   86.50000
0000314  1.00000e+00  0.00000e+00  0.00000e+00  0.00000e+00  1.00000e+00   102   14976   14977  101.00000  101.00000  102.00000    86   15151   85.50000   85.50000   86.50000
0000315  1.00000e+00  0.00000e+00  0.00000e+00  0.00000e+00  1.00000e+00   121   14995   14996  120.00000  120.00000  121.00000    86   15170   85.50000   85.50000   86.50000
0000316  1.00000e+00  0.00000e+00  0.00000e+00  0.00000e+00  1.00000e+00   122   14996   14997  121.00000  121.00000  122.00000    86   15171   85.50000   85.50000   86.50000
0000317  1.00000e+00  0.00000e+00  0.00000e+00  0.00000e+00  1.00000e+00   123   14997   14998  122.00000  122.00000  123.00000    86   15172   85.50000   85.50000   86.50000
0000318  1.00000e+00  0.00000e+00  0.00000e+00  0.00000e+00  1.00000e+00    99   15148   15149   98.00000   98.00000   99.00000    87   15323   86.50000   86.50000   87.50000
0000319  1.00000e+00  0.00000e+00  0.00000e+00  0.00000e+00  1.00000e+00   100   15149   15150   99.00000   99.00000  100.00000    87   15324   86.50000   86.50000   87.50000
0000320  1.00000e+00  0.00000e+00  0.00000e+00  0.00000e+00  1.00000e+00   101   15150   15151  100.00000  100.00000  101.00000    87   15325   86.50000   86.50000   87.50000
0000321  1.00000e+00  0.00000e+00  0.00000e+00  0.00000e+00  1.00000e+00   102   15151   15152  101.00000  101.00000  102.00000    87   15326   86.50000   86.50000   87.50000
0000322  1.00000e+00  0.00000e+00  0.00000e+00  0.00000e+00  1.00000e+00   121   15170   15171  120.00000  120.00000  121.00000    87   15345   86.50000   86.50000   87.50000
0000323  1.00000e+00  0.00000e+00  0.00000e+00  0.00000e+00  1.00000e+00   122   15171   15172  121.00000  121.00000  122.00000    87   15346   86.50000   86.50000   87.50000
0000324  1.00000e+00  0.00000e+00  0.00000e+00  0.00000e+00  1.00000e+00   123   15172   15173  122.00000  122.00000  123.00000    87   15347   86.50000   86.50000   87.50000
0000325  1.00000e+00  0.00000e+00  0.00000e+00  0.00000e+00  1.00000e+00    99   15323   15324   98.00000   98.00000   99.00000    88   15498   87.50000   87.50000   88.50000
0000326  1.00000e+00  0.00000e+00  0.00000e+00  0.00000e+00  1.00000e+00   100   15324   15325   99.00000   99.00000  100.00000    88   15499   87.50000   87.50000   88.50000
0000327  1.00000e+00  0.00000e+00  0.00000e+00  0.00000e+00  1.00000e+00   101   15325   15326  100.00000  100.00000  101.00000    88   15500   87.50000   87.50000   88.50000
0000328  1.00000e+00  0.00000e+00  0.00000e+00  0.00000e+00  1.00000e+00   102   15326   15327  101.00000  101.00000  102.00000    88   15501   87.50000   87.50000   88.50000
0000329  1.00000e+00  0.00000e+00  0.00000e+00  0.00000e+00  1.00000e+00   121   15345   15346  120.00000  120.00000  121.00000    88   15520   87.50000   87.50000   88.50000
0000330  1.00000e+00  0.00000e+00  0.00000e+00  0.00000e+00  1.00000e+00   122   15346   15347  121.00000  121.00000  122.00000    88   15521   87.50000   87.50000   88.50000
0000331  1.00000e+00  0.00000e+00  0.00000e+00  0.00000e+00  1.00000e+00   123   15347   15348  122.00000  122.00000  123.00000    88   15522   87.50000   87.50000   88.50000
0000332  1.00000e+00  0.00000e+00  0.00000e+00  0.00000e+00  1.00000e+00    99   15498   15499   98.00000   98.00000   99.00000    89   15673   88.50000   88.50000   89.50000
0000333  1.00000e+00  0.00000e+00  0.00000e+00  0.00000e+00  1.00000e+00   100   15499   15500   99.00000   99.00000  100.00000    89   15674   88.50000   88.50000   89.50000
0000334  1.00000e+00  0.00000e+00  0.00000e+00  0.00000e+00  1.00000e+00   101   15500   15501  100.00000  100.00000  101.00000    89   15675   88.50000   88.50000   89.50000
0000335  1.00000e+00  0.00000e+00  0.00000e+00  0.00000e+00  1.00000e+00   102   15501   15502  101.00000  101.00000  102.00000    89   15676   88.50000   88.50000   89.50000
0000336  1.00000e+00  0.00000e+00  0.00000e+00  0.00000e+00  1.00000e+00   103   15502   15503  102.00000  102.00000  103.00000    89   15677   88.50000   88.50000   89.50000
0000337  1.00000e+00  0.00000e+00  0.00000e+00  0.00000e+00  1.00000e+00   104   15503   15504  103.00000  103.00000  104.00000    89   15678   88.50000   88.50000   89.50000
0000338  1.00000e+00  0.00000e+00  0.00000e+00  0.00000e+00  1.00000e+00   105   15504   15505  104.00000  104.00000  105.00000    89   15679   88.50000   88.50000   89.50000
0000339  1.00000e+00  0.00000e+00  0.00000e+00  0.00000e+00  1.00000e+00   106   15505   15506  105.00000  105.00000  106.00000    89   15680   88.50000   88.50000   89.50000
0000340  1.00000e+00  0.00000e+00  0.00000e+00  0.00000e+00  1.00000e+00   107   15506   15507  106.00000  106.00000  107.00000    89   15681   88.50000   88.50000   89.50000
0000341  1.00000e+00  0.00000e+00  0.00000e+00  0.00000e+00  1.00000e+00   108   15507   15508  107.00000  107.00000  108.00000    89   15682   88.50000   88.50000   89.50000
0000342  1.00000e+00  0.00000e+00  0.00000e+00  0.00000e+00  1.00000e+00   109   15508   15509  108.00000  108.00000  109.00000    89   15683   88.50000   88.50000   89.50000
0000343  1.00000e+00  0.00000e+00  0.00000e+00  0.00000e+00  1.00000e+00   110   15509   15510  109.00000  109.00000  110.00000    89   15684   88.50000   88.50000   89.50000
0000344  1.00000e+00  0.00000e+00  0.00000e+00  0.00000e+00  1.00000e+00   111   15510   15511  110.00000  110.00000  111.00000    89   15685   88.50000   88.50000   89.50000
0000345  1.00000e+00  0.00000e+00  0.00000e+00  0.00000e+00  1.00000e+00   112   15511   15512  111.00000  111.00000  112.00000    89   15686   88.50000   88.50000   89.50000
0000346  1.00000e+00  0.00000e+00  0.00000e+00  0.00000e+00  1.00000e+00   113   15512   15513  112.00000  112.00000  113.00000    89   15687   88.50000   88.50000   89.50000
0000347  1.00000e+00  0.00000e+00  0.00000e+00  0.00000e+00  1.00000e+00   114   15513   15514  113.00000  113.00000  114.00000    89   15688   88.50000   88.50000   89.50000
0000348  1.00000e+00  0.00000e+00  0.00000e+00  0.00000e+00  1.00000e+00   115   15514   15515  114.00000  114.00000  115.00000    89   15689   88.50000   88.50000   89.50000
0000349  1.00000e+00  0.00000e+00  0.00000e+00  0.00000e+00  1.00000e+00   116   15515   15516  115.00000  115.00000  116.00000    89   15690   88.50000   88.50000   89.50000
0000350  1.00000e+00  0.00000e+00  0.00000e+00  0.00000e+00  1.00000e+00   117   15516   15517  116.00000  116.00000  117.00000    89   15691   88.50000   88.50000   89.50000
0000351  1.00000e+00  0.00000e+00  0.00000e+00  0.00000e+00  1.00000e+00   118   15517   15518  117.00000  117.00000  118.00000    89   15692   88.50000   88.50000   89.50000
0000352  1.00000e+00  0.00000e+00  0.00000e+00  0.00000e+00  1.00000e+00   119   15518   15519  118.00000  118.00000  119.00000    89   15693   88.50000   88.50000   89.50000
0000353  1.00000e+00  0.00000e+00  0.00000e+00  0.00000e+00  1.00000e+00   120   15519   15520  119.00000  119.00000  120.00000    89   15694   88.50000   88.50000   89.50000
0000354  1.00000e+00  0.00000e+00  0.00000e+00  0.00000e+00  1.00000e+00   121   15520   15521  120.00000  120.00000  121.00000    89   15695   88.50000   88.50000   89.50000
0000355  1.00000e+00  0.00000e+00  0.00000e+00  0.00000e+00  1.00000e+00   122   15521   15522  121.00000  121.00000  122.00000    89   15696   88.50000   88.50000   89.50000
0000356  1.00000e+00  0.00000e+00  0.00000e+00  0.00000e+00  1.00000e+00   123   15522   15523  122.00000  122.00000  123.00000    89   15697   88.50000   88.50000   89.50000
0000357  1.00000e+00  0.00000e+00  0.00000e+00  0.00000e+00  1.00000e+00    99   15673   15674   98.00000   98.00000   99.00000    90   15848   89.50000   89.50000   90.50000
0000358  1.00000e+00  0.00000e+00  0.00000e+00  0.00000e+00  1.00000e+00   100   15674   15675   99.00000   99.00000  100.00000    90   15849   89.50000   89.50000   90.50000
0000359  1.00000e+00  0.00000e+00  0.00000e+00  0.00000e+00  1.00000e+00   101   15675   15676  100.00000  100.00000  101.00000    90   15850   89.50000   89.50000   90.50000
0000360  1.00000e+00  0.00000e+00  0.00000e+00  0.00000e+00  1.00000e+00   102   15676   15677  101.00000  101.00000  102.00000    90   15851   89.50000   89.50000   90.50000
0000361  1.00000e+00  0.00000e+00  0.00000e+00  0.00000e+00  1.00000e+00   103   15677   15678  102.00000  102.00000  103.00000    90   15852   89.50000   89.50000   90.50000
0000362  1.00000e+00  0.00000e+00  0.00000e+00  0.00000e+00  1.00000e+00   104   15678   15679  103.00000  103.00000  104.00000    90   15853   89.50000   89.50000   90.50000
0000363  1.00000e+00  0.00000e+00  0.00000e+00  0.00000e+00  1.00000e+00   105   15679   15680  104.00000  104.00000  105.00000    90   15854   89.50000   89.50000   90.50000
0000364  1.00000e+00  0.00000e+00  0.00000e+00  0.00000e+00  1.00000e+00   106   15680   15681  105.00000  105.00000  106.00000    90   15855   89.50000   89.50000   90.50000
0000365  1.00000e+00  0.00000e+00  0.00000e+00  0.00000e+00  1.00000e+00   107   15681   15682  106.00000  106.00000  107.00000    90   15856   89.50000   89.50000   90.50000
0000366  1.00000e+00  0.00000e+00  0.00000e+00  0.00000e+00  1.00000e+00   108   15682   15683  107.00000  107.00000  108.00000    90   15857   89.50000   89.50000   90.50000
0000367  1.00000e+00  0.00000e+00  0.00000e+00  0.00000e+00  1.00000e+00   109   15683   15684  108.00000  108.00000  109.00000    90   15858   89.50000   89.50000   90.50000
0000368  1.00000e+00  0.00000e+00  0.00000e+00  0.00000e+00  1.00000e+00   110   15684   15685  109.00000  109.00000  110.00000    90   15859   89.50000   89.50000   90.50000
0000369  1.00000e+00  0.00000e+00  0.00000e+00  0.00000e+00  1.00000e+00   111   15685   15686  110.00000  110.00000  111.00000    90   15860   89.50000   89.50000   90.50000
0000370  1.00000e+00  0.00000e+00  0.00000e+00  0.00000e+00  1.00000e+00   112   15686   15687  111.00000  111.00000  112.00000    90   15861   89.50000   89.50000   90.50000
0000371  1.00000e+00  0.00000e+00  0.00000e+00  0.00000e+00  1.00000e+00   113   15687   15688  112.00000  112.00000  113.00000    90   15862   89.50000   89.50000   90.50000
0000372  1.00000e+00  0.00000e+00  0.00000e+00  0.00000e+00  1.00000e+00   114   15688   15689  113.00000  113.00000  114.00000    90   15863   89.50000   89.50000   90.50000
0000373  1.00000e+00  0.00000e+00  0.00000e+00  0.00000e+00  1.00000e+00   115   15689   15690  114.00000  114.00000  115.00000    90   15864   89.50000   89.50000   90.50000
0000374  1.00000e+00  0.00000e+00  0.00000e+00  0.00000e+00  1.00000e+00   116   15690   15691  115.00000  115.00000  116.00000    90   15865   89.50000   89.50000   90.50000
0000375  1.00000e+00  0.00000e+00  0.00000e+00  0.00000e+00  1.00000e+00   117   15691   15692  116.00000  116.00000  117.00000    90   15866   89.50000   89.50000   90.50000
0000376  1.00000e+00  0.00000e+00  0.00000e+00  0.00000e+00  1.00000e+00   118   15692   15693  117.00000  117.00000  118.00000    90   15867   89.50000   89.50000   90.50000
0000377  1.00000e+00  0.00000e+00  0.00000e+00  0.00000e+00  1.00000e+00   119   15693   15694  118.00000  118.00000  119.00000    90   15868   89.50000   89.50000   90.50000
0000378  1.00000e+00  0.00000e+00  0.00000e+00  0.00000e+00  1.00000e+00   120   15694   15695  119.00000  119.00000  120.00000    90   15869   89.50000   89.50000   90.50000
0000379  1.00000e+00  0.00000e+00  0.00000e+00  0.00000e+00  1.00000e+00   121   15695   15696  120.00000  120.00000  121.00000    90   15870   89.50000   89.50000   90.50000
0000380  1.00000e+00  0.00000e+00  0.00000e+00  0.00000e+00  1.00000e+00   122   15696   15697  121.00000  121.00000  122.00000    90   15871   89.50000   89.50000   90.50000
0000381  1.00000e+00  0.00000e+00  0.00000e+00  0.00000e+00  1.00000e+00   123   15697   15698  122.00000  122.00000  123.00000    90   15872   89.50000   89.50000   90.50000
0000382  1.00000e+00  0.00000e+00  0.00000e+00  0.00000e+00  1.00000e+00    99   15848   15849   98.00000   98.00000   99.00000    91   16023   90.50000   90.50000   91.50000
0000383  1.00000e+00  0.00000e+00  0.00000e+00  0.00000e+00  1.00000e+00   100   15849   15850   99.00000   99.00000  100.00000    91   16024   90.50000   90.50000   91.50000
0000384  1.00000e+00  0.00000e+00  0.00000e+00  0.00000e+00  1.00000e+00   101   15850   15851  100.00000  100.00000  101.00000    91   16025   90.50000   90.50000   91.50000
0000385  1.00000e+00  0.00000e+00  0.00000e+00  0.00000e+00  1.00000e+00   102   15851   15852  101.00000  101.00000  102.00000    91   16026   90.50000   90.50000   91.50000
0000386  1.00000e+00  0.00000e+00  0.00000e+00  0.00000e+00  1.00000e+00   103   15852   15853  102.00000  102.00000  103.00000    91   16027   90.50000   90.50000   91.50000
0000387  1.00000e+00  0.00000e+00  0.00000e+00  0.00000e+00  1.00000e+00   104   15853   15854  103.00000  103.00000  104.00000    91   16028   90.50000   90.50000   91.50000
0000388  1.00000e+00  0.00000e+00  0.00000e+00  0.00000e+00  1.00000e+00   105   15854   15855  104.00000  104.00000  105.00000    91   16029   90.50000   90.50000   91.50000
0000389  1.00000e+00  0.00000e+00  0.00000e+00  0.00000e+00  1.00000e+00   106   15855   15856  105.00000  105.00000  106.00000    91   16030   90.50000   90.50000   91.50000
0000390  1.00000e+00  0.00000e+00  0.00000e+00  0.00000e+00  1.00000e+00   107   15856   15857  106.00000  106.00000  107.00000    91   16031   90.50000   90.50000   91.50000
0000391  1.00000e+00  0.00000e+00  0.00000e+00  0.00000e+00  1.00000e+00   108   15857   15858  107.00000  107.00000  108.00000    91   16032   90.50000   90.50000   91.50000
0000392  1.00000e+00  0.00000e+00  0.00000e+00  0.00000e+00  1.00000e+00   109   15858   15859  108.00000  108.00000  109.00000    91   16033   90.50000   90.50000   91.50000
0000393  1.00000e+00  0.00000e+00  0.00000e+00  0.00000e+00  1.00000e+00   110   15859   15860  109.00000  109.00000  110.00000    91   16034   90.50000   90.50000   91.50000
0000394  1.00000e+00  0.00000e+00  0.00000e+00  0.00000e+00  1.00000e+00   111   15860   15861  110.00000  110.00000  111.00000    91   16035   90.50000   90.50000   91.50000
0000395  1.00000e+00  0.00000e+00  0.00000e+00  0.00000e+00  1.00000e+00   112   15861   15862  111.00000  111.00000  112.00000    91   16036   90.50000   90.50000   91.50000
0000396  1.00000e+00  0.00000e+00  0.00000e+00  0.00000e+00  1.00000e+00   113   15862   15863  112.00000  112.00000  113.00000    91   16037   90.50000   90.50000   91.50000
0000397  1.00000e+00  0.00000e+00  0.00000e+00  0.00000e+00  1.00000e+00   114   15863   15864  113.00000  113.00000  114.00000    91   16038   90.50000   90.50000   91.50000
0000398  1.00000e+00  0.00000e+00  0.00000e+00  0.00000e+00  1.00000e+00   115   15864   15865  114.00000  114.00000  115.00000    91   16039   90.50000   90.50000   91.50000
0000399  1.00000e+00  0.00000e+00  0.00000e+00  0.00000e+00  1.00000e+00   116   15865   15866  115.00000  115.00000  116.00000    91   16040   90.50000   90.50000   91.50000
0000400  1.00000e+00  0.00000e+00  0.00000e+00  0.00000e+00  1.00000e+00   117   15866   15867  116.00000  116.00000  117.00000    91   16041   90.50000   90.50000   91.50000
0000401  1.00000e+00  0.00000e+00  0.00000e+00  0.00000e+00  1.00000e+00   118   15867   15868  117.00000  117.00000  118.00000    91   16042   90.50000   90.50000   91.50000
0000402  1.00000e+00  0.00000e+00  0.00000e+00  0.00000e+00  1.00000e+00   119   15868   15869  118.00000  118.00000  119.00000    91   16043   90.50000   90.50000   91.50000
0000403  1.00000e+00  0.00000e+00  0.00000e+00  0.00000e+00  1.00000e+00   120   15869   15870  119.00000  119.00000  120.00000    91   16044   90.50000   90.50000   91.50000
0000404  1.00000e+00  0.00000e+00  0.00000e+00  0.00000e+00  1.00000e+00   121   15870   15871  120.00000  120.00000  121.00000    91   16045   90.50000   90.50000   91.50000
0000405  1.00000e+00  0.00000e+00  0.00000e+00  0.00000e+00  1.00000e+00   122   15871   15872  121.00000  121.00000  122.00000    91   16046   90.50000   90.50000   91.50000
0000406  1.00000e+00  0.00000e+00  0.00000e+00  0.00000e+00  1.00000e+00   123   15872   15873  122.00000  122.00000  123.00000    91   16047   90.50000   90.50000   91.50000
 

Contact Region = 02

  Weights are zero because they are not needed.

