   1.1661664e+01   1.4725577e+02
   1.1732639e+01   1.4725585e+02
   1.1802545e+01   1.4725593e+02
   1.1871047e+01   1.4725601e+02
   1.1937730e+01   1.4725609e+02
   1.2002099e+01   1.4725616e+02
   1.2063587e+01   1.4725623e+02
   1.2121585e+01   1.4725630e+02
   1.2175495e+01   1.4725636e+02
   1.2224798e+01   1.4725642e+02
   1.2269129e+01   1.4725647e+02
   1.2308342e+01   1.4725651e+02
   1.2342537e+01   1.4725655e+02
   1.2372036e+01   1.4725659e+02
   1.2397334e+01   1.4725661e+02
   1.2419020e+01   1.4725664e+02
   1.2437705e+01   1.4725666e+02
   1.2453968e+01   1.4725668e+02
   1.2468319e+01   1.4725670e+02
   1.2481191e+01   1.4725671e+02
   1.2492931e+01   1.4725672e+02
   1.2503819e+01   1.4725674e+02
   1.2514066e+01   1.4725675e+02
   1.2523838e+01   1.4725676e+02
   1.2533256e+01   1.4725677e+02
   1.2542414e+01   1.4725678e+02
   1.2551572e+01   1.4725679e+02
   1.2560730e+01   1.4725680e+02
   1.2569888e+01   1.4725681e+02
   1.2579046e+01   1.4725682e+02
   1.2588204e+01   1.4725683e+02
   1.2597362e+01   1.4725684e+02
   1.2606520e+01   1.4725685e+02
   1.2615678e+01   1.4725686e+02
   1.2624833e+01   1.4725687e+02
   1.2633988e+01   1.4725688e+02
   1.2643144e+01   1.4725690e+02
   1.2652299e+01   1.4725691e+02
   1.2661454e+01   1.4725692e+02
   1.2670610e+01   1.4725693e+02
   1.2679765e+01   1.4725694e+02
   1.2688920e+01   1.4725695e+02
   1.2698073e+01   1.4725696e+02
   1.2707226e+01   1.4725697e+02
   1.2716379e+01   1.4725698e+02
   1.2725531e+01   1.4725699e+02
   1.2734684e+01   1.4725700e+02
   1.2743837e+01   1.4725701e+02
   1.2752989e+01   1.4725702e+02
   1.2762142e+01   1.4725703e+02
   1.2771292e+01   1.4725704e+02
   1.2780442e+01   1.4725705e+02
   1.2789592e+01   1.4725706e+02
   1.2798742e+01   1.4725707e+02
   1.2807892e+01   1.4725708e+02
   1.2817042e+01   1.4725709e+02
   1.2826192e+01   1.4725710e+02
   1.2835342e+01   1.4725712e+02
   1.2844490e+01   1.4725713e+02
   1.2853637e+01   1.4725714e+02
   1.2862785e+01   1.4725715e+02
   1.2871932e+01   1.4725716e+02
   1.2881079e+01   1.4725717e+02
   1.2890227e+01   1.4725718e+02
   1.2899374e+01   1.4725719e+02
   1.2908522e+01   1.4725720e+02
   1.2917666e+01   1.4725721e+02
   1.2926811e+01   1.4725722e+02
   1.2935956e+01   1.4725723e+02
   1.2945101e+01   1.4725724e+02
   1.2954245e+01   1.4725725e+02
   1.2963390e+01   1.4725726e+02
   1.2972535e+01   1.4725727e+02
   1.2981680e+01   1.4725728e+02
   1.2990822e+01   1.4725729e+02
   1.2999964e+01   1.4725730e+02
   1.3009106e+01   1.4725731e+02
   1.3018248e+01   1.4725732e+02
   1.3027390e+01   1.4725733e+02
   1.3036532e+01   1.4725735e+02
   1.3045674e+01   1.4725736e+02
   1.3054816e+01   1.4725737e+02
   1.3063955e+01   1.4725738e+02
   1.3073095e+01   1.4725739e+02
   1.3082234e+01   1.4725740e+02
   1.3091373e+01   1.4725741e+02
   1.3100513e+01   1.4725742e+02
   1.3109652e+01   1.4725743e+02
   1.3118791e+01   1.4725744e+02
   1.3127931e+01   1.4725745e+02
   1.3137067e+01   1.4725746e+02
   1.3146204e+01   1.4725747e+02
   1.3155341e+01   1.4725748e+02
   1.3164477e+01   1.4725749e+02
   1.3173614e+01   1.4725750e+02
   1.3182751e+01   1.4725751e+02
   1.3191887e+01   1.4725752e+02
   1.3201024e+01   1.4725753e+02
   1.3210158e+01   1.4725754e+02
   1.3219292e+01   1.4725755e+02
   1.3228426e+01   1.4725757e+02
   1.3237560e+01   1.4725758e+02
   1.3246694e+01   1.4725759e+02
   1.3255828e+01   1.4725760e+02
   1.3264961e+01   1.4725761e+02
   1.3274095e+01   1.4725762e+02
   1.3283227e+01   1.4725763e+02
   1.3292358e+01   1.4725764e+02
   1.3301489e+01   1.4725765e+02
   1.3310620e+01   1.4725766e+02
   1.3319751e+01   1.4725767e+02
   1.3328882e+01   1.4725768e+02
   1.3338014e+01   1.4725769e+02
   1.3347145e+01   1.4725770e+02
   1.3356273e+01   1.4725771e+02
   1.3365402e+01   1.4725772e+02
   1.3374530e+01   1.4725773e+02
   1.3383659e+01   1.4725774e+02
   1.3392787e+01   1.4725775e+02
   1.3401915e+01   1.4725776e+02
   1.3411044e+01   1.4725777e+02
   1.3420172e+01   1.4725778e+02
   1.3429298e+01   1.4725780e+02
   1.3438424e+01   1.4725781e+02
   1.3447549e+01   1.4725782e+02
   1.3456675e+01   1.4725783e+02
   1.3465801e+01   1.4725784e+02
   1.3474926e+01   1.4725785e+02
   1.3484052e+01   1.4725786e+02
   1.3493178e+01   1.4725787e+02
   1.3502300e+01   1.4725788e+02
   1.3511423e+01   1.4725789e+02
   1.3520546e+01   1.4725790e+02
   1.3529669e+01   1.4725791e+02
   1.3538792e+01   1.4725792e+02
   1.3547915e+01   1.4725793e+02
   1.3557038e+01   1.4725794e+02
   1.3566161e+01   1.4725795e+02
   1.3575281e+01   1.4725796e+02
   1.3584401e+01   1.4725797e+02
   1.3593521e+01   1.4725798e+02
   1.3602641e+01   1.4725799e+02
   1.3611761e+01   1.4725800e+02
   1.3620881e+01   1.4725801e+02
   1.3630001e+01   1.4725802e+02
   1.3639121e+01   1.4725804e+02
   1.3648239e+01   1.4725805e+02
   1.3657356e+01   1.4725806e+02
   1.3666473e+01   1.4725807e+02
   1.3675590e+01   1.4725808e+02
   1.3684708e+01   1.4725809e+02
   1.3693825e+01   1.4725810e+02
   1.3702942e+01   1.4725811e+02
   1.3712059e+01   1.4725812e+02
   1.3721174e+01   1.4725813e+02
   1.3730288e+01   1.4725814e+02
   1.3739403e+01   1.4725815e+02
   1.3748517e+01   1.4725816e+02
   1.3757632e+01   1.4725817e+02
   1.3766746e+01   1.4725818e+02
   1.3775861e+01   1.4725819e+02
   1.3784975e+01   1.4725820e+02
   1.3794087e+01   1.4725821e+02
   1.3803198e+01   1.4725822e+02
   1.3812310e+01   1.4725823e+02
   1.3821422e+01   1.4725824e+02
   1.3830533e+01   1.4725825e+02
   1.3839645e+01   1.4725826e+02
   1.3848756e+01   1.4725828e+02
   1.3857868e+01   1.4725829e+02
   1.3866977e+01   1.4725830e+02
   1.3876086e+01   1.4725831e+02
   1.3885194e+01   1.4725832e+02
   1.3894303e+01   1.4725833e+02
   1.3903412e+01   1.4725834e+02
   1.3912521e+01   1.4725835e+02
   1.3921629e+01   1.4725836e+02
   1.3930738e+01   1.4725837e+02
   1.3939844e+01   1.4725838e+02
   1.3948950e+01   1.4725839e+02
   1.3958056e+01   1.4725840e+02
   1.3967162e+01   1.4725841e+02
   1.3976268e+01   1.4725842e+02
   1.3985374e+01   1.4725843e+02
   1.3994480e+01   1.4725844e+02
   1.4003585e+01   1.4725845e+02
   1.4012688e+01   1.4725846e+02
   1.4021791e+01   1.4725847e+02
   1.4030895e+01   1.4725848e+02
   1.4039998e+01   1.4725849e+02
   1.4049101e+01   1.4725850e+02
   1.4058204e+01   1.4725852e+02
   1.4067307e+01   1.4725853e+02
   1.4076410e+01   1.4725854e+02
   1.4085510e+01   1.4725855e+02
   1.4094610e+01   1.4725856e+02
   1.4103710e+01   1.4725857e+02
   1.4112810e+01   1.4725858e+02
   1.4121910e+01   1.4725859e+02
   1.4131010e+01   1.4725860e+02
   1.4140111e+01   1.4725861e+02
   1.4149211e+01   1.4725862e+02
   1.4158308e+01   1.4725863e+02
   1.4167405e+01   1.4725864e+02
   1.4176502e+01   1.4725865e+02
   1.4185600e+01   1.4725866e+02
   1.4194697e+01   1.4725867e+02
   1.4203794e+01   1.4725868e+02
   1.4212891e+01   1.4725869e+02
   1.4221989e+01   1.4725870e+02
   1.4231083e+01   1.4725871e+02
   1.4240177e+01   1.4725872e+02
   1.4249271e+01   1.4725873e+02
   1.4258366e+01   1.4725874e+02
   1.4267460e+01   1.4725875e+02
   1.4276554e+01   1.4725877e+02
   1.4285649e+01   1.4725878e+02
   1.4294743e+01   1.4725879e+02
   1.4303834e+01   1.4725880e+02
   1.4312926e+01   1.4725881e+02
   1.4322017e+01   1.4725882e+02
   1.4331108e+01   1.4725883e+02
   1.4340200e+01   1.4725884e+02
   1.4349291e+01   1.4725885e+02
   1.4358383e+01   1.4725886e+02
   1.4367474e+01   1.4725887e+02
   1.4376562e+01   1.4725888e+02
   1.4385651e+01   1.4725889e+02
   1.4394739e+01   1.4725890e+02
   1.4403828e+01   1.4725891e+02
   1.4412916e+01   1.4725892e+02
   1.4422005e+01   1.4725893e+02
   1.4431093e+01   1.4725894e+02
   1.4440181e+01   1.4725895e+02
   1.4449267e+01   1.4725896e+02
   1.4458352e+01   1.4725897e+02
   1.4467438e+01   1.4725898e+02
   1.4476523e+01   1.4725899e+02
   1.4485609e+01   1.4725900e+02
   1.4494694e+01   1.4725901e+02
   1.4503780e+01   1.4725903e+02
   1.4512865e+01   1.4725904e+02
   1.4521948e+01   1.4725905e+02
   1.4531030e+01   1.4725906e+02
   1.4540113e+01   1.4725907e+02
   1.4549195e+01   1.4725908e+02
   1.4558278e+01   1.4725909e+02
   1.4567360e+01   1.4725910e+02
   1.4576443e+01   1.4725911e+02
   1.4585525e+01   1.4725912e+02
   1.4594605e+01   1.4725913e+02
   1.4603684e+01   1.4725914e+02
   1.4612764e+01   1.4725915e+02
   1.4621843e+01   1.4725916e+02
   1.4630923e+01   1.4725917e+02
   1.4640002e+01   1.4725918e+02
   1.4649082e+01   1.4725919e+02
   1.4658161e+01   1.4725920e+02
   1.4667238e+01   1.4725921e+02
   1.4676314e+01   1.4725922e+02
   1.4685391e+01   1.4725923e+02
   1.4694467e+01   1.4725924e+02
   1.4703544e+01   1.4725925e+02
   1.4712620e+01   1.4725926e+02
   1.4721697e+01   1.4725927e+02
   1.4730773e+01   1.4725928e+02
   1.4739847e+01   1.4725930e+02
   1.4748920e+01   1.4725931e+02
   1.4757994e+01   1.4725932e+02
   1.4767067e+01   1.4725933e+02
   1.4776141e+01   1.4725934e+02
   1.4785214e+01   1.4725935e+02
   1.4794288e+01   1.4725936e+02
   1.4803361e+01   1.4725937e+02
   1.4812431e+01   1.4725938e+02
   1.4821502e+01   1.4725939e+02
   1.4830572e+01   1.4725940e+02
   1.4839643e+01   1.4725941e+02
   1.4848713e+01   1.4725942e+02
   1.4857784e+01   1.4725943e+02
   1.4866854e+01   1.4725944e+02
   1.4875925e+01   1.4725945e+02
   1.4884992e+01   1.4725946e+02
   1.4894060e+01   1.4725947e+02
   1.4903127e+01   1.4725948e+02
   1.4912194e+01   1.4725949e+02
   1.4921262e+01   1.4725950e+02
   1.4930329e+01   1.4725951e+02
   1.4939397e+01   1.4725952e+02
   1.4948464e+01   1.4725953e+02
   1.4957528e+01   1.4725954e+02
   1.4966593e+01   1.4725955e+02
   1.4975657e+01   1.4725957e+02
   1.4984721e+01   1.4725958e+02
   1.4993786e+01   1.4725959e+02
   1.5002850e+01   1.4725960e+02
   1.5011915e+01   1.4725961e+02
   1.5020979e+01   1.4725962e+02
   1.5030040e+01   1.4725963e+02
   1.5039101e+01   1.4725964e+02
   1.5048163e+01   1.4725965e+02
   1.5057224e+01   1.4725966e+02
   1.5066285e+01   1.4725967e+02
   1.5075347e+01   1.4725968e+02
   1.5084408e+01   1.4725969e+02
   1.5093469e+01   1.4725970e+02
   1.5102527e+01   1.4725971e+02
   1.5111586e+01   1.4725972e+02
   1.5120644e+01   1.4725973e+02
   1.5129702e+01   1.4725974e+02
   1.5138760e+01   1.4725975e+02
   1.5147818e+01   1.4725976e+02
   1.5156877e+01   1.4725977e+02
   1.5165935e+01   1.4725978e+02
   1.5174990e+01   1.4725979e+02
   1.5184045e+01   1.4725980e+02
   1.5193100e+01   1.4725981e+02
   1.5202155e+01   1.4725982e+02
   1.5211210e+01   1.4725983e+02
   1.5220266e+01   1.4725984e+02
   1.5229321e+01   1.4725986e+02
   1.5238376e+01   1.4725987e+02
   1.5247428e+01   1.4725988e+02
   1.5256480e+01   1.4725989e+02
   1.5265532e+01   1.4725990e+02
   1.5274584e+01   1.4725991e+02
   1.5283636e+01   1.4725992e+02
   1.5292688e+01   1.4725993e+02
   1.5301740e+01   1.4725994e+02
   1.5310792e+01   1.4725995e+02
   1.5319841e+01   1.4725996e+02
   1.5328889e+01   1.4725997e+02
   1.5337938e+01   1.4725998e+02
   1.5346987e+01   1.4725999e+02
   1.5356036e+01   1.4726000e+02
   1.5365085e+01   1.4726001e+02
   1.5374134e+01   1.4726002e+02
   1.5383183e+01   1.4726003e+02
   1.5392228e+01   1.4726004e+02
   1.5401274e+01   1.4726005e+02
   1.5410320e+01   1.4726006e+02
   1.5419366e+01   1.4726007e+02
   1.5428411e+01   1.4726008e+02
   1.5437457e+01   1.4726009e+02
   1.5446503e+01   1.4726010e+02
   1.5455549e+01   1.4726011e+02
   1.5464591e+01   1.4726012e+02
   1.5473634e+01   1.4726013e+02
   1.5482676e+01   1.4726014e+02
   1.5491719e+01   1.4726015e+02
   1.5500762e+01   1.4726017e+02
   1.5509804e+01   1.4726018e+02
   1.5518847e+01   1.4726019e+02
   1.5527889e+01   1.4726020e+02
   1.5536929e+01   1.4726021e+02
   1.5545968e+01   1.4726022e+02
   1.5555008e+01   1.4726023e+02
   1.5564047e+01   1.4726024e+02
   1.5573087e+01   1.4726025e+02
   1.5582126e+01   1.4726026e+02
   1.5591165e+01   1.4726027e+02
   1.5600205e+01   1.4726028e+02
   1.5609241e+01   1.4726029e+02
   1.5618277e+01   1.4726030e+02
   1.5627314e+01   1.4726031e+02
   1.5636350e+01   1.4726032e+02
   1.5645386e+01   1.4726033e+02
   1.5654422e+01   1.4726034e+02
   1.5663459e+01   1.4726035e+02
   1.5672495e+01   1.4726036e+02
   1.5681528e+01   1.4726037e+02
   1.5690561e+01   1.4726038e+02
   1.5699594e+01   1.4726039e+02
   1.5708627e+01   1.4726040e+02
   1.5717660e+01   1.4726041e+02
   1.5726693e+01   1.4726042e+02
   1.5735726e+01   1.4726043e+02
   1.5744759e+01   1.4726044e+02
   1.5753792e+01   1.4726045e+02
   1.5763081e+01   1.4726046e+02
   1.5772716e+01   1.4726048e+02
   1.5782818e+01   1.4726049e+02
   1.5793547e+01   1.4726050e+02
   1.5805114e+01   1.4726051e+02
   1.5817789e+01   1.4726053e+02
   1.5831916e+01   1.4726054e+02
   1.5847917e+01   1.4726056e+02
   1.5866295e+01   1.4726058e+02
   1.5887617e+01   1.4726061e+02
   1.5912481e+01   1.4726064e+02
   1.5941465e+01   1.4726067e+02
   1.5975055e+01   1.4726071e+02
   1.6013568e+01   1.4726075e+02
   1.6057101e+01   1.4726080e+02
   1.6105510e+01   1.4726086e+02
   1.6158438e+01   1.4726092e+02
   1.6215376e+01   1.4726098e+02
   1.6275736e+01   1.4726105e+02
   1.6338923e+01   1.4726112e+02
   1.6404380e+01   1.4726120e+02
   1.6471620e+01   1.4726127e+02
   1.6540237e+01   1.4726135e+02
   1.6609904e+01   1.4726143e+02
