   1.6609904e+01   1.4726143e+02
   1.6609907e+01   1.4717628e+02
   1.6609910e+01   1.4709273e+02
   1.6609913e+01   1.4701138e+02
   1.6609917e+01   1.4693302e+02
   1.6609919e+01   1.4685858e+02
   1.6609922e+01   1.4678912e+02
   1.6609925e+01   1.4672566e+02
   1.6609927e+01   1.4666907e+02
   1.6609929e+01   1.4661983e+02
   1.6609930e+01   1.4657795e+02
   1.6609932e+01   1.4654293e+02
   1.6609933e+01   1.4651392e+02
   1.6609934e+01   1.4648988e+02
   1.6609935e+01   1.4646976e+02
   1.6609935e+01   1.4645263e+02
   1.6609936e+01   1.4643771e+02
   1.6609936e+01   1.4642439e+02
   1.6609937e+01   1.4641220e+02
   1.6609937e+01   1.4640081e+02
   1.6609938e+01   1.4638999e+02
   1.6609938e+01   1.4637955e+02
   1.6609938e+01   1.4636912e+02
   1.6609939e+01   1.4635868e+02
   1.6609939e+01   1.4634825e+02
   1.6609940e+01   1.4633781e+02
   1.6609940e+01   1.4632738e+02
   1.6609940e+01   1.4631694e+02
   1.6609941e+01   1.4630651e+02
   1.6609941e+01   1.4629607e+02
   1.6609942e+01   1.4628574e+02
   1.6609942e+01   1.4627541e+02
   1.6609942e+01   1.4626509e+02
   1.6609943e+01   1.4625476e+02
   1.6609943e+01   1.4624443e+02
   1.6609944e+01   1.4623410e+02
   1.6609944e+01   1.4622377e+02
   1.6609944e+01   1.4621345e+02
   1.6609945e+01   1.4620323e+02
   1.6609945e+01   1.4619300e+02
   1.6609946e+01   1.4618278e+02
   1.6609946e+01   1.4617256e+02
   1.6609946e+01   1.4616234e+02
   1.6609947e+01   1.4615212e+02
   1.6609947e+01   1.4614190e+02
   1.6609947e+01   1.4613168e+02
   1.6609948e+01   1.4612156e+02
   1.6609948e+01   1.4611145e+02
   1.6609949e+01   1.4610134e+02
   1.6609949e+01   1.4609122e+02
   1.6609949e+01   1.4608111e+02
   1.6609950e+01   1.4607099e+02
   1.6609950e+01   1.4606088e+02
   1.6609951e+01   1.4605077e+02
   1.6609951e+01   1.4604076e+02
   1.6609951e+01   1.4603075e+02
   1.6609952e+01   1.4602075e+02
   1.6609952e+01   1.4601074e+02
   1.6609952e+01   1.4600073e+02
   1.6609953e+01   1.4599072e+02
   1.6609953e+01   1.4598072e+02
   1.6609954e+01   1.4597071e+02
   1.6609954e+01   1.4596081e+02
   1.6609954e+01   1.4595091e+02
   1.6609955e+01   1.4594101e+02
   1.6609955e+01   1.4593111e+02
   1.6609955e+01   1.4592121e+02
   1.6609956e+01   1.4591131e+02
   1.6609956e+01   1.4590141e+02
   1.6609956e+01   1.4589151e+02
   1.6609957e+01   1.4588172e+02
   1.6609957e+01   1.4587192e+02
   1.6609958e+01   1.4586213e+02
   1.6609958e+01   1.4585234e+02
   1.6609958e+01   1.4584255e+02
   1.6609959e+01   1.4583275e+02
   1.6609959e+01   1.4582296e+02
   1.6609959e+01   1.4581317e+02
   1.6609960e+01   1.4580348e+02
   1.6609960e+01   1.4579380e+02
   1.6609960e+01   1.4578411e+02
   1.6609961e+01   1.4577442e+02
   1.6609961e+01   1.4576474e+02
   1.6609962e+01   1.4575505e+02
   1.6609962e+01   1.4574537e+02
   1.6609962e+01   1.4573568e+02
   1.6609963e+01   1.4572610e+02
   1.6609963e+01   1.4571652e+02
   1.6609963e+01   1.4570694e+02
   1.6609964e+01   1.4569736e+02
   1.6609964e+01   1.4568778e+02
   1.6609964e+01   1.4567821e+02
   1.6609965e+01   1.4566863e+02
   1.6609965e+01   1.4565905e+02
   1.6609965e+01   1.4564952e+02
   1.6609966e+01   1.4564000e+02
   1.6609966e+01   1.4563047e+02
   1.6609967e+01   1.4562095e+02
   1.6609967e+01   1.4561142e+02
   1.6609967e+01   1.4560189e+02
   1.6609968e+01   1.4559237e+02
   1.6609968e+01   1.4558284e+02
   1.6609968e+01   1.4557332e+02
   1.6609969e+01   1.4556379e+02
   1.6609969e+01   1.4555427e+02
   1.6609969e+01   1.4554474e+02
   1.6609970e+01   1.4553522e+02
   1.6609970e+01   1.4552569e+02
   1.6609970e+01   1.4551617e+02
   1.6609971e+01   1.4550664e+02
   1.6609971e+01   1.4549712e+02
   1.6609971e+01   1.4548759e+02
   1.6609972e+01   1.4547806e+02
   1.6609972e+01   1.4546854e+02
   1.6609972e+01   1.4545901e+02
   1.6609973e+01   1.4544949e+02
   1.6609973e+01   1.4543996e+02
   1.6609973e+01   1.4543044e+02
   1.6609974e+01   1.4542091e+02
   1.6609974e+01   1.4541139e+02
   1.6609974e+01   1.4540186e+02
   1.6609975e+01   1.4539234e+02
   1.6609975e+01   1.4538281e+02
   1.6609975e+01   1.4537328e+02
   1.6609976e+01   1.4536376e+02
   1.6609976e+01   1.4535423e+02
   1.6609976e+01   1.4534471e+02
   1.6609977e+01   1.4533518e+02
   1.6609977e+01   1.4532566e+02
   1.6609977e+01   1.4531613e+02
   1.6609978e+01   1.4530661e+02
   1.6609978e+01   1.4529708e+02
   1.6609978e+01   1.4528756e+02
   1.6609979e+01   1.4527803e+02
   1.6609979e+01   1.4526851e+02
   1.6609979e+01   1.4525898e+02
   1.6609980e+01   1.4524945e+02
   1.6609980e+01   1.4523993e+02
   1.6609980e+01   1.4523040e+02
   1.6609981e+01   1.4522088e+02
   1.6609981e+01   1.4521135e+02
   1.6609981e+01   1.4520183e+02
   1.6609982e+01   1.4519230e+02
   1.6609982e+01   1.4518278e+02
   1.6609982e+01   1.4517325e+02
   1.6609983e+01   1.4516373e+02
   1.6609983e+01   1.4515420e+02
   1.6609983e+01   1.4514468e+02
   1.6609984e+01   1.4513515e+02
   1.6609984e+01   1.4512562e+02
   1.6609984e+01   1.4511610e+02
   1.6609984e+01   1.4510657e+02
   1.6609985e+01   1.4509705e+02
   1.6609985e+01   1.4508752e+02
   1.6609985e+01   1.4507800e+02
   1.6609986e+01   1.4506847e+02
   1.6609986e+01   1.4505895e+02
   1.6609986e+01   1.4504942e+02
   1.6609987e+01   1.4503990e+02
   1.6609987e+01   1.4503037e+02
   1.6609987e+01   1.4502085e+02
   1.6609988e+01   1.4501132e+02
   1.6609988e+01   1.4500180e+02
   1.6609988e+01   1.4499227e+02
   1.6609989e+01   1.4498274e+02
   1.6609989e+01   1.4497322e+02
   1.6609989e+01   1.4496369e+02
   1.6609989e+01   1.4495417e+02
   1.6609990e+01   1.4494464e+02
   1.6609990e+01   1.4493512e+02
   1.6609990e+01   1.4492559e+02
   1.6609991e+01   1.4491607e+02
   1.6609991e+01   1.4490654e+02
   1.6609991e+01   1.4489702e+02
   1.6609992e+01   1.4488749e+02
   1.6609992e+01   1.4487797e+02
   1.6609992e+01   1.4486844e+02
   1.6609992e+01   1.4485892e+02
   1.6609993e+01   1.4484939e+02
   1.6609993e+01   1.4483987e+02
   1.6609993e+01   1.4483034e+02
   1.6609994e+01   1.4482081e+02
   1.6609994e+01   1.4481129e+02
   1.6609994e+01   1.4480176e+02
   1.6609995e+01   1.4479224e+02
   1.6609995e+01   1.4478271e+02
   1.6609995e+01   1.4477319e+02
   1.6609995e+01   1.4476366e+02
   1.6609996e+01   1.4475414e+02
   1.6609996e+01   1.4474461e+02
   1.6609996e+01   1.4473509e+02
   1.6609997e+01   1.4472556e+02
   1.6609997e+01   1.4471604e+02
   1.6609997e+01   1.4470651e+02
   1.6609998e+01   1.4469699e+02
   1.6609998e+01   1.4468746e+02
   1.6609998e+01   1.4467794e+02
   1.6609998e+01   1.4466841e+02
   1.6609999e+01   1.4465889e+02
   1.6609999e+01   1.4464936e+02
   1.6609999e+01   1.4463983e+02
   1.6610000e+01   1.4463031e+02
   1.6610000e+01   1.4462078e+02
   1.6610000e+01   1.4461126e+02
   1.6610000e+01   1.4460173e+02
   1.6610001e+01   1.4459221e+02
   1.6610001e+01   1.4458268e+02
   1.6610001e+01   1.4457316e+02
   1.6610002e+01   1.4456363e+02
   1.6610002e+01   1.4455411e+02
   1.6610002e+01   1.4454458e+02
   1.6610002e+01   1.4453506e+02
   1.6610003e+01   1.4452553e+02
   1.6610003e+01   1.4451601e+02
   1.6610003e+01   1.4450648e+02
   1.6610004e+01   1.4449696e+02
   1.6610004e+01   1.4448743e+02
   1.6610004e+01   1.4447791e+02
   1.6610004e+01   1.4446838e+02
   1.6610005e+01   1.4445886e+02
   1.6610005e+01   1.4444933e+02
   1.6610005e+01   1.4443981e+02
   1.6610005e+01   1.4443028e+02
   1.6610006e+01   1.4442076e+02
   1.6610006e+01   1.4441123e+02
   1.6610006e+01   1.4440170e+02
   1.6610007e+01   1.4439218e+02
   1.6610007e+01   1.4438265e+02
   1.6610007e+01   1.4437313e+02
   1.6610007e+01   1.4436360e+02
   1.6610008e+01   1.4435408e+02
   1.6610008e+01   1.4434455e+02
   1.6610008e+01   1.4433503e+02
   1.6610009e+01   1.4432550e+02
   1.6610009e+01   1.4431598e+02
   1.6610009e+01   1.4430645e+02
   1.6610009e+01   1.4429693e+02
   1.6610010e+01   1.4428740e+02
   1.6610010e+01   1.4427788e+02
   1.6610010e+01   1.4426835e+02
   1.6610010e+01   1.4425883e+02
   1.6610011e+01   1.4424930e+02
   1.6610011e+01   1.4423978e+02
   1.6610011e+01   1.4423025e+02
   1.6610011e+01   1.4422073e+02
   1.6610012e+01   1.4421120e+02
   1.6610012e+01   1.4420168e+02
   1.6610012e+01   1.4419215e+02
   1.6610013e+01   1.4418263e+02
   1.6610013e+01   1.4417310e+02
   1.6610013e+01   1.4416358e+02
   1.6610013e+01   1.4415405e+02
   1.6610014e+01   1.4414453e+02
   1.6610014e+01   1.4413500e+02
   1.6610014e+01   1.4412548e+02
   1.6610014e+01   1.4411595e+02
   1.6610015e+01   1.4410643e+02
   1.6610015e+01   1.4409690e+02
   1.6610015e+01   1.4408738e+02
   1.6610015e+01   1.4407785e+02
   1.6610016e+01   1.4406833e+02
   1.6610016e+01   1.4405880e+02
   1.6610016e+01   1.4404928e+02
   1.6610016e+01   1.4403975e+02
   1.6610017e+01   1.4403023e+02
   1.6610017e+01   1.4402070e+02
   1.6610017e+01   1.4401118e+02
   1.6610017e+01   1.4400165e+02
   1.6610018e+01   1.4399212e+02
   1.6610018e+01   1.4398260e+02
   1.6610018e+01   1.4397307e+02
   1.6610018e+01   1.4396355e+02
   1.6610019e+01   1.4395402e+02
   1.6610019e+01   1.4394450e+02
   1.6610019e+01   1.4393497e+02
   1.6610019e+01   1.4392545e+02
   1.6610020e+01   1.4391592e+02
   1.6610020e+01   1.4390640e+02
   1.6610020e+01   1.4389687e+02
   1.6610020e+01   1.4388735e+02
   1.6610021e+01   1.4387782e+02
   1.6610021e+01   1.4386830e+02
   1.6610021e+01   1.4385877e+02
   1.6610021e+01   1.4384925e+02
   1.6610022e+01   1.4383972e+02
   1.6610022e+01   1.4383020e+02
   1.6610022e+01   1.4382067e+02
   1.6610022e+01   1.4381115e+02
   1.6610023e+01   1.4380162e+02
   1.6610023e+01   1.4379210e+02
   1.6610023e+01   1.4378257e+02
   1.6610023e+01   1.4377305e+02
   1.6610024e+01   1.4376352e+02
   1.6610024e+01   1.4375400e+02
   1.6610024e+01   1.4374447e+02
   1.6610024e+01   1.4373495e+02
   1.6610025e+01   1.4372542e+02
   1.6610025e+01   1.4371590e+02
   1.6610025e+01   1.4370637e+02
   1.6610025e+01   1.4369685e+02
   1.6610026e+01   1.4368732e+02
   1.6610026e+01   1.4367780e+02
   1.6610026e+01   1.4366827e+02
   1.6610026e+01   1.4365875e+02
   1.6610027e+01   1.4364922e+02
   1.6610027e+01   1.4363970e+02
   1.6610027e+01   1.4363017e+02
   1.6610027e+01   1.4362065e+02
   1.6610027e+01   1.4361112e+02
   1.6610028e+01   1.4360160e+02
   1.6610028e+01   1.4359207e+02
   1.6610028e+01   1.4358228e+02
   1.6610028e+01   1.4357212e+02
   1.6610029e+01   1.4356146e+02
   1.6610029e+01   1.4355014e+02
   1.6610029e+01   1.4353794e+02
   1.6610030e+01   1.4352456e+02
   1.6610030e+01   1.4350965e+02
   1.6610030e+01   1.4349275e+02
   1.6610031e+01   1.4347334e+02
   1.6610031e+01   1.4345082e+02
   1.6610032e+01   1.4342455e+02
   1.6610033e+01   1.4339392e+02
   1.6610034e+01   1.4335842e+02
   1.6610035e+01   1.4331771e+02
   1.6610036e+01   1.4327169e+02
   1.6610037e+01   1.4322052e+02
   1.6610038e+01   1.4316456e+02
   1.6610039e+01   1.4310436e+02
   1.6610041e+01   1.4304054e+02
   1.6610042e+01   1.4297374e+02
   1.6610044e+01   1.4290453e+02
   1.6610045e+01   1.4283343e+02
   1.6610047e+01   1.4276088e+02
   1.6610048e+01   1.4268722e+02
