   1.1661708e+01   1.4268400e+02
   1.1661708e+01   1.4275762e+02
   1.1661708e+01   1.4283014e+02
   1.1661707e+01   1.4290120e+02
   1.1661707e+01   1.4297038e+02
   1.1661706e+01   1.4303715e+02
   1.1661706e+01   1.4310094e+02
   1.1661706e+01   1.4316111e+02
   1.1661705e+01   1.4321703e+02
   1.1661705e+01   1.4326818e+02
   1.1661705e+01   1.4331418e+02
   1.1661705e+01   1.4335487e+02
   1.1661704e+01   1.4339035e+02
   1.1661704e+01   1.4342097e+02
   1.1661704e+01   1.4344722e+02
   1.1661704e+01   1.4346974e+02
   1.1661704e+01   1.4348914e+02
   1.1661704e+01   1.4350602e+02
   1.1661704e+01   1.4352093e+02
   1.1661704e+01   1.4353430e+02
   1.1661703e+01   1.4354650e+02
   1.1661703e+01   1.4355781e+02
   1.1661703e+01   1.4356846e+02
   1.1661703e+01   1.4357862e+02
   1.1661703e+01   1.4358841e+02
   1.1661703e+01   1.4359793e+02
   1.1661703e+01   1.4360745e+02
   1.1661703e+01   1.4361697e+02
   1.1661703e+01   1.4362649e+02
   1.1661703e+01   1.4363601e+02
   1.1661703e+01   1.4364553e+02
   1.1661703e+01   1.4365505e+02
   1.1661703e+01   1.4366457e+02
   1.1661703e+01   1.4367409e+02
   1.1661703e+01   1.4368361e+02
   1.1661703e+01   1.4369313e+02
   1.1661702e+01   1.4370265e+02
   1.1661702e+01   1.4371217e+02
   1.1661702e+01   1.4372169e+02
   1.1661702e+01   1.4373121e+02
   1.1661702e+01   1.4374073e+02
   1.1661702e+01   1.4375025e+02
   1.1661702e+01   1.4375977e+02
   1.1661702e+01   1.4376929e+02
   1.1661702e+01   1.4377881e+02
   1.1661702e+01   1.4378833e+02
   1.1661702e+01   1.4379785e+02
   1.1661702e+01   1.4380737e+02
   1.1661702e+01   1.4381689e+02
   1.1661702e+01   1.4382641e+02
   1.1661702e+01   1.4383593e+02
   1.1661701e+01   1.4384545e+02
   1.1661701e+01   1.4385497e+02
   1.1661701e+01   1.4386449e+02
   1.1661701e+01   1.4387401e+02
   1.1661701e+01   1.4388353e+02
   1.1661701e+01   1.4389305e+02
   1.1661701e+01   1.4390257e+02
   1.1661701e+01   1.4391209e+02
   1.1661701e+01   1.4392161e+02
   1.1661701e+01   1.4393113e+02
   1.1661701e+01   1.4394065e+02
   1.1661701e+01   1.4395017e+02
   1.1661701e+01   1.4395969e+02
   1.1661701e+01   1.4396921e+02
   1.1661701e+01   1.4397873e+02
   1.1661701e+01   1.4398825e+02
   1.1661700e+01   1.4399777e+02
   1.1661700e+01   1.4400729e+02
   1.1661700e+01   1.4401681e+02
   1.1661700e+01   1.4402633e+02
   1.1661700e+01   1.4403585e+02
   1.1661700e+01   1.4404537e+02
   1.1661700e+01   1.4405489e+02
   1.1661700e+01   1.4406441e+02
   1.1661700e+01   1.4407394e+02
   1.1661700e+01   1.4408346e+02
   1.1661700e+01   1.4409298e+02
   1.1661700e+01   1.4410250e+02
   1.1661700e+01   1.4411202e+02
   1.1661700e+01   1.4412154e+02
   1.1661699e+01   1.4413106e+02
   1.1661699e+01   1.4414058e+02
   1.1661699e+01   1.4415010e+02
   1.1661699e+01   1.4415962e+02
   1.1661699e+01   1.4416914e+02
   1.1661699e+01   1.4417866e+02
   1.1661699e+01   1.4418818e+02
   1.1661699e+01   1.4419770e+02
   1.1661699e+01   1.4420722e+02
   1.1661699e+01   1.4421674e+02
   1.1661699e+01   1.4422626e+02
   1.1661699e+01   1.4423578e+02
   1.1661699e+01   1.4424530e+02
   1.1661699e+01   1.4425482e+02
   1.1661698e+01   1.4426434e+02
   1.1661698e+01   1.4427386e+02
   1.1661698e+01   1.4428338e+02
   1.1661698e+01   1.4429290e+02
   1.1661698e+01   1.4430242e+02
   1.1661698e+01   1.4431194e+02
   1.1661698e+01   1.4432146e+02
   1.1661698e+01   1.4433098e+02
   1.1661698e+01   1.4434050e+02
   1.1661698e+01   1.4435002e+02
   1.1661698e+01   1.4435954e+02
   1.1661698e+01   1.4436906e+02
   1.1661698e+01   1.4437858e+02
   1.1661698e+01   1.4438810e+02
   1.1661697e+01   1.4439762e+02
   1.1661697e+01   1.4440714e+02
   1.1661697e+01   1.4441666e+02
   1.1661697e+01   1.4442618e+02
   1.1661697e+01   1.4443570e+02
   1.1661697e+01   1.4444522e+02
   1.1661697e+01   1.4445474e+02
   1.1661697e+01   1.4446426e+02
   1.1661697e+01   1.4447378e+02
   1.1661697e+01   1.4448330e+02
   1.1661697e+01   1.4449282e+02
   1.1661697e+01   1.4450234e+02
   1.1661697e+01   1.4451186e+02
   1.1661696e+01   1.4452138e+02
   1.1661696e+01   1.4453090e+02
   1.1661696e+01   1.4454042e+02
   1.1661696e+01   1.4454994e+02
   1.1661696e+01   1.4455946e+02
   1.1661696e+01   1.4456898e+02
   1.1661696e+01   1.4457850e+02
   1.1661696e+01   1.4458802e+02
   1.1661696e+01   1.4459754e+02
   1.1661696e+01   1.4460706e+02
   1.1661696e+01   1.4461658e+02
   1.1661696e+01   1.4462610e+02
   1.1661696e+01   1.4463562e+02
   1.1661695e+01   1.4464514e+02
   1.1661695e+01   1.4465466e+02
   1.1661695e+01   1.4466418e+02
   1.1661695e+01   1.4467370e+02
   1.1661695e+01   1.4468322e+02
   1.1661695e+01   1.4469274e+02
   1.1661695e+01   1.4470226e+02
   1.1661695e+01   1.4471178e+02
   1.1661695e+01   1.4472130e+02
   1.1661695e+01   1.4473082e+02
   1.1661695e+01   1.4474035e+02
   1.1661695e+01   1.4474987e+02
   1.1661694e+01   1.4475939e+02
   1.1661694e+01   1.4476891e+02
   1.1661694e+01   1.4477843e+02
   1.1661694e+01   1.4478795e+02
   1.1661694e+01   1.4479747e+02
   1.1661694e+01   1.4480699e+02
   1.1661694e+01   1.4481651e+02
   1.1661694e+01   1.4482603e+02
   1.1661694e+01   1.4483555e+02
   1.1661694e+01   1.4484507e+02
   1.1661694e+01   1.4485459e+02
   1.1661694e+01   1.4486411e+02
   1.1661693e+01   1.4487363e+02
   1.1661693e+01   1.4488315e+02
   1.1661693e+01   1.4489267e+02
   1.1661693e+01   1.4490219e+02
   1.1661693e+01   1.4491171e+02
   1.1661693e+01   1.4492123e+02
   1.1661693e+01   1.4493075e+02
   1.1661693e+01   1.4494027e+02
   1.1661693e+01   1.4494979e+02
   1.1661693e+01   1.4495931e+02
   1.1661693e+01   1.4496883e+02
   1.1661692e+01   1.4497835e+02
   1.1661692e+01   1.4498787e+02
   1.1661692e+01   1.4499739e+02
   1.1661692e+01   1.4500691e+02
   1.1661692e+01   1.4501643e+02
   1.1661692e+01   1.4502595e+02
   1.1661692e+01   1.4503547e+02
   1.1661692e+01   1.4504499e+02
   1.1661692e+01   1.4505451e+02
   1.1661692e+01   1.4506403e+02
   1.1661692e+01   1.4507355e+02
   1.1661691e+01   1.4508307e+02
   1.1661691e+01   1.4509259e+02
   1.1661691e+01   1.4510211e+02
   1.1661691e+01   1.4511163e+02
   1.1661691e+01   1.4512115e+02
   1.1661691e+01   1.4513067e+02
   1.1661691e+01   1.4514019e+02
   1.1661691e+01   1.4514971e+02
   1.1661691e+01   1.4515923e+02
   1.1661691e+01   1.4516875e+02
   1.1661691e+01   1.4517827e+02
   1.1661690e+01   1.4518779e+02
   1.1661690e+01   1.4519731e+02
   1.1661690e+01   1.4520683e+02
   1.1661690e+01   1.4521635e+02
   1.1661690e+01   1.4522587e+02
   1.1661690e+01   1.4523539e+02
   1.1661690e+01   1.4524491e+02
   1.1661690e+01   1.4525443e+02
   1.1661690e+01   1.4526395e+02
   1.1661690e+01   1.4527347e+02
   1.1661690e+01   1.4528299e+02
   1.1661689e+01   1.4529251e+02
   1.1661689e+01   1.4530203e+02
   1.1661689e+01   1.4531155e+02
   1.1661689e+01   1.4532107e+02
   1.1661689e+01   1.4533060e+02
   1.1661689e+01   1.4534012e+02
   1.1661689e+01   1.4534964e+02
   1.1661689e+01   1.4535916e+02
   1.1661689e+01   1.4536868e+02
   1.1661689e+01   1.4537820e+02
   1.1661688e+01   1.4538772e+02
   1.1661688e+01   1.4539724e+02
   1.1661688e+01   1.4540676e+02
   1.1661688e+01   1.4541628e+02
   1.1661688e+01   1.4542580e+02
   1.1661688e+01   1.4543532e+02
   1.1661688e+01   1.4544484e+02
   1.1661688e+01   1.4545436e+02
   1.1661688e+01   1.4546388e+02
   1.1661688e+01   1.4547340e+02
   1.1661687e+01   1.4548292e+02
   1.1661687e+01   1.4549244e+02
   1.1661687e+01   1.4550196e+02
   1.1661687e+01   1.4551148e+02
   1.1661687e+01   1.4552100e+02
   1.1661687e+01   1.4553052e+02
   1.1661687e+01   1.4554004e+02
   1.1661687e+01   1.4554956e+02
   1.1661687e+01   1.4555908e+02
   1.1661686e+01   1.4556860e+02
   1.1661686e+01   1.4557812e+02
   1.1661686e+01   1.4558764e+02
   1.1661686e+01   1.4559716e+02
   1.1661686e+01   1.4560668e+02
   1.1661686e+01   1.4561620e+02
   1.1661686e+01   1.4562572e+02
   1.1661686e+01   1.4563524e+02
   1.1661686e+01   1.4564476e+02
   1.1661685e+01   1.4565428e+02
   1.1661685e+01   1.4566385e+02
   1.1661685e+01   1.4567343e+02
   1.1661685e+01   1.4568300e+02
   1.1661685e+01   1.4569258e+02
   1.1661685e+01   1.4570215e+02
   1.1661685e+01   1.4571172e+02
   1.1661685e+01   1.4572130e+02
   1.1661685e+01   1.4573087e+02
   1.1661684e+01   1.4574055e+02
   1.1661684e+01   1.4575023e+02
   1.1661684e+01   1.4575991e+02
   1.1661684e+01   1.4576959e+02
   1.1661684e+01   1.4577927e+02
   1.1661684e+01   1.4578895e+02
   1.1661684e+01   1.4579863e+02
   1.1661684e+01   1.4580831e+02
   1.1661684e+01   1.4581810e+02
   1.1661683e+01   1.4582789e+02
   1.1661683e+01   1.4583768e+02
   1.1661683e+01   1.4584747e+02
   1.1661683e+01   1.4585725e+02
   1.1661683e+01   1.4586704e+02
   1.1661683e+01   1.4587683e+02
   1.1661683e+01   1.4588662e+02
   1.1661683e+01   1.4589651e+02
   1.1661683e+01   1.4590640e+02
   1.1661682e+01   1.4591630e+02
   1.1661682e+01   1.4592619e+02
   1.1661682e+01   1.4593609e+02
   1.1661682e+01   1.4594598e+02
   1.1661682e+01   1.4595588e+02
   1.1661682e+01   1.4596577e+02
   1.1661682e+01   1.4597577e+02
   1.1661682e+01   1.4598577e+02
   1.1661681e+01   1.4599578e+02
   1.1661681e+01   1.4600578e+02
   1.1661681e+01   1.4601578e+02
   1.1661681e+01   1.4602578e+02
   1.1661681e+01   1.4603578e+02
   1.1661681e+01   1.4604578e+02
   1.1661681e+01   1.4605589e+02
   1.1661681e+01   1.4606600e+02
   1.1661680e+01   1.4607611e+02
   1.1661680e+01   1.4608622e+02
   1.1661680e+01   1.4609632e+02
   1.1661680e+01   1.4610643e+02
   1.1661680e+01   1.4611654e+02
   1.1661680e+01   1.4612665e+02
   1.1661680e+01   1.4613686e+02
   1.1661680e+01   1.4614708e+02
   1.1661679e+01   1.4615730e+02
   1.1661679e+01   1.4616751e+02
   1.1661679e+01   1.4617773e+02
   1.1661679e+01   1.4618794e+02
   1.1661679e+01   1.4619816e+02
   1.1661679e+01   1.4620837e+02
   1.1661679e+01   1.4621869e+02
   1.1661679e+01   1.4622902e+02
   1.1661678e+01   1.4623934e+02
   1.1661678e+01   1.4624966e+02
   1.1661678e+01   1.4625998e+02
   1.1661678e+01   1.4627031e+02
   1.1661678e+01   1.4628063e+02
   1.1661678e+01   1.4629095e+02
   1.1661678e+01   1.4630138e+02
   1.1661678e+01   1.4631181e+02
   1.1661677e+01   1.4632224e+02
   1.1661677e+01   1.4633267e+02
   1.1661677e+01   1.4634310e+02
   1.1661677e+01   1.4635352e+02
   1.1661677e+01   1.4636395e+02
   1.1661677e+01   1.4637438e+02
   1.1661677e+01   1.4638481e+02
   1.1661676e+01   1.4639563e+02
   1.1661676e+01   1.4640701e+02
   1.1661676e+01   1.4641919e+02
   1.1661676e+01   1.4643251e+02
   1.1661676e+01   1.4644743e+02
   1.1661676e+01   1.4646455e+02
   1.1661675e+01   1.4648465e+02
   1.1661675e+01   1.4650867e+02
   1.1661675e+01   1.4653767e+02
   1.1661674e+01   1.4657267e+02
   1.1661673e+01   1.4661453e+02
   1.1661673e+01   1.4666374e+02
   1.1661672e+01   1.4672030e+02
   1.1661671e+01   1.4678372e+02
   1.1661670e+01   1.4685315e+02
   1.1661669e+01   1.4692754e+02
   1.1661668e+01   1.4700586e+02
   1.1661667e+01   1.4708716e+02
   1.1661665e+01   1.4717067e+02
   1.1661664e+01   1.4725577e+02
