         403
  -300007.562         292094.812    
  -300104.531         284341.344    
  -300200.219         276704.812    
  -300294.031         269222.156    
  -300383.844         261938.297    
  -300470.656         254907.312    
  -300555.344         248190.953    
  -300633.875         241855.812    
  -300708.750         235967.219    
  -300776.031         230581.250    
  -300835.156         225738.266    
  -300889.375         221453.578    
  -300935.375         217716.812    
  -300976.938         214492.391    
  -301009.812         211726.406    
  -301039.625         209354.578    
  -301065.562         207310.156    
  -301088.312         205530.141    
  -301107.000         203958.688    
  -301123.781         202548.609    
  -301140.656         201262.031    
  -301156.500         200068.609    
  -301169.812         198944.844    
  -301182.562         197873.109    
  -301194.844         196839.859    
  -301208.438         195835.062    
  -301222.000         194830.391    
  -301233.906         193825.578    
  -301245.844         192820.672    
  -301257.812         191815.891    
  -301271.375         190811.125    
  -301283.281         189806.469    
  -301296.875         188801.703    
  -301308.812         187796.922    
  -301320.750         186791.750    
  -301334.312         185786.656    
  -301346.250         184781.625    
  -301359.844         183776.562    
  -301371.812         182771.391    
  -301383.719         181766.328    
  -301395.656         180761.281    
  -301409.281         179756.141    
  -301422.844         178750.781    
  -301434.750         177745.312    
  -301446.688         176739.969    
  -301458.656         175734.500    
  -301472.250         174729.172    
  -301484.156         173723.719    
  -301497.750         172718.406    
  -301509.688         171712.969    
  -301521.656         170707.203    
  -301535.219         169701.484    
  -301547.188         168695.734    
  -301560.750         167690.109    
  -301572.719         166684.281    
  -301584.688         165678.531    
  -301598.219         164672.953    
  -301610.188         163667.203    
  -301623.750         162661.094    
  -301635.719         161655.031    
  -301647.688         160648.906    
  -301659.625         159643.000    
  -301673.219         158636.875    
  -301686.781         157630.875    
  -301698.750         156624.859    
  -301710.719         155618.750    
  -301722.656         154612.422    
  -301736.250         153606.000    
  -301748.188         152599.797    
  -301760.156         151593.375    
  -301773.781         150586.984    
  -301785.719         149580.688    
  -301799.312         148574.281    
  -301811.250         147567.984    
  -301823.219         146561.266    
  -301835.188         145554.547    
  -301848.781         144547.859    
  -301862.375         143541.172    
  -301874.312         142534.453    
  -301886.281         141527.781    
  -301898.219         140521.172    
  -301911.844         139514.484    
  -301923.812         138507.484    
  -301937.406         137500.484    
  -301949.375         136493.391    
  -301961.312         135486.484    
  -301974.906         134479.516    
  -301986.875         133472.516    
  -302000.500         132465.562    
  -302012.469         131458.469    
  -302024.406         130451.172    
  -302038.031         129443.891    
  -302050.000         128436.484    
  -302063.594         127429.203    
  -302075.531         126421.922    
  -302087.531         125414.531    
  -302101.156         124407.266    
  -302113.094         123399.984    
  -302126.688         122392.320    
  -302138.656         121384.719    
  -302150.625         120377.031    
  -302162.594         119369.328    
  -302176.219         118361.773    
  -302189.844         117354.117    
  -302201.781         116346.531    
  -302213.750         115338.961    
  -302225.719         114330.875    
  -302239.344         113322.992    
  -302251.281         112315.008    
  -302264.906         111307.039    
  -302276.875         110299.062    
  -302288.906         109291.188    
  -302302.500         108283.133    
  -302314.469         107275.250    
  -302328.094         106266.977    
  -302340.062         105258.695    
  -302352.031         104250.414    
  -302365.656         103242.148    
  -302377.594         102233.867    
  -302389.594         101225.594    
  -302401.594         100217.312    
  -302415.188         99209.0625    
  -302428.812         98200.5000    
  -302440.812         97191.9141    
  -302452.781         96183.3359    
  -302464.781         95174.6406    
  -302478.375         94166.0859    
  -302492.000         93157.5234    
  -302503.969         92148.9609    
  -302515.938         91140.2812    
  -302527.938         90131.3906    
  -302541.531         89122.5234    
  -302553.531         88113.5469    
  -302567.156         87104.6797    
  -302579.156         86095.8047    
  -302591.156         85086.8281    
  -302604.781         84077.9609    
  -302616.750         83068.9844    
  -302630.406         82059.9219    
  -302642.375         81050.6328    
  -302654.375         80041.3516    
  -302668.000         79032.1875    
  -302679.969         78022.8906    
  -302693.625         77013.6328    
  -302705.594         76004.4609    
  -302717.562         74995.1797    
  -302731.188         73985.6016    
  -302743.219         72976.1172    
  -302756.844         71966.5469    
  -302768.812         70957.0625    
  -302780.812         69947.4688    
  -302794.438         68937.8984    
  -302806.438         67928.4219    
  -302820.094         66918.8594    
  -302832.062         65908.9609    
  -302844.062         64899.0625    
  -302857.688         63889.1875    
  -302869.719         62879.2930    
  -302883.375         61869.5312    
  -302895.344         60859.6289    
  -302907.375         59849.6328    
  -302920.969         58839.8711    
  -302933.000         57829.6641    
  -302946.625         56819.4805    
  -302958.625         55809.2773    
  -302970.656         54799.0820    
  -302984.281         53788.9023    
  -302996.281         52778.7031    
  -303008.281         51768.6133    
  -303020.281         50758.3086    
  -303033.938         49747.8125    
  -303045.906         48737.3047    
  -303059.562         47726.8125    
  -303071.562         46716.3047    
  -303083.594         45705.7969    
  -303097.219         44695.1992    
  -303109.250         43684.8008    
  -303122.875         42674.2148    
  -303134.875         41663.4961    
  -303146.906         40652.5742    
  -303160.531         39641.8789    
  -303172.531         38630.9531    
  -303186.188         37620.1562    
  -303198.188         36609.3438    
  -303210.188         35598.5234    
  -303223.844         34587.6211    
  -303235.875         33576.5977    
  -303249.531         32565.3789    
  -303261.531         31554.2500    
  -303273.531         30543.0156    
  -303287.219         29532.0117    
  -303299.219         28520.7754    
  -303312.875         27509.6719    
  -303324.875         26498.4395    
  -303336.906         25486.9961    
  -303350.562         24475.4648    
  -303362.562         23464.1289    
  -303376.250         22452.7051    
  -303388.281         21441.1582    
  -303400.281         20429.7188    
  -303413.938         19418.1914    
  -303425.938         18406.7500    
  -303439.594         17395.0137    
  -303451.594         16383.1504    
  -303463.656         15371.3945    
  -303477.281         14359.6572    
  -303489.312         13347.7949    
  -303503.000         12336.0596    
  -303515.000         11324.3057    
  -303527.031         10312.5498    
  -303540.719         9300.28418    
  -303552.750         8288.21289    
  -303566.406         7276.15869    
  -303578.438         6264.08740    
  -303590.438         5252.01514    
  -303604.094         4239.75098    
  -303616.125         3227.67944    
  -303628.156         2215.60767    
  -303641.844         1203.23755    
  -303653.844         190.741943    
  -303667.562        -821.628113    
  -303679.562        -1834.01782    
  -303691.594        -2846.61963    
  -303705.281        -3858.98999    
  -303717.281        -4871.37939    
  -303730.938        -5883.85596    
  -303742.969        -6896.56396    
  -303755.000        -7909.37842    
  -303768.688        -8922.06738    
  -303780.719        -9934.88281    
  -303794.406        -10947.5723    
  -303806.469        -11960.3877    
  -303818.500        -12973.0967    
  -303832.125        -13985.8936    
  -303844.188        -14998.8154    
  -303857.875        -16011.9316    
  -303869.906        -17024.9609    
  -303881.938        -18038.0977    
  -303895.625        -19051.2109    
  -303907.688        -20064.1367    
  -303921.312        -21077.2539    
  -303933.344        -22090.3926    
  -303945.438        -23103.7422    
  -303959.094        -24117.0723    
  -303971.156        -25130.5312    
  -303984.844        -26143.9688    
  -303996.875        -27157.2168    
  -304008.906        -28170.6797    
  -304022.594        -29184.1172    
  -304034.656        -30197.4727    
  -304048.344        -31211.1230    
  -304060.375        -32224.7988    
  -304072.438        -33238.5820    
  -304086.125        -34252.2383    
  -304098.156        -35266.0195    
  -304111.844        -36279.6836    
  -304123.906        -37293.4609    
  -304135.938        -38307.1445    
  -304149.625        -39321.2305    
  -304161.656        -40335.2305    
  -304175.375        -41349.2109    
  -304187.438        -42363.3164    
  -304199.469        -43377.3203    
  -304213.188        -44391.3086    
  -304225.188        -45405.3086    
  -304237.281        -46419.4258    
  -304249.281        -47433.7461    
  -304263.031        -48448.0586    
  -304276.719        -49462.3711    
  -304288.750        -50476.8008    
  -304300.812        -51491.1328    
  -304314.531        -52505.4414    
  -304326.594        -53519.8789    
  -304340.281        -54534.1992    
  -304352.312        -55548.9570    
  -304364.375        -56563.5117    
  -304378.094        -57578.1445    
  -304390.188        -58592.8047    
  -304403.844        -59607.5430    
  -304415.906        -60622.2148    
  -304427.969        -61636.8750    
  -304441.688        -62651.6289    
  -304453.750        -63666.5117    
  -304467.438        -64681.4688    
  -304479.500        -65696.5625    
  -304491.562        -66711.4453    
  -304505.281        -67726.5312    
  -304517.344        -68741.5156    
  -304531.031        -69756.4922    
  -304543.125        -70771.4922    
  -304555.188        -71786.9062    
  -304568.875        -72802.1016    
  -304580.938        -73817.4141    
  -304594.656        -74832.7266    
  -304606.719        -75848.0469    
  -304618.812        -76863.4844    
  -304632.500        -77878.6797    
  -304644.562        -78894.1094    
  -304658.312        -79909.6406    
  -304670.344        -80925.2891    
  -304682.438        -81940.9375    
  -304696.156        -82956.4688    
  -304708.250        -83972.1250    
  -304721.938        -84987.8828    
  -304734.000        -86003.5391    
  -304746.062        -87019.1016    
  -304759.812        -88035.0625    
  -304771.875        -89051.0547    
  -304785.594        -90067.0156    
  -304797.688        -91083.0156    
  -304809.719        -92098.7969    
  -304823.469        -93114.7656    
  -304835.562        -94130.7656    
  -304847.625        -95146.7734    
  -304861.344        -96163.0703    
  -304873.406        -97179.2812    
  -304887.156        -98195.5938    
  -304899.188        -99211.9219    
  -304911.312        -100228.148    
  -304925.031        -101244.461    
  -304937.125        -102260.680    
  -304950.844        -103277.000    
  -304962.938        -104293.562    
  -304975.000        -105310.227    
  -304988.750        -106326.766    
  -305000.812        -107343.336    
  -305014.562        -108359.969    
  -305026.625        -109376.547    
  -305038.688        -110393.117    
  -305052.469        -111409.781    
  -305066.188        -112426.758    
  -305078.250        -113443.648    
  -305090.375        -114460.547    
  -305102.438        -115477.461    
  -305116.188        -116494.445    
  -305129.906        -117511.328    
  -305142.000        -118528.242    
  -305154.094        -119545.164    
  -305166.219        -120562.500    
  -305179.906        -121579.609    
  -305193.688        -122596.836    
  -305205.750        -123614.172    
  -305217.844        -124631.328    
  -305231.594        -125648.555    
  -305243.688        -126665.922    
  -305257.406        -127683.047    
  -305269.531        -128700.734    
  -305281.625        -129718.211    
  -305295.375        -130735.781    
  -305307.469        -131753.375    
  -305321.219        -132770.938    
  -305333.312        -133788.422    
  -305345.406        -134806.141    
  -305359.125        -135823.609    
  -305371.250        -136841.531    
  -305385.000        -137859.344    
  -305397.094        -138877.266    
  -305409.219        -139895.109    
  -305422.969        -140913.016    
  -305435.062        -141930.953    
  -305448.781        -142948.781    
  -305460.906        -143966.719    
  -305473.000        -144985.000    
  -305486.781        -146003.047    
  -305498.875        -147021.328    
  -305510.969        -148039.609    
  -305524.719        -149057.750    
  -305536.844        -150075.938    
  -305550.594        -151094.219    
  -305562.719        -152112.406    
  -305574.781        -153130.938    
  -305588.562        -154149.531    
  -305600.688        -155168.047    
  -305614.438        -156186.438    
  -305626.531        -157204.984    
  -305638.625        -158223.609    
  -305652.406        -159242.125    
  -305664.531        -160260.688    
  -305678.312        -161279.188    
  -305690.719        -162326.703    
  -305703.688        -163413.578    
  -305718.875        -164553.328    
  -305734.938        -165764.297    
  -305750.438        -167070.094    
  -305767.469        -168501.688    
  -305788.094        -170097.922    
  -305811.250        -171906.703    
  -305837.594        -173985.016    
  -305867.969        -176397.188    
  -305903.062        -179210.953    
  -305943.719        -182492.141    
  -305992.281        -186295.766    
  -306047.469        -190657.547    
  -306107.750        -195588.891    
  -306176.250        -201073.234    
  -306252.562        -207070.312    
  -306334.281        -213522.391    
  -306418.906        -220362.938    
  -306509.094        -227524.312    
  -306602.312        -234943.391    
  -306697.969        -242565.156    
  -306795.438        -250343.547    
  -306894.375        -258241.281    
         335
  -306894.375        -258241.281    
  -298872.781        -258335.469    
  -290969.188        -258425.844    
  -283225.219        -258512.109    
  -275685.750        -258593.781    
  -268409.000        -258670.625    
  -261458.109        -258742.016    
  -254899.672        -258807.656    
  -248806.844        -258867.250    
  -243232.766        -258920.391    
  -238219.141        -258967.203    
  -233784.156        -259007.766    
  -229917.891        -259042.625    
  -226580.422        -259072.141    
  -223720.219        -259097.125    
  -221265.750        -259118.297    
  -219152.172        -259136.344    
  -217311.328        -259151.922    
  -215686.656        -259165.547    
  -214229.938        -259177.688    
  -212901.266        -259188.797    
  -211667.391        -259198.953    
  -210506.672        -259208.438    
  -209400.812        -259217.453    
  -208333.203        -259226.094    
  -207295.547        -259234.484    
  -206257.875        -259242.766    
  -205220.203        -259251.047    
  -204182.547        -259259.297    
  -203144.891        -259267.469    
  -202108.891        -259275.609    
  -201071.219        -259283.719    
  -200033.547        -259291.812    
  -198995.859        -259299.844    
  -197958.203        -259307.781    
  -196920.531        -259315.734    
  -195882.859        -259323.750    
  -194845.203        -259331.641    
  -193807.516        -259339.422    
  -192769.828        -259347.203    
  -191733.844        -259354.953    
  -190696.156        -259362.609    
  -189658.500        -259370.250    
  -188620.828        -259377.891    
  -187583.156        -259385.438    
  -186545.500        -259392.969    
  -185507.812        -259400.438    
  -184470.141        -259407.906    
  -183432.453        -259415.297    
  -182394.781        -259422.656    
  -181357.125        -259429.984    
  -180321.109        -259437.375    
  -179283.422        -259444.562    
  -178245.750        -259451.781    
  -177208.078        -259458.906    
  -176170.391        -259466.016    
  -175132.719        -259473.094    
  -174095.047        -259480.109    
  -173057.375        -259487.078    
  -172019.688        -259494.047    
  -170982.016        -259500.953    
  -169946.000        -259507.781    
  -168908.312        -259514.609    
  -167870.625        -259521.375    
  -166832.953        -259528.094    
  -165795.281        -259534.781    
  -164757.609        -259541.438    
  -163719.906        -259548.156    
  -162682.234        -259554.750    
  -161644.562        -259561.281    
  -160606.891        -259567.734    
  -159570.859        -259574.172    
  -158533.188        -259580.578    
  -157495.500        -259586.922    
  -156457.828        -259593.281    
  -155418.469        -259599.516    
  -154380.781        -259605.750    
  -153343.109        -259611.969    
  -152307.094        -259618.094    
  -151269.406        -259624.188    
  -150231.719        -259630.266    
  -149194.031        -259636.391    
  -148156.344        -259642.375    
  -147118.672        -259648.312    
  -146080.969        -259654.219    
  -145043.297        -259660.062    
  -144005.609        -259665.875    
  -142967.906        -259671.641    
  -141931.906        -259677.375    
  -140894.203        -259683.047    
  -139856.516        -259688.703    
  -138818.828        -259694.297    
  -137781.141        -259699.875    
  -136743.453        -259705.438    
  -135705.766        -259710.922    
  -134668.078        -259716.438    
  -133630.406        -259721.828    
  -132592.703        -259727.172    
  -131556.672        -259732.484    
  -130519.000        -259737.781    
  -129481.305        -259742.984    
  -128443.617        -259748.188    
  -127405.930        -259753.328    
  -126368.227        -259758.453    
  -125330.547        -259763.484    
  -124292.859        -259768.516    
  -123255.156        -259773.500    
  -122217.469        -259778.453    
  -121179.773        -259783.344    
  -120143.750        -259788.297    
  -119106.047        -259793.109    
  -118068.359        -259797.875    
  -117030.672        -259802.594    
  -115992.977        -259807.297    
  -114955.289        -259811.938    
  -113917.594        -259816.531    
  -112879.906        -259821.094    
  -111842.219        -259825.625    
  -110804.516        -259830.094    
  -109768.484        -259834.516    
  -108730.797        -259838.938    
  -107693.102        -259843.281    
  -106655.398        -259847.688    
  -105617.711        -259851.969    
  -104580.023        -259856.203    
  -103542.320        -259860.391    
  -102504.625        -259864.531    
  -101466.930        -259868.625    
  -100429.242        -259872.672    
  -99393.1953        -259876.703    
  -98355.5078        -259880.672    
  -97317.8047        -259884.625    
  -96280.1094        -259888.516    
  -95242.4141        -259892.344    
  -94204.7266        -259896.172    
  -93167.0234        -259900.172    
  -92129.3281        -259903.891    
  -91091.6250        -259907.562    
  -90053.9219        -259911.234    
  -89016.2344        -259914.844    
  -87980.2031        -259918.359    
  -86942.5078        -259921.922    
  -85904.8047        -259925.391    
  -84867.1094        -259928.828    
  -83829.4141        -259932.203    
  -82790.0391        -259935.531    
  -81754.0078        -259938.891    
  -80716.3125        -259942.250    
  -79678.6094        -259945.469    
  -78640.9141        -259948.656    
  -77603.2188        -259951.797    
  -76565.5234        -259954.891    
  -75527.8203        -259957.969    
  -74490.1172        -259960.969    
  -73452.4141        -259963.969    
  -72414.7109        -259966.906    
  -71377.0156        -259969.781    
  -70340.9766        -259972.641    
  -69303.2734        -259975.438    
  -68265.5781        -259978.312    
  -67227.8828        -259981.031    
  -66190.1797        -259983.719    
  -65152.4844        -259986.375    
  -64114.7773        -259988.938    
  -63077.0742        -259991.516    
  -62039.3711        -259994.016    
  -61001.6680        -259996.531    
  -59965.6289        -259998.953    
  -58927.9414        -260001.344    
  -57890.2344        -260003.688    
  -56852.5312        -260006.125    
  -55814.8281        -260008.359    
  -54777.1250        -260010.594    
  -53739.4219        -260012.781    
  -52701.7227        -260014.906    
  -51664.0195        -260017.000    
  -50626.3164        -260019.078    
  -49590.2812        -260021.094    
  -48552.5781        -260023.078    
  -47514.8711        -260025.000    
  -46477.1680        -260026.875    
  -45439.4648        -260028.844    
  -44401.7617        -260030.656    
  -43364.0586        -260032.422    
  -42326.3594        -260034.125    
  -41288.6562        -260035.828    
  -40250.9531        -260037.484    
  -39214.9102        -260039.047    
  -38177.2109        -260040.609    
  -37139.5078        -260042.156    
  -36101.8008        -260043.609    
  -35064.0977        -260045.031    
  -34026.3945        -260046.516    
  -32988.6914        -260047.891    
  -31950.9863        -260049.172    
  -30913.2793        -260050.469    
  -29875.5781        -260051.703    
  -28837.8730        -260052.844    
  -27801.8340        -260053.984    
  -26764.1309        -260055.109    
  -25726.4277        -260056.141    
  -24688.7207        -260057.172    
  -23651.0156        -260058.125    
  -22613.3125        -260059.188    
  -21575.6094        -260060.062    
  -20537.9043        -260060.906    
  -19500.1992        -260061.703    
  -18462.4941        -260062.469    
  -17424.7910        -260063.172    
  -16387.0879        -260063.891    
  -15349.3809        -260064.516    
  -14311.6777        -260065.125    
  -13273.9727        -260065.656    
  -12236.2676        -260066.266    
  -11198.5635        -260066.750    
  -10162.5215        -260067.172    
  -9124.81641        -260067.578    
  -8087.11230        -260067.922    
  -7049.40820        -260068.203    
  -6011.70312        -260068.484    
  -4973.99854        -260068.734    
  -3936.29395        -260068.906    
  -2898.58862        -260069.016    
  -1860.88403        -260069.203    
  -823.179260        -260069.297    
   212.862518        -260069.297    
   1250.56726        -260069.266    
   2288.27197        -260069.188    
   3325.97681        -260069.062    
   4363.68164        -260068.922    
   5401.38672        -260068.734    
   6439.09131        -260068.484    
   7476.79541        -260068.312    
   8514.50098        -260067.984    
   9552.20508        -260067.609    
   10588.2471        -260067.219    
   11625.9512        -260066.781    
   12663.6553        -260066.297    
   13701.3613        -260065.734    
   14739.0645        -260065.188    
   15776.7695        -260064.562    
   16814.4746        -260064.031    
   17857.1680        -260063.328    
   18901.5254        -260062.547    
   19944.2168        -260061.797    
   20988.5762        -260060.953    
   22031.2676        -260060.094    
   23073.9609        -260059.188    
   24118.3164        -260058.234    
   25161.0098        -260057.234    
   26217.0039        -260056.281    
   27271.3398        -260055.188    
   28325.6758        -260054.047    
   29381.6719        -260052.875    
   30436.0059        -260051.672    
   31492.0039        -260050.375    
   32546.3379        -260049.062    
   33600.6719        -260047.719    
   34668.3086        -260046.297    
   35735.9414        -260044.984    
   36801.9180        -260043.469    
   37869.5586        -260041.938    
   38935.5352        -260040.344    
   40001.5078        -260038.719    
   41069.1406        -260037.016    
   42136.7812        -260035.297    
   43214.3945        -260033.516    
   44292.0078        -260031.688    
   45371.2891        -260029.906    
   46448.8984        -260028.000    
   47528.1758        -260026.016    
   48605.7930        -260024.031    
   49685.0703        -260021.953    
   50762.6875        -260019.891    
   51851.9336        -260017.672    
   52941.1953        -260015.469    
   54032.1133        -260013.344    
   55123.0352        -260011.016    
   56212.2812        -260008.672    
   57303.2031        -260006.297    
   58392.4531        -260003.828    
   59481.7148        -260001.344    
   60584.2734        -259998.797    
   61685.1680        -259996.156    
   62787.7266        -259993.594    
   63890.2773        -259990.906    
   64989.5078        -259988.141    
   66092.0703        -259985.359    
   67194.6250        -259982.516    
   68295.5234        -259979.594    
   69408.0547        -259976.641    
   70522.2500        -259973.609    
   71636.4453        -259970.656    
   72748.9766        -259967.547    
   73863.1875        -259964.359    
   74975.7188        -259961.172    
   76089.9062        -259957.891    
   77202.4453        -259954.594    
   78326.6172        -259951.172    
   79452.4531        -259947.734    
   80576.6250        -259944.375    
   81702.4609        -259940.828    
   82826.6328        -259937.219    
   83952.4766        -259933.609    
   85076.6484        -259929.922    
   86202.4844        -259926.172    
   87338.2969        -259922.359    
   88475.7734        -259918.500    
   89611.5938        -259914.672    
   90749.0703        -259910.719    
   91884.8828        -259906.672    
   93020.6875        -259902.609    
   94158.1562        -259898.469    
   95293.9766        -259894.297    
   96431.4453        -259890.078    
   97610.5000        -259885.734    
   98851.0703        -259881.016    
   100178.133        -259875.891    
   101629.914        -259870.219    
   103256.305        -259863.750    
   105122.156        -259856.219    
   107312.289        -259847.297    
   109929.797        -259836.281    
   113091.117        -259822.594    
   116905.977        -259805.844    
   121467.469        -259784.859    
   126830.555        -259759.031    
   132995.141        -259728.062    
   139906.422        -259691.641    
   147472.891        -259649.562    
   155579.797        -259602.062    
   164115.719        -259549.266    
   172975.922        -259491.469    
   182077.188        -259429.062    
   191351.391        -259362.000    
         403
   191351.391        -259362.000    
   191301.109        -251464.094    
   191253.406        -243685.562    
   191205.141        -236063.531    
   191158.422        -228644.297    
   191113.594        -221482.734    
   191069.484        -214641.984    
   191029.922        -208189.812    
   190992.062        -202192.516    
   190958.000        -196707.938    
   190926.391        -191776.625    
   190899.031        -187414.641    
   190874.125        -183610.984    
   190854.750        -180329.719    
   190835.531        -177515.766    
   190820.969        -175103.672    
   190807.203        -173025.312    
   190797.078        -171216.391    
   190786.906        -169620.172    
   190777.922        -168188.500    
   190768.250        -166882.625    
   190762.578        -165671.562    
   190754.125        -164531.938    
   190747.703        -163445.000    
   190741.594        -162397.547    
   190734.047        -161378.953    
   190728.141        -160360.359    
   190722.234        -159341.750    
   190714.688        -158323.188    
   190708.781        -157304.594    
   190702.875        -156286.000    
   190695.328        -155267.531    
   190689.438        -154248.953    
   190683.516        -153230.391    
   190675.969        -152212.141    
   190670.078        -151193.891    
   190664.188        -150175.656    
   190658.250        -149157.422    
   190652.375        -148139.172    
   190644.828        -147120.844    
   190638.922        -146102.734    
   190631.359        -145084.516    
   190625.484        -144066.500    
   190619.562        -143048.609    
   190612.016        -142030.609    
   190606.125        -141012.828    
   190600.234        -139994.844    
   190592.672        -138976.859    
   190586.766        -137959.078    
   190580.891        -136941.094    
   190573.328        -135923.547    
   190567.422        -134905.891    
   190561.547        -133888.344    
   190553.984        -132870.703    
   190548.094        -131853.156    
   190542.203        -130835.516    
   190534.641        -129817.984    
   190530.422        -128800.328    
   190522.844        -127783.031    
   190516.969        -126765.820    
   190511.078        -125748.398    
   190503.547        -124731.219    
   190497.625        -123714.023    
   190491.719        -122696.609    
   190484.188        -121679.430    
   190478.297        -120662.133    
   190472.406        -119645.164    
   190464.859        -118628.203    
   190458.969        -117611.227    
   190451.422        -116594.281    
   190445.531        -115577.438    
   190439.641        -114560.367    
   190432.094        -113543.430    
   190426.203        -112526.477    
   190420.312        -111509.828    
   190412.781        -110493.219    
   190406.891        -109476.602    
   190400.984        -108459.969    
   190393.438        -107443.367    
   190389.203        -106426.625    
   190381.672        -105410.023    
   190375.766        -104393.406    
   190369.875        -103377.125    
   190362.328        -102360.742    
   190356.453        -101344.453    
   190350.562        -100328.172    
   190343.016        -99311.7891    
   190337.141        -98295.6250    
   190331.250        -97279.3438    
   190323.719        -96262.9766    
   190317.828        -95247.0234    
   190311.922        -94230.9609    
   190304.391        -93214.9219    
   190298.516        -92198.9688    
   190292.625        -91183.0234    
   190285.078        -90166.9922    
   190279.188        -89151.0625    
   190271.656        -88135.0234    
   190265.766        -87119.3047    
   190259.891        -86103.6953    
   190254.000        -85087.9688    
   190248.109        -84072.2578    
   190240.562        -83056.6641    
   190234.688        -82040.9531    
   190228.812        -81025.3438    
   190221.250        -80009.7578    
   190215.375        -78994.2578    
   190209.484        -77978.8750    
   190201.969        -76963.6172    
   190196.078        -75948.2266    
   190190.203        -74932.9531    
   190182.672        -73917.5938    
   190176.781        -72902.2109    
   190170.906        -71886.8438    
   190163.359        -70871.9062    
   190157.484        -69856.7500    
   190151.594        -68841.7969    
   190144.062        -67826.6641    
   190138.172        -66811.7266    
   190132.297        -65796.7734    
   190124.781        -64781.6445    
   190118.891        -63766.7070    
   190113.000        -62751.8828    
   190107.125        -61737.1523    
   190099.594        -60722.5586    
   190093.703        -59707.8359    
   190087.828        -58693.0195    
   190080.312        -57678.4180    
   190074.422        -56663.7109    
   190068.531        -55648.8906    
   190061.016        -54634.6172    
   190055.125        -53620.2227    
   190049.234        -52605.8398    
   190041.719        -51591.4648    
   190035.859        -50577.0703    
   190029.984        -49562.5859    
   190022.453        -48548.2109    
   190016.562        -47533.8281    
   190010.672        -46519.7617    
   190003.172        -45505.7148    
   189997.281        -44491.6484    
   189991.422        -43477.5898    
   189983.859        -42463.5430    
   189978.000        -41449.4883    
   189972.125        -40435.4297    
   189966.250        -39421.3750    
   189960.375        -38407.5312    
   189952.844        -37393.8086    
   189946.984        -36380.0742    
   189941.094        -35366.4453    
   189933.562        -34352.6172    
   189927.688        -33338.8867    
   189920.172        -32325.1660    
   189914.281        -31311.4375    
   189908.422        -30297.9199    
   189900.891        -29284.6289    
   189895.016        -28271.1113    
   189889.141        -27257.7031    
   189881.625        -26244.2012    
   189875.750        -25230.9004    
   189869.875        -24217.3828    
   189862.359        -23203.9902    
   189856.469        -22190.7988    
   189850.609        -21177.8145    
   189843.078        -20164.6367    
   189837.219        -19151.5488    
   189831.328        -18138.4609    
   189823.812        -17125.2832    
   189819.609        -16112.2910    
   189812.078        -15099.1133    
   189806.203        -14086.3467    
   189800.344        -13073.4746    
   189792.812        -12060.8291    
   189786.953        -11047.9570    
   189781.062        -10035.1924    
   189773.562        -9022.33301    
   189767.688        -8009.67432    
   189761.812        -6996.80518    
   189754.297        -5984.37061    
   189748.422        -4971.92578    
   189742.562        -3959.37402    
   189735.047        -2946.94043    
   189729.188        -1934.49487    
   189721.672        -921.955750    
   189715.781         90.4896240    
   189709.922         1102.82886    
   189702.406         2114.94409    
   189696.531         3127.17725    
   189690.656         4139.41064    
   189683.141         5151.52588    
   189677.281         6163.65381    
   189671.406         7175.78223    
   189665.547         8188.01514    
   189659.688         9200.14453    
   189652.156         10211.9424    
   189646.297         11223.7529    
   189640.438         12235.5645    
   189632.922         13247.3613    
   189627.047         14259.1738    
   189621.188         15270.9844    
   189613.672         16282.8926    
   189607.812         17294.7051    
   189601.938         18306.1992    
   189594.438         19317.6797    
   189588.578         20329.1797    
   189582.719         21340.7812    
   189575.188         22352.2676    
   189569.328         23363.6582    
   189563.469         24375.1543    
   189555.953         25386.7500    
   189550.094         26397.9316    
   189542.578         27409.0996    
   189536.703         28420.2812    
   189530.844         29431.4688    
   189523.344         30442.6367    
   189519.141         31453.8340    
   189511.625         32465.1133    
   189505.750         33476.1953    
   189499.891         34487.0664    
   189492.391         35498.0273    
   189486.531         36508.7930    
   189480.656         37519.6602    
   189473.141         38530.6328    
   189467.297         39541.3984    
   189461.438         40552.3789    
   189453.938         41563.1367    
   189448.062         42573.6914    
   189442.203         43584.2578    
   189434.703         44594.8047    
   189428.844         45605.3672    
   189422.984         46615.9297    
   189415.469         47626.4805    
   189409.609         48637.0469    
   189403.750         49647.5078    
   189396.250         50657.8516    
   189390.391         51668.0000    
   189384.547         52678.2461    
   189377.047         53688.4961    
   189371.172         54698.7461    
   189363.672         55708.8828    
   189359.453         56719.2539    
   189351.953         57729.4023    
   189346.094         58739.3398    
   189340.250         59749.1797    
   189332.750         60759.2227    
   189326.891         61769.0586    
   189321.016         62779.0117    
   189313.516         63788.8438    
   189307.656         64798.7930    
   189301.797         65808.6406    
   189294.312         66818.3750    
   189288.438         67827.9062    
   189282.578         68837.5469    
   189275.078         69847.0703    
   189269.234         70856.7109    
   189263.359         71866.2500    
   189255.859         72875.8828    
   189250.000         73885.4297    
   189244.156         74894.7578    
   189236.656         75903.9766    
   189230.828         76913.3203    
   189224.953         77922.4453    
   189217.453         78931.7734    
   189211.594         79941.0078    
   189205.750         80950.3516    
   189198.250         81959.5781    
   189192.406         82968.6172    
   189186.547         83977.5391    
   189180.688         84986.4688    
   189173.203         85995.3906    
   189167.344         87004.4219    
   189161.484         88013.3594    
   189153.984         89022.2891    
   189148.141         90031.2188    
   189142.281         91039.8438    
   189134.781         92048.4609    
   189128.938         93057.0938    
   189123.109         94065.7266    
   189115.594         95074.3516    
   189109.734         96083.0781    
   189103.891         97091.6172    
   189096.391         98100.3516    
   189090.562         99108.5781    
   189084.688         100117.008    
   189077.219         101125.211    
   189071.344         102133.547    
   189065.500         103141.883    
   189058.016         104150.203    
   189052.156         105158.547    
   189046.297         106166.883    
   189038.812         107174.797    
   189032.969         108182.836    
   189027.109         109190.867    
   189021.266         110198.781    
   189013.797         111206.805    
   189007.922         112214.742    
   189002.078         113222.898    
   188994.578         114230.828    
   188988.734         115238.461    
   188982.891         116246.078    
   188975.422         117253.922    
   188969.578         118261.547    
   188963.719         119269.188    
   188956.234         120276.922    
   188950.375         121284.562    
   188944.516         122292.203    
   188937.031         123299.523    
   188931.203         124306.977    
   188925.359         125314.312    
   188917.859         126321.633    
   188912.016         127328.969    
   188906.172         128336.312    
   188898.703         129343.766    
   188892.828         130351.109    
   188886.984         131358.156    
   188879.500         132365.188    
   188873.672         133372.219    
   188867.797         134379.281    
   188860.344         135386.312    
   188854.484         136393.469    
   188848.641         137400.422    
   188842.797         138407.469    
   188835.312         139414.219    
   188829.469         140420.969    
   188823.625         141427.609    
   188816.156         142434.359    
   188810.297         143441.125    
   188804.453         144447.875    
   188796.969         145454.531    
   188791.125         146461.297    
   188785.281         147467.750    
   188777.797         148473.984    
   188771.953         149480.469    
   188766.125         150486.828    
   188758.641         151493.281    
   188752.781         152499.656    
   188746.953         153506.141    
   188739.469         154512.500    
   188733.625         155518.547    
   188727.797         156524.625    
   188720.312         157530.781    
   188714.453         158536.859    
   188708.625         159542.844    
   188701.141         160549.016    
   188695.297         161555.094    
   188689.469         162561.297    
   188681.984         163566.953    
   188676.125         164572.734    
   188670.312         165578.406    
   188662.828         166584.297    
   188658.641         167590.094    
   188651.156         168595.781    
   188645.297         169601.688    
   188637.828         170607.359    
   188631.984         171612.859    
   188626.141         172618.250    
   188618.688         173623.734    
   188612.844         174629.141    
   188606.969         175634.656    
   188599.516         176640.047    
   188593.672         177645.469    
   188587.844         178651.078    
   188580.375         179656.062    
   188574.531         180661.156    
   188568.688         181666.391    
   188561.203         182671.484    
   188555.391         183676.594    
   188549.547         184681.734    
   188542.078         185686.953    
   188536.219         186692.094    
   188530.375         187696.906    
   188522.906         188701.734    
   188517.094         189706.453    
   188511.234         190711.297    
   188503.781         191716.109    
   188497.938         192720.938    
   188492.094         193725.797    
   188484.641         194730.547    
   188478.781         195735.391    
   188472.750         196768.688    
   188466.406         197840.484    
   188458.062         198964.266    
   188450.797         200157.781    
   188442.875         201444.562    
   188434.031         202854.594    
   188423.953         204426.125    
   188412.359         206206.141    
   188398.781         208250.641    
   188384.406         210622.719    
   188367.094         213388.828    
   188346.391         216613.359    
   188323.500         220350.266    
   188296.531         224635.203    
   188265.391         229478.453    
   188231.844         234864.672    
   188194.547         240753.609    
   188153.953         247089.078    
   188110.516         253805.562    
   188066.344         260836.875    
   188020.281         268121.312    
   187972.719         275604.406    
   187924.016         283241.062    
   187874.438         290994.969    
         335
   187874.438         290994.969    
   178793.078         290929.406    
   169880.953         290868.031    
   161204.812         290811.562    
   152846.000         290759.969    
   144907.078         290713.375    
   137498.719         290672.312    
   130729.938         290636.562    
   124693.531         290606.250    
   119441.578         290581.062    
   114975.703         290560.531    
   111238.961         290543.969    
   108145.070         290530.719    
   105581.734         290519.875    
   103435.062         290511.219    
   101608.992         290503.781    
   100017.297         290497.438    
   98596.4766         290491.844    
   97296.1016         290487.000    
   96080.3594         290482.344    
   94926.4531         290477.969    
   93813.2344         290473.844    
   92701.6484         290469.719    
   91586.7969         290465.844    
   90475.2109         290461.812    
   89362.0000         290457.875    
   88248.7734         290453.938    
   87135.5547         290450.062    
   86022.3438         290446.500    
   84909.1172         290442.719    
   83807.3047         290439.031    
   82705.4688         290435.375    
   81605.2734         290431.812    
   80503.4531         290428.500    
   79401.6250         290425.000    
   78299.7969         290421.562    
   77197.9766         290418.188    
   76097.7734         290414.812    
   75007.3438         290411.750    
   73915.2734         290408.531    
   72826.4766         290405.375    
   71736.0391         290402.250    
   70645.6094         290399.188    
   69555.1797         290396.375    
   68466.3672         290393.406    
   67375.9297         290390.438    
   66296.8906         290387.594    
   65217.8477         290384.781    
   64138.8125         290382.250    
   63059.7656         290379.500    
   61982.3516         290376.844    
   60901.6875         290374.219    
   59824.2656         290371.625    
   58745.2227         290369.312    
   57677.5781         290366.844    
   56609.9258         290364.406    
   55543.9062         290362.250    
   54476.2539         290359.938    
   53408.6055         290357.688    
   52340.9570         290355.438    
   51273.3047         290353.250    
   50205.6523         290351.281    
   49151.0195         290349.219    
   48094.7695         290347.188    
   47038.5117         290345.188    
   45982.2500         290343.250    
   44925.9922         290341.344    
   43871.3555         290339.719    
   42815.1016         290337.906    
   41758.8477         290336.125    
   40713.9805         290334.438    
   39669.1133         290332.781    
   38625.8789         290331.344    
   37581.0117         290329.750    
   36536.1445         290328.219    
   35491.2773         290326.719    
   34448.0430         290325.281    
   33403.1758         290323.875    
   32369.7012         290322.719    
   31336.2285         290321.438    
   30302.7559         290320.188    
   29269.2832         290318.969    
   28237.4355         290317.781    
   27203.9609         290316.844    
   26172.1172         290315.750    
   25138.6426         290314.719    
   24116.5605         290313.719    
   23094.4785         290312.781    
   22072.4004         290311.844    
   21050.3164         290311.219    
   20028.2363         290310.344    
   19007.7832         290309.562    
   17985.7012         290308.812    
   16965.2480         290308.125    
   15948.0488         290307.469    
   14932.4795         290307.062    
   13915.2783         290306.438    
   12901.3359         290305.906    
   11884.1367         290305.406    
   10866.9385         290304.969    
   9852.99414         290304.781    
   8835.79590         290304.406    
   7820.22363         290304.062    
   6804.65332         290303.750    
   5789.08154         290303.500    
   4771.88281         290303.250    
   3756.31201         290303.344    
   2740.74048         290303.219    
   1725.16919         290303.125    
   707.970337         290303.062    
  -307.600891         290303.031    
  -1323.17212         290303.094    
  -2340.37109         290303.375    
  -3355.94238         290303.500    
  -4371.51367         290303.625    
  -5387.08496         290304.062    
  -6404.28369         290304.281    
  -7419.85547         290304.562    
  -8435.42578         290304.875    
  -9450.99805         290305.250    
  -10468.1953         290305.625    
  -11483.7666         290306.281    
  -12499.3379         290306.781    
  -13516.5361         290307.312    
  -14532.1084         290307.875    
  -15547.6787         290308.469    
  -16563.2500         290309.094    
  -17580.4492         290310.031    
  -18596.0195         290310.750    
  -19611.5898         290311.500    
  -20627.1621         290312.312    
  -21644.3594         290313.156    
  -22658.3008         290314.094    
  -23675.5039         290315.219    
  -24691.0703         290316.188    
  -25706.6426         290317.219    
  -26723.8398         290318.250    
  -27739.4102         290319.375    
  -28756.6094         290320.500    
  -29770.5527         290321.906    
  -30787.7539         290323.094    
  -31803.3203         290324.344    
  -32818.8906         290325.656    
  -33834.4648         290327.000    
  -34851.6641         290328.375    
  -35867.2305         290330.031    
  -36882.8008         290331.500    
  -37898.3672         290333.000    
  -38915.5742         290334.531    
  -39931.1406         290336.125    
  -40946.7109         290337.750    
  -41963.9062         290339.438    
  -42979.4766         290341.344    
  -43995.0469         290343.094    
  -45010.6133         290344.875    
  -46027.8164         290346.719    
  -47043.3867         290348.594    
  -48058.9531         290350.500    
  -49074.5195         290352.688    
  -50091.7188         290354.688    
  -51107.2930         290356.719    
  -52122.8594         290358.781    
  -53138.4336         290360.906    
  -54155.6250         290363.062    
  -55171.1914         290365.469    
  -56186.7656         290367.719    
  -57203.9570         290370.000    
  -58219.5312         290372.344    
  -59235.0977         290374.719    
  -60250.6641         290377.125    
  -61267.8594         290379.562    
  -62281.8047         290382.250    
  -63298.9961         290384.781    
  -64314.5703         290387.344    
  -65330.1367         290389.969    
  -66345.7031         290392.625    
  -67362.8984         290395.312    
  -68378.4688         290398.031    
  -69394.0391         290401.000    
  -70409.6016         290403.844    
  -71426.7969         290406.688    
  -72442.3672         290409.781    
  -73457.9375         290412.719    
  -74475.1250         290415.688    
  -75490.7031         290418.719    
  -76506.2578         290421.781    
  -77521.8359         290424.906    
  -78539.0234         290428.000    
  -79554.5938         290431.406    
  -80570.1641         290434.625    
  -81585.7266         290437.906    
  -82602.9219         290441.250    
  -83618.4844         290444.562    
  -84634.0547         290447.938    
  -85649.6172         290451.594    
  -86666.8125         290455.062    
  -87682.3750         290458.562    
  -88697.9453         290462.125    
  -89713.5156         290465.688    
  -90730.7109         290469.312    
  -91746.2734         290473.031    
  -92761.8359         290476.938    
  -93779.0234         290480.719    
  -94792.9688         290484.500    
  -95810.1719         290488.312    
  -96825.7188         290492.219    
  -97841.2969         290496.125    
  -98856.8594         290500.062    
  -99874.0391         290504.281    
  -100889.617         290508.312    
  -101905.180         290512.438    
  -102920.742         290516.562    
  -103937.922         290520.688    
  -104953.500         290524.906    
  -105969.062         290529.125    
  -106984.625         290533.656    
  -108001.812         290537.969    
  -109017.367         290542.344    
  -110032.945         290546.750    
  -111048.508         290551.219    
  -112065.688         290555.719    
  -113081.258         290560.219    
  -114096.812         290564.812    
  -115112.375         290569.656    
  -116129.570         290574.281    
  -117145.133         290579.000    
  -118160.695         290583.719    
  -119177.875         290588.500    
  -120193.453         290593.312    
  -121209.016         290598.188    
  -122224.570         290603.312    
  -123241.758         290608.219    
  -124255.695         290613.219    
  -125272.875         290618.250    
  -126288.438         290623.281    
  -127304.000         290628.406    
  -128319.555         290633.531    
  -129336.758         290638.938    
  -130352.312         290644.188    
  -131367.859         290649.438    
  -132383.422         290654.719    
  -133400.625         290660.125    
  -134416.172         290665.500    
  -135431.719         290670.906    
  -136447.281         290676.375    
  -137464.484         290682.125    
  -138480.047         290687.688    
  -139495.609         290693.250    
  -140511.156         290698.906    
  -141528.328         290704.562    
  -142543.891         290710.281    
  -143559.453         290716.062    
  -144575.000         290722.062    
  -145592.203         290727.906    
  -146607.750         290733.781    
  -147623.297         290739.719    
  -148638.859         290745.906    
  -149656.047         290751.875    
  -150669.969         290757.938    
  -151687.156         290764.031    
  -152702.719         290770.156    
  -153718.266         290776.344    
  -154733.828         290782.531    
  -155751.000         290788.781    
  -156766.578         290795.281    
  -157782.125         290801.594    
  -158797.688         290807.969    
  -159814.859         290814.375    
  -160830.422         290820.844    
  -161845.969         290827.344    
  -162863.141         290833.844    
  -163878.703         290840.469    
  -164894.250         290847.281    
  -165909.797         290853.938    
  -166926.984         290860.625    
  -167942.531         290867.406    
  -168958.094         290874.156    
  -169973.641         290881.000    
  -170990.812         290887.875    
  -172006.359         290894.750    
  -173021.906         290901.906    
  -174037.484         290908.875    
  -175054.656         290915.906    
  -176070.219         290923.000    
  -177085.766         290930.125    
  -178101.312         290937.250    
  -179118.469         290944.438    
  -180132.406         290951.656    
  -181149.578         290959.156    
  -182165.125         290966.469    
  -183180.672         290973.812    
  -184196.219         290981.219    
  -185213.391         290988.688    
  -186228.938         290996.125    
  -187244.484         291003.625    
  -188260.047         291011.188    
  -189277.234         291019.000    
  -190292.766         291026.656    
  -191308.312         291034.344    
  -192323.859         291042.062    
  -193341.031         291049.844    
  -194356.578         291057.625    
  -195372.125         291065.438    
  -196387.688         291073.344    
  -197404.844         291081.469    
  -198420.391         291089.469    
  -199435.922         291097.438    
  -200451.469         291105.500    
  -201468.672         291113.625    
  -202484.188         291121.719    
  -203499.734         291129.906    
  -204544.578         291138.344    
  -205628.484         291147.156    
  -206764.438         291156.656    
  -207972.031         291166.562    
  -209274.047         291177.344    
  -210699.656         291189.219    
  -212291.359         291202.531    
  -214092.984         291217.750    
  -216163.094         291235.594    
  -218565.234         291256.281    
  -221367.750         291280.719    
  -224634.062         291309.781    
  -228421.188         291343.969    
  -232763.219         291383.656    
  -237671.625         291429.625    
  -243128.531         291481.594    
  -249096.391         291540.000    
  -255518.312         291604.188    
  -262324.312         291674.219    
  -269449.219         291749.469    
  -276831.281         291829.594    
  -284413.500         291913.875    
  -292151.938         292002.469    
  -300007.562         292094.812    
