   1.6610048e+01   1.4268722e+02
   1.6540382e+01   1.4268718e+02
   1.6471764e+01   1.4268714e+02
   1.6404524e+01   1.4268709e+02
   1.6339067e+01   1.4268706e+02
   1.6275880e+01   1.4268702e+02
   1.6215519e+01   1.4268698e+02
   1.6158581e+01   1.4268695e+02
   1.6105653e+01   1.4268691e+02
   1.6057244e+01   1.4268688e+02
   1.6013711e+01   1.4268686e+02
   1.5975198e+01   1.4268683e+02
   1.5941608e+01   1.4268681e+02
   1.5912623e+01   1.4268679e+02
   1.5887759e+01   1.4268678e+02
   1.5866438e+01   1.4268677e+02
   1.5848060e+01   1.4268675e+02
   1.5832058e+01   1.4268674e+02
   1.5817931e+01   1.4268674e+02
   1.5805255e+01   1.4268673e+02
   1.5793689e+01   1.4268672e+02
   1.5782960e+01   1.4268671e+02
   1.5772858e+01   1.4268671e+02
   1.5763223e+01   1.4268670e+02
   1.5753934e+01   1.4268670e+02
   1.5744901e+01   1.4268669e+02
   1.5735868e+01   1.4268668e+02
   1.5726835e+01   1.4268668e+02
   1.5717801e+01   1.4268667e+02
   1.5708768e+01   1.4268667e+02
   1.5699735e+01   1.4268666e+02
   1.5690702e+01   1.4268666e+02
   1.5681669e+01   1.4268665e+02
   1.5672636e+01   1.4268665e+02
   1.5663599e+01   1.4268664e+02
   1.5654563e+01   1.4268663e+02
   1.5645527e+01   1.4268663e+02
   1.5636491e+01   1.4268662e+02
   1.5627454e+01   1.4268662e+02
   1.5618418e+01   1.4268661e+02
   1.5609382e+01   1.4268661e+02
   1.5600345e+01   1.4268660e+02
   1.5591306e+01   1.4268659e+02
   1.5582266e+01   1.4268659e+02
   1.5573227e+01   1.4268658e+02
   1.5564187e+01   1.4268658e+02
   1.5555148e+01   1.4268657e+02
   1.5546108e+01   1.4268657e+02
   1.5537069e+01   1.4268656e+02
   1.5528029e+01   1.4268655e+02
   1.5518987e+01   1.4268655e+02
   1.5509944e+01   1.4268654e+02
   1.5500901e+01   1.4268654e+02
   1.5491859e+01   1.4268653e+02
   1.5482816e+01   1.4268653e+02
   1.5473773e+01   1.4268652e+02
   1.5464731e+01   1.4268651e+02
   1.5455688e+01   1.4268651e+02
   1.5446642e+01   1.4268650e+02
   1.5437596e+01   1.4268650e+02
   1.5428550e+01   1.4268649e+02
   1.5419505e+01   1.4268649e+02
   1.5410459e+01   1.4268648e+02
   1.5401413e+01   1.4268647e+02
   1.5392367e+01   1.4268647e+02
   1.5383321e+01   1.4268646e+02
   1.5374272e+01   1.4268646e+02
   1.5365223e+01   1.4268645e+02
   1.5356175e+01   1.4268645e+02
   1.5347126e+01   1.4268644e+02
   1.5338077e+01   1.4268643e+02
   1.5329028e+01   1.4268643e+02
   1.5319979e+01   1.4268642e+02
   1.5310930e+01   1.4268642e+02
   1.5301878e+01   1.4268641e+02
   1.5292826e+01   1.4268641e+02
   1.5283773e+01   1.4268640e+02
   1.5274721e+01   1.4268639e+02
   1.5265669e+01   1.4268639e+02
   1.5256617e+01   1.4268638e+02
   1.5247565e+01   1.4268638e+02
   1.5238513e+01   1.4268637e+02
   1.5229458e+01   1.4268637e+02
   1.5220403e+01   1.4268636e+02
   1.5211347e+01   1.4268635e+02
   1.5202292e+01   1.4268635e+02
   1.5193237e+01   1.4268634e+02
   1.5184182e+01   1.4268634e+02
   1.5175127e+01   1.4268633e+02
   1.5166071e+01   1.4268633e+02
   1.5157013e+01   1.4268632e+02
   1.5147955e+01   1.4268631e+02
   1.5138896e+01   1.4268631e+02
   1.5129838e+01   1.4268630e+02
   1.5120780e+01   1.4268630e+02
   1.5111721e+01   1.4268629e+02
   1.5102663e+01   1.4268628e+02
   1.5093605e+01   1.4268628e+02
   1.5084543e+01   1.4268627e+02
   1.5075482e+01   1.4268627e+02
   1.5066421e+01   1.4268626e+02
   1.5057359e+01   1.4268626e+02
   1.5048298e+01   1.4268625e+02
   1.5039236e+01   1.4268624e+02
   1.5030175e+01   1.4268624e+02
   1.5021114e+01   1.4268623e+02
   1.5012049e+01   1.4268623e+02
   1.5002985e+01   1.4268622e+02
   1.4993920e+01   1.4268622e+02
   1.4984856e+01   1.4268621e+02
   1.4975791e+01   1.4268620e+02
   1.4966727e+01   1.4268620e+02
   1.4957662e+01   1.4268619e+02
   1.4948598e+01   1.4268619e+02
   1.4939530e+01   1.4268618e+02
   1.4930463e+01   1.4268617e+02
   1.4921395e+01   1.4268617e+02
   1.4912328e+01   1.4268616e+02
   1.4903260e+01   1.4268616e+02
   1.4894193e+01   1.4268615e+02
   1.4885125e+01   1.4268615e+02
   1.4876058e+01   1.4268614e+02
   1.4866987e+01   1.4268613e+02
   1.4857917e+01   1.4268613e+02
   1.4848846e+01   1.4268612e+02
   1.4839775e+01   1.4268612e+02
   1.4830705e+01   1.4268611e+02
   1.4821634e+01   1.4268610e+02
   1.4812564e+01   1.4268610e+02
   1.4803493e+01   1.4268609e+02
   1.4794419e+01   1.4268609e+02
   1.4785346e+01   1.4268608e+02
   1.4776272e+01   1.4268608e+02
   1.4767199e+01   1.4268607e+02
   1.4758125e+01   1.4268606e+02
   1.4749051e+01   1.4268606e+02
   1.4739978e+01   1.4268605e+02
   1.4730904e+01   1.4268605e+02
   1.4721828e+01   1.4268604e+02
   1.4712751e+01   1.4268603e+02
   1.4703674e+01   1.4268603e+02
   1.4694598e+01   1.4268602e+02
   1.4685521e+01   1.4268602e+02
   1.4676444e+01   1.4268601e+02
   1.4667368e+01   1.4268600e+02
   1.4658291e+01   1.4268600e+02
   1.4649211e+01   1.4268599e+02
   1.4640132e+01   1.4268599e+02
   1.4631052e+01   1.4268598e+02
   1.4621973e+01   1.4268598e+02
   1.4612893e+01   1.4268597e+02
   1.4603813e+01   1.4268596e+02
   1.4594734e+01   1.4268596e+02
   1.4585654e+01   1.4268595e+02
   1.4576571e+01   1.4268595e+02
   1.4567489e+01   1.4268594e+02
   1.4558406e+01   1.4268593e+02
   1.4549323e+01   1.4268593e+02
   1.4540241e+01   1.4268592e+02
   1.4531158e+01   1.4268592e+02
   1.4522075e+01   1.4268591e+02
   1.4512993e+01   1.4268590e+02
   1.4503907e+01   1.4268590e+02
   1.4494822e+01   1.4268589e+02
   1.4485736e+01   1.4268589e+02
   1.4476650e+01   1.4268588e+02
   1.4467565e+01   1.4268587e+02
   1.4458479e+01   1.4268587e+02
   1.4449394e+01   1.4268586e+02
   1.4440308e+01   1.4268586e+02
   1.4431219e+01   1.4268585e+02
   1.4422131e+01   1.4268585e+02
   1.4413042e+01   1.4268584e+02
   1.4403954e+01   1.4268583e+02
   1.4394865e+01   1.4268583e+02
   1.4385776e+01   1.4268582e+02
   1.4376688e+01   1.4268582e+02
   1.4367599e+01   1.4268581e+02
   1.4358508e+01   1.4268580e+02
   1.4349416e+01   1.4268580e+02
   1.4340325e+01   1.4268579e+02
   1.4331233e+01   1.4268579e+02
   1.4322142e+01   1.4268578e+02
   1.4313050e+01   1.4268577e+02
   1.4303959e+01   1.4268577e+02
   1.4294867e+01   1.4268576e+02
   1.4285773e+01   1.4268576e+02
   1.4276678e+01   1.4268575e+02
   1.4267584e+01   1.4268574e+02
   1.4258489e+01   1.4268574e+02
   1.4249395e+01   1.4268573e+02
   1.4240300e+01   1.4268573e+02
   1.4231206e+01   1.4268572e+02
   1.4222111e+01   1.4268571e+02
   1.4213014e+01   1.4268571e+02
   1.4203916e+01   1.4268570e+02
   1.4194819e+01   1.4268570e+02
   1.4185722e+01   1.4268569e+02
   1.4176624e+01   1.4268568e+02
   1.4167527e+01   1.4268568e+02
   1.4158429e+01   1.4268567e+02
   1.4149332e+01   1.4268567e+02
   1.4140232e+01   1.4268566e+02
   1.4131131e+01   1.4268565e+02
   1.4122031e+01   1.4268565e+02
   1.4112931e+01   1.4268564e+02
   1.4103830e+01   1.4268564e+02
   1.4094730e+01   1.4268563e+02
   1.4085630e+01   1.4268562e+02
   1.4076530e+01   1.4268562e+02
   1.4067426e+01   1.4268561e+02
   1.4058323e+01   1.4268561e+02
   1.4049220e+01   1.4268560e+02
   1.4040117e+01   1.4268559e+02
   1.4031014e+01   1.4268559e+02
   1.4021910e+01   1.4268558e+02
   1.4012807e+01   1.4268558e+02
   1.4003704e+01   1.4268557e+02
   1.3994598e+01   1.4268556e+02
   1.3985492e+01   1.4268556e+02
   1.3976386e+01   1.4268555e+02
   1.3967280e+01   1.4268555e+02
   1.3958173e+01   1.4268554e+02
   1.3949067e+01   1.4268553e+02
   1.3939961e+01   1.4268553e+02
   1.3930855e+01   1.4268552e+02
   1.3921746e+01   1.4268552e+02
   1.3912637e+01   1.4268551e+02
   1.3903528e+01   1.4268550e+02
   1.3894419e+01   1.4268550e+02
   1.3885310e+01   1.4268549e+02
   1.3876201e+01   1.4268549e+02
   1.3867092e+01   1.4268548e+02
   1.3857983e+01   1.4268547e+02
   1.3848872e+01   1.4268547e+02
   1.3839760e+01   1.4268546e+02
   1.3830648e+01   1.4268546e+02
   1.3821536e+01   1.4268545e+02
   1.3812424e+01   1.4268544e+02
   1.3803313e+01   1.4268544e+02
   1.3794201e+01   1.4268543e+02
   1.3785089e+01   1.4268543e+02
   1.3775974e+01   1.4268542e+02
   1.3766860e+01   1.4268541e+02
   1.3757745e+01   1.4268541e+02
   1.3748630e+01   1.4268540e+02
   1.3739516e+01   1.4268540e+02
   1.3730401e+01   1.4268539e+02
   1.3721286e+01   1.4268538e+02
   1.3712172e+01   1.4268538e+02
   1.3703054e+01   1.4268537e+02
   1.3693937e+01   1.4268537e+02
   1.3684819e+01   1.4268536e+02
   1.3675702e+01   1.4268535e+02
   1.3666584e+01   1.4268535e+02
   1.3657467e+01   1.4268534e+02
   1.3648349e+01   1.4268534e+02
   1.3639232e+01   1.4268533e+02
   1.3630111e+01   1.4268532e+02
   1.3620991e+01   1.4268532e+02
   1.3611871e+01   1.4268531e+02
   1.3602750e+01   1.4268531e+02
   1.3593630e+01   1.4268530e+02
   1.3584510e+01   1.4268529e+02
   1.3575390e+01   1.4268529e+02
   1.3566269e+01   1.4268528e+02
   1.3557146e+01   1.4268528e+02
   1.3548023e+01   1.4268527e+02
   1.3538900e+01   1.4268526e+02
   1.3529777e+01   1.4268526e+02
   1.3520654e+01   1.4268525e+02
   1.3511531e+01   1.4268524e+02
   1.3502407e+01   1.4268524e+02
   1.3493284e+01   1.4268523e+02
   1.3484158e+01   1.4268523e+02
   1.3475033e+01   1.4268522e+02
   1.3465907e+01   1.4268521e+02
   1.3456781e+01   1.4268521e+02
   1.3447655e+01   1.4268520e+02
   1.3438529e+01   1.4268520e+02
   1.3429403e+01   1.4268519e+02
   1.3420277e+01   1.4268518e+02
   1.3411149e+01   1.4268518e+02
   1.3402020e+01   1.4268517e+02
   1.3392891e+01   1.4268517e+02
   1.3383763e+01   1.4268516e+02
   1.3374634e+01   1.4268515e+02
   1.3365505e+01   1.4268515e+02
   1.3356377e+01   1.4268514e+02
   1.3347248e+01   1.4268514e+02
   1.3338116e+01   1.4268513e+02
   1.3328985e+01   1.4268512e+02
   1.3319854e+01   1.4268512e+02
   1.3310722e+01   1.4268511e+02
   1.3301591e+01   1.4268510e+02
   1.3292459e+01   1.4268510e+02
   1.3283328e+01   1.4268509e+02
   1.3274196e+01   1.4268509e+02
   1.3265062e+01   1.4268508e+02
   1.3255928e+01   1.4268507e+02
   1.3246794e+01   1.4268507e+02
   1.3237660e+01   1.4268506e+02
   1.3228526e+01   1.4268506e+02
   1.3219391e+01   1.4268505e+02
   1.3210257e+01   1.4268504e+02
   1.3201123e+01   1.4268504e+02
   1.3191986e+01   1.4268503e+02
   1.3182849e+01   1.4268503e+02
   1.3173712e+01   1.4268502e+02
   1.3164575e+01   1.4268501e+02
   1.3155439e+01   1.4268501e+02
   1.3146302e+01   1.4268500e+02
   1.3137165e+01   1.4268500e+02
   1.3128028e+01   1.4268499e+02
   1.3118888e+01   1.4268498e+02
   1.3109749e+01   1.4268498e+02
   1.3100609e+01   1.4268497e+02
   1.3091469e+01   1.4268496e+02
   1.3082330e+01   1.4268496e+02
   1.3073190e+01   1.4268495e+02
   1.3064051e+01   1.4268495e+02
   1.3054911e+01   1.4268494e+02
   1.3045769e+01   1.4268493e+02
   1.3036626e+01   1.4268493e+02
   1.3027484e+01   1.4268492e+02
   1.3018342e+01   1.4268492e+02
   1.3009199e+01   1.4268491e+02
   1.3000057e+01   1.4268490e+02
   1.2990915e+01   1.4268490e+02
   1.2981772e+01   1.4268489e+02
   1.2972627e+01   1.4268488e+02
   1.2963482e+01   1.4268488e+02
   1.2954337e+01   1.4268487e+02
   1.2945192e+01   1.4268487e+02
   1.2936047e+01   1.4268486e+02
   1.2926902e+01   1.4268485e+02
   1.2917757e+01   1.4268485e+02
   1.2908612e+01   1.4268484e+02
   1.2899464e+01   1.4268484e+02
   1.2890317e+01   1.4268483e+02
   1.2881169e+01   1.4268482e+02
   1.2872021e+01   1.4268482e+02
   1.2862874e+01   1.4268481e+02
   1.2853726e+01   1.4268480e+02
   1.2844578e+01   1.4268480e+02
   1.2835431e+01   1.4268479e+02
   1.2826280e+01   1.4268479e+02
   1.2817130e+01   1.4268478e+02
   1.2807980e+01   1.4268477e+02
   1.2798829e+01   1.4268477e+02
   1.2789679e+01   1.4268476e+02
   1.2780529e+01   1.4268476e+02
   1.2771378e+01   1.4268475e+02
   1.2762228e+01   1.4268474e+02
   1.2753075e+01   1.4268474e+02
   1.2743922e+01   1.4268473e+02
   1.2734769e+01   1.4268472e+02
   1.2725616e+01   1.4268472e+02
   1.2716463e+01   1.4268471e+02
   1.2707310e+01   1.4268471e+02
   1.2698157e+01   1.4268470e+02
   1.2689004e+01   1.4268469e+02
   1.2679848e+01   1.4268469e+02
   1.2670693e+01   1.4268468e+02
   1.2661537e+01   1.4268468e+02
   1.2652381e+01   1.4268467e+02
   1.2643226e+01   1.4268466e+02
   1.2634070e+01   1.4268466e+02
   1.2624914e+01   1.4268465e+02
   1.2615759e+01   1.4268464e+02
   1.2606601e+01   1.4268464e+02
   1.2597442e+01   1.4268463e+02
   1.2588284e+01   1.4268463e+02
   1.2579126e+01   1.4268462e+02
   1.2569968e+01   1.4268461e+02
   1.2560809e+01   1.4268461e+02
   1.2551651e+01   1.4268460e+02
   1.2542493e+01   1.4268460e+02
   1.2533335e+01   1.4268459e+02
   1.2523916e+01   1.4268458e+02
   1.2514144e+01   1.4268458e+02
   1.2503896e+01   1.4268457e+02
   1.2493008e+01   1.4268456e+02
   1.2481267e+01   1.4268455e+02
   1.2468395e+01   1.4268455e+02
   1.2454043e+01   1.4268454e+02
   1.2437780e+01   1.4268452e+02
   1.2419094e+01   1.4268451e+02
   1.2397407e+01   1.4268450e+02
   1.2372108e+01   1.4268448e+02
   1.2342608e+01   1.4268446e+02
   1.2308412e+01   1.4268444e+02
   1.2269197e+01   1.4268441e+02
   1.2224864e+01   1.4268438e+02
   1.2175560e+01   1.4268435e+02
   1.2121648e+01   1.4268431e+02
   1.2063647e+01   1.4268427e+02
   1.2002157e+01   1.4268423e+02
   1.1937785e+01   1.4268419e+02
   1.1871099e+01   1.4268414e+02
   1.1802595e+01   1.4268410e+02
   1.1732686e+01   1.4268405e+02
   1.1661708e+01   1.4268400e+02
