325 281 0.000000
325 282 0.000000
324 281 0.000000
323 281 0.000000
324 282 0.000000
325 283 0.000000
322 281 0.000000
323 282 0.000000
324 283 0.000000
325 284 0.000000
320 279 0.000000
319 278 0.000000
318 277 0.000000
317 276 0.000000
318 276 0.000000
319 276 0.000000
320 276 0.000000
320 277 0.000000
320 278 0.000000
319 277 0.000000
336 289 0.000000
337 288 0.000000
338 287 0.000000
339 286 0.000000
338 286 0.000000
337 286 0.000000
337 287 0.000000
336 288 0.000000
336 287 0.000000
336 286 0.000000
339 270 0.000000
338 269 0.000000
337 268 0.000000
336 267 0.000000
336 268 0.000000
336 269 0.000000
336 270 0.000000
337 270 0.000000
337 269 0.000000
338 270 0.000000
402 366 0.000000
403 367 0.000000
404 368 0.000000
405 369 0.000000
405 368 0.000000
405 367 0.000000
404 367 0.000000
404 366 0.000000
405 366 0.000000
403 366 0.000000
400 364 0.000000
399 363 0.000000
398 362 0.000000
397 361 0.000000
398 361 0.000000
399 361 0.000000
399 362 0.000000
400 363 0.000000
400 362 0.000000
400 361 0.000000
395 359 0.000000
394 358 0.000000
393 357 0.000000
392 356 0.000000
393 356 0.000000
394 356 0.000000
394 357 0.000000
395 358 0.000000
395 357 0.000000
395 356 0.000000
390 354 0.000000
389 353 0.000000
388 352 0.000000
387 351 0.000000
388 351 0.000000
389 351 0.000000
389 352 0.000000
390 353 0.000000
390 352 0.000000
390 351 0.000000
387 325 0.000000
388 324 0.000000
389 323 0.000000
390 322 0.000000
390 323 0.000000
390 324 0.000000
390 325 0.000000
389 325 0.000000
389 324 0.000000
388 325 0.000000
401 322 0.000000
402 323 0.000000
403 324 0.000000
404 325 0.000000
403 325 0.000000
402 325 0.000000
402 324 0.000000
401 325 0.000000
401 324 0.000000
401 323 0.000000
406 327 0.000000
406 328 0.000000
406 329 0.000000
407 330 0.000000
407 329 0.000000
407 328 0.000000
408 329 0.000000
409 330 0.000000
408 330 0.000000
406 330 0.000000
411 332 0.000000
412 333 0.000000
413 334 0.000000
414 335 0.000000
413 335 0.000000
412 335 0.000000
412 334 0.000000
411 335 0.000000
411 334 0.000000
411 333 0.000000
421 337 0.000000
422 338 0.000000
423 339 0.000000
424 340 0.000000
423 340 0.000000
422 340 0.000000
422 339 0.000000
421 340 0.000000
421 339 0.000000
421 338 0.000000
426 345 0.000000
426 344 0.000000
426 343 0.000000
426 342 0.000000
427 343 0.000000
428 344 0.000000
429 345 0.000000
428 345 0.000000
427 345 0.000000
427 344 0.000000
434 360 0.000000
433 359 0.000000
432 358 0.000000
431 357 0.000000
431 358 0.000000
431 360 0.000000
431 359 0.000000
432 360 0.000000
432 359 0.000000
433 360 0.000000
454 375 0.000000
453 374 0.000000
452 373 0.000000
451 372 0.000000
451 373 0.000000
451 374 0.000000
451 375 0.000000
452 375 0.000000
452 374 0.000000
453 375 0.000000
446 367 0.000000
447 368 0.000000
448 369 0.000000
449 370 0.000000
448 370 0.000000
447 370 0.000000
446 370 0.000000
446 369 0.000000
446 368 0.000000
447 369 0.000000
387 455 0.000000
388 454 0.000000
389 453 0.000000
390 452 0.000000
390 453 0.000000
390 454 0.000000
390 455 0.000000
389 455 0.000000
389 454 0.000000
388 455 0.000000
387 446 0.000000
388 447 0.000000
389 448 0.000000
390 449 0.000000
390 447 0.000000
390 447 1.000000
389 447 0.000000
390 446 0.000000
389 446 0.000000
388 446 0.000000
390 448 0.000000
390 447 0.000000
387 430 0.000000
388 429 0.000000
389 428 0.000000
390 427 0.000000
392 425 0.000000
393 424 0.000000
394 423 0.000000
395 422 0.000000
395 423 0.000000
395 424 0.000000
395 425 0.000000
394 425 0.000000
394 424 0.000000
393 425 0.000000
388 430 0.000000
389 430 0.000000
390 430 0.000000
390 429 0.000000
389 429 0.000000
390 428 0.000000
406 407 0.000000
407 408 0.000000
408 409 0.000000
409 410 0.000000
411 412 0.000000
412 413 0.000000
413 414 0.000000
414 415 0.000000
417 415 0.000000
417 415 1.000000
417 415 0.000000
418 414 0.000000
419 413 0.000000
420 412 0.000000
420 413 0.000000
420 414 0.000000
420 415 0.000000
419 415 0.000000
419 414 0.000000
418 415 0.000000
413 415 0.000000
412 415 0.000000
411 415 0.000000
411 414 0.000000
412 414 0.000000
411 413 0.000000
408 410 0.000000
407 410 0.000000
407 409 0.000000
406 410 0.000000
406 409 0.000000
406 408 0.000000
420 409 0.000000
419 408 0.000000
418 407 0.000000
417 406 0.000000
415 404 0.000000
414 403 0.000000
413 402 0.000000
412 401 0.000000
410 399 0.000000
409 398 0.000000
408 397 0.000000
407 396 0.000000
408 396 0.000000
409 396 0.000000
409 397 0.000000
410 396 0.000000
410 397 0.000000
410 398 0.000000
413 401 0.000000
414 401 0.000000
414 402 0.000000
415 403 0.000000
415 402 0.000000
415 401 0.000000
418 406 0.000000
419 406 0.000000
420 406 0.000000
420 408 0.000000
420 407 0.000000
419 407 0.000000
382 465 0.000000
383 465 0.000000
384 465 0.000000
385 465 0.000000
385 464 0.000000
385 463 0.000000
385 462 0.000000
384 463 0.000000
383 464 0.000000
384 464 0.000000
376 524 0.000000
377 523 0.000000
378 522 0.000000
379 521 0.000000
385 519 1.000000
387 518 0.000000
385 519 0.000000
386 519 0.000000
388 517 0.000000
389 516 0.000000
400 519 0.000000
399 518 0.000000
398 517 0.000000
397 516 0.000000
398 516 0.000000
399 517 0.000000
399 516 0.000000
400 516 0.000000
400 517 0.000000
400 518 0.000000
388 516 0.000000
387 517 0.000000
387 516 0.000000
386 516 0.000000
386 517 0.000000
386 518 0.000000
376 523 0.000000
376 522 0.000000
377 522 0.000000
378 521 0.000000
377 521 0.000000
376 521 0.000000
380 487 0.000000
379 488 0.000000
378 489 0.000000
377 490 0.000000
375 492 0.000000
374 493 0.000000
373 494 0.000000
372 495 0.000000
362 510 0.000000
363 509 0.000000
364 508 0.000000
365 507 0.000000
367 505 0.000000
368 504 0.000000
369 503 0.000000
370 502 0.000000
363 510 0.000000
364 510 0.000000
365 510 0.000000
365 509 0.000000
364 509 0.000000
365 508 0.000000
368 505 0.000000
369 505 0.000000
370 505 0.000000
370 504 0.000000
369 504 0.000000
370 503 0.000000
373 495 0.000000
374 495 0.000000
374 494 0.000000
375 495 0.000000
375 494 0.000000
375 493 0.000000
378 490 0.000000
379 490 0.000000
379 489 0.000000
380 490 0.000000
380 489 0.000000
380 488 0.000000
509 425 0.000000
508 424 0.000000
507 423 0.000000
506 422 0.000000
506 423 0.000000
506 424 0.000000
506 425 0.000000
507 425 0.000000
508 425 0.000000
508 425 1.000000
508 425 0.000000
507 424 0.000000
494 420 0.000000
493 419 0.000000
492 418 0.000000
491 417 0.000000
491 417 1.000000
491 417 0.000000
489 415 0.000000
488 414 0.000000
487 413 0.000000
486 412 0.000000
484 410 0.000000
483 409 0.000000
482 408 0.000000
481 407 0.000000
456 382 0.000000
457 383 0.000000
458 384 0.000000
459 385 0.000000
461 392 0.000000
462 393 0.000000
463 394 0.000000
464 395 0.000000
466 397 0.000000
467 398 0.000000
468 399 0.000000
469 400 0.000000
476 402 0.000000
477 403 0.000000
478 404 0.000000
479 405 0.000000
478 405 0.000000
477 405 0.000000
477 404 0.000000
476 405 0.000000
476 404 0.000000
476 403 0.000000
468 400 0.000000
467 400 0.000000
467 399 0.000000
466 400 0.000000
466 399 0.000000
466 398 0.000000
463 395 0.000000
462 395 0.000000
462 394 0.000000
461 395 0.000000
461 394 0.000000
461 393 0.000000
456 383 0.000000
456 384 0.000000
456 385 0.000000
457 385 0.000000
457 384 0.000000
458 385 0.000000
481 408 0.000000
481 409 0.000000
481 410 0.000000
482 410 0.000000
483 410 0.000000
483 410 1.000000
482 409 0.000000
483 410 0.000000
486 413 0.000000
486 414 0.000000
486 415 0.000000
487 415 0.000000
487 414 0.000000
488 415 0.000000
493 420 0.000000
492 420 0.000000
492 419 0.000000
491 420 0.000000
491 419 0.000000
491 418 0.000000
546 484 0.000000
547 483 0.000000
548 482 0.000000
549 481 0.000000
548 481 0.000000
547 482 0.000000
547 481 0.000000
546 483 0.000000
546 482 0.000000
546 481 0.000000
511 437 0.000000
512 438 0.000000
513 439 0.000000
514 440 0.000000
516 442 0.000000
517 443 0.000000
518 444 0.000000
519 445 0.000000
518 445 0.000000
517 445 0.000000
517 444 0.000000
516 445 0.000000
516 444 0.000000
516 443 0.000000
511 440 0.000000
511 439 0.000000
511 438 0.000000
512 439 0.000000
512 440 0.000000
513 440 0.000000
526 447 0.000000
527 448 0.000000
528 449 0.000000
529 450 0.000000
531 452 0.000000
532 453 0.000000
533 454 0.000000
534 455 0.000000
536 457 0.000000
537 458 0.000000
538 459 0.000000
539 460 0.000000
539 460 1.000000
539 460 0.000000
541 462 0.000000
542 463 0.000000
543 464 0.000000
544 465 0.000000
546 467 0.000000
547 468 0.000000
548 469 0.000000
549 470 0.000000
548 470 0.000000
547 470 0.000000
546 470 0.000000
547 469 0.000000
546 469 0.000000
546 468 0.000000
543 465 0.000000
542 465 0.000000
542 464 0.000000
541 465 0.000000
541 464 0.000000
541 463 0.000000
538 460 0.000000
537 460 0.000000
536 460 0.000000
537 459 0.000000
536 459 0.000000
536 458 0.000000
533 455 0.000000
531 455 0.000000
532 455 0.000000
532 454 0.000000
531 454 0.000000
531 453 0.000000
528 450 0.000000
527 450 0.000000
526 450 0.000000
526 448 0.000000
526 449 0.000000
527 449 0.000000
614 525 0.000000
613 524 0.000000
612 523 0.000000
611 522 0.000000
611 523 0.000000
611 524 0.000000
611 525 0.000000
612 525 0.000000
612 524 0.000000
613 525 0.000000
569 525 0.000000
568 524 0.000000
567 523 0.000000
566 522 0.000000
564 520 0.000000
563 519 0.000000
562 518 0.000000
561 517 0.000000
561 518 0.000000
561 519 0.000000
561 520 0.000000
562 520 0.000000
562 519 0.000000
563 520 0.000000
568 525 0.000000
567 525 0.000000
567 524 0.000000
566 525 0.000000
566 524 0.000000
566 523 0.000000
546 497 0.000000
547 498 0.000000
548 499 0.000000
549 500 0.000000
551 502 0.000000
552 503 0.000000
553 504 0.000000
554 505 0.000000
556 507 0.000000
557 508 0.000000
558 509 0.000000
559 510 0.000000
558 510 0.000000
557 510 0.000000
557 509 0.000000
556 510 0.000000
556 509 0.000000
556 508 0.000000
553 505 0.000000
552 505 0.000000
552 504 0.000000
551 505 0.000000
551 504 0.000000
551 503 0.000000
548 500 0.000000
547 500 0.000000
547 499 0.000000
546 500 0.000000
546 499 0.000000
546 498 0.000000
420 583 0.000000
420 584 0.000000
419 583 0.000000
418 582 0.000000
417 581 0.000000
415 579 0.000000
414 578 0.000000
413 577 0.000000
412 576 0.000000
413 576 0.000000
414 576 0.000000
414 577 0.000000
415 578 0.000000
415 577 0.000000
415 576 0.000000
420 582 0.000000
420 581 0.000000
419 582 0.000000
419 581 0.000000
418 581 0.000000
405 574 0.000000
404 573 0.000000
403 572 0.000000
402 571 0.000000
403 571 0.000000
404 571 0.000000
405 571 0.000000
405 573 0.000000
405 572 0.000000
404 572 0.000000
400 537 0.000000
399 538 0.000000
398 539 0.000000
397 540 0.000000
395 547 0.000000
394 548 0.000000
393 549 0.000000
392 550 0.000000
382 560 0.000000
383 559 0.000000
384 558 0.000000
385 557 0.000000
385 558 0.000000
385 559 0.000000
385 560 0.000000
384 560 0.000000
384 559 0.000000
383 560 0.000000
393 550 0.000000
394 550 0.000000
395 550 0.000000
395 549 0.000000
394 549 0.000000
395 548 0.000000
398 540 0.000000
399 540 0.000000
399 539 0.000000
400 540 0.000000
400 539 0.000000
400 538 0.000000
470 629 0.000000
469 628 0.000000
468 627 0.000000
467 626 0.000000
465 624 0.000000
464 623 0.000000
463 622 0.000000
462 621 0.000000
463 621 0.000000
464 621 0.000000
464 622 0.000000
465 621 0.000000
465 622 0.000000
465 623 0.000000
468 626 0.000000
469 627 0.000000
469 626 0.000000
470 626 0.000000
470 627 0.000000
470 628 0.000000
455 619 0.000000
454 618 0.000000
453 617 0.000000
452 616 0.000000
450 614 0.000000
449 613 0.000000
448 612 0.000000
447 611 0.000000
445 609 0.000000
444 608 0.000000
443 607 0.000000
442 606 0.000000
443 606 0.000000
444 606 0.000000
444 607 0.000000
445 606 0.000000
445 607 0.000000
445 608 0.000000
445 608 1.000000
445 608 0.000000
448 611 0.000000
449 611 0.000000
449 612 0.000000
450 611 0.000000
450 612 0.000000
450 613 0.000000
453 616 0.000000
454 616 0.000000
454 617 0.000000
455 618 0.000000
455 617 0.000000
455 616 0.000000
430 604 0.000000
429 603 0.000000
428 602 0.000000
427 601 0.000000
428 601 0.000000
429 602 0.000000
429 601 0.000000
430 603 0.000000
430 602 0.000000
430 601 0.000000
425 594 0.000000
424 593 0.000000
423 592 0.000000
422 591 0.000000
423 591 0.000000
424 591 0.000000
424 592 0.000000
425 593 0.000000
425 592 0.000000
425 591 0.000000
491 680 0.000000
492 680 0.000000
493 680 0.000000
494 680 0.000000
495 680 0.000000
496 680 0.000000
497 680 0.000000
498 680 0.000000
499 680 0.000000
497 676 0.000000
498 677 0.000000
498 676 0.000000
499 676 0.000000
500 676 0.000000
500 677 0.000000
500 678 0.000000
500 679 0.000000
500 680 0.000000
498 679 0.000000
499 679 0.000000
499 679 1.000000
499 679 0.000000
499 678 0.000000
499 677 0.000000
498 678 0.000000
498 679 1.000000
497 679 0.000000
498 679 0.000000
495 669 0.000000
494 668 0.000000
493 667 0.000000
492 666 0.000000
472 641 0.000000
472 641 1.000000
472 641 0.000000
473 642 0.000000
474 643 0.000000
475 644 0.000000
475 643 0.000000
475 642 0.000000
475 641 0.000000
474 641 0.000000
474 642 0.000000
473 641 0.000000
477 651 0.000000
478 652 0.000000
479 653 0.000000
480 654 0.000000
482 656 0.000000
483 657 0.000000
484 658 0.000000
485 659 0.000000
487 661 0.000000
488 662 0.000000
489 663 0.000000
490 664 0.000000
478 651 0.000000
479 652 0.000000
479 651 0.000000
480 651 0.000000
480 652 0.000000
480 653 0.000000
483 656 0.000000
484 657 0.000000
484 656 0.000000
485 656 0.000000
485 657 0.000000
485 658 0.000000
488 661 0.000000
489 661 0.000000
489 662 0.000000
490 663 0.000000
490 662 0.000000
490 661 0.000000
495 668 0.000000
495 667 0.000000
495 666 0.000000
494 667 0.000000
494 666 0.000000
493 666 0.000000
497 678 0.000000
497 677 0.000000
496 679 0.000000
576 532 0.000000
577 533 0.000000
578 534 0.000000
579 535 0.000000
578 535 0.000000
577 535 0.000000
577 534 0.000000
576 535 0.000000
576 534 0.000000
576 533 0.000000
592 535 0.000000
593 534 0.000000
594 533 0.000000
595 532 0.000000
595 533 0.000000
595 534 0.000000
595 535 0.000000
593 535 0.000000
594 535 0.000000
594 534 0.000000
616 532 0.000000
617 533 0.000000
618 534 0.000000
619 535 0.000000
618 535 0.000000
617 535 0.000000
616 535 0.000000
616 534 0.000000
617 534 0.000000
616 533 0.000000
629 560 0.000000
628 559 0.000000
627 558 0.000000
626 557 0.000000
624 555 0.000000
623 554 0.000000
622 553 0.000000
621 552 0.000000
621 553 0.000000
621 554 0.000000
621 555 0.000000
622 555 0.000000
622 554 0.000000
623 555 0.000000
626 558 0.000000
626 559 0.000000
626 560 0.000000
627 560 0.000000
627 559 0.000000
628 560 0.000000
664 595 0.000000
663 594 0.000000
662 593 0.000000
661 592 0.000000
659 590 0.000000
658 589 0.000000
657 588 0.000000
656 587 0.000000
654 585 0.000000
653 584 0.000000
652 583 0.000000
651 582 0.000000
649 580 0.000000
648 579 0.000000
647 578 0.000000
646 577 0.000000
639 570 0.000000
638 569 0.000000
637 568 0.000000
636 567 0.000000
636 568 0.000000
636 569 0.000000
636 570 0.000000
637 570 0.000000
637 569 0.000000
638 570 0.000000
646 578 0.000000
646 579 0.000000
646 580 0.000000
647 580 0.000000
647 579 0.000000
647 579 1.000000
647 579 0.000000
648 580 0.000000
651 583 0.000000
651 584 0.000000
651 585 0.000000
652 585 0.000000
652 584 0.000000
653 585 0.000000
656 588 0.000000
656 589 0.000000
656 590 0.000000
657 590 0.000000
657 589 0.000000
658 590 0.000000
661 593 0.000000
661 594 0.000000
661 595 0.000000
662 595 0.000000
662 594 0.000000
662 594 1.000000
663 595 0.000000
662 594 0.000000
679 680 0.000000
678 679 0.000000
677 678 0.000000
676 677 0.000000
676 678 0.000000
676 680 0.000000
680 680 0.000000
678 680 0.000000
677 680 0.000000
677 679 0.000000
676 679 0.000000
674 670 0.000000
673 669 0.000000
672 668 0.000000
671 667 0.000000
674 661 0.000000
673 662 0.000000
672 663 0.000000
671 664 0.000000
671 662 0.000000
671 662 1.000000
671 661 0.000000
671 662 0.000000
671 663 0.000000
672 662 0.000000
672 661 0.000000
673 661 0.000000
671 668 0.000000
671 669 0.000000
671 670 0.000000
673 670 0.000000
672 670 0.000000
672 669 0.000000
674 650 0.000000
673 649 0.000000
672 648 0.000000
672 648 1.000000
672 648 0.000000
671 647 0.000000
671 648 0.000000
671 649 0.000000
671 650 0.000000
672 650 0.000000
672 649 0.000000
673 650 0.000000
674 641 0.000000
673 642 0.000000
672 643 0.000000
671 644 0.000000
671 643 0.000000
671 642 0.000000
672 642 0.000000
673 641 0.000000
672 641 0.000000
671 641 0.000000
666 622 0.000000
666 623 0.000000
667 623 0.000000
667 624 0.000000
668 625 0.000000
669 625 0.000000
668 624 0.000000
667 625 0.000000
666 625 0.000000
666 624 0.000000
671 627 0.000000
672 628 0.000000
673 629 0.000000
674 630 0.000000
673 630 0.000000
672 630 0.000000
672 629 0.000000
671 630 0.000000
671 629 0.000000
671 628 0.000000
