444 422 0.000000
455 412 0.000000
459 346 1.000000
391 216 1.000000
390 215 1.000000
395 273 1.000000
397 238 0.000000
398 238 0.000000
454 326 0.000000
454 323 0.000000
452 318 0.000000
452 317 0.000000
452 316 0.000000
391 215 0.000000
390 216 0.000000
380 212 0.000000
379 211 0.000000
383 214 0.000000
397 238 0.000000
398 238 0.000000
452 318 0.000000
452 317 0.000000
452 316 0.000000
454 323 0.000000
459 346 1.000000
444 422 0.000000
455 412 0.000000
454 326 0.000000
395 273 1.000000
395 221 0.000000
395 221 1.000000
397 223 0.000000
396 222 0.000000
395 221 0.000000
380 212 0.000000
383 214 0.000000
390 216 0.000000
391 215 0.000000
395 221 0.000000
396 222 0.000000
397 223 0.000000
399 224 0.000000
401 227 1.000000
401 226 0.000000
401 227 0.000000
397 238 0.000000
398 238 0.000000
394 273 0.000000
452 318 0.000000
452 317 0.000000
452 316 0.000000
454 323 0.000000
452 305 0.000000
452 304 0.000000
452 303 0.000000
454 326 0.000000
459 346 1.000000
444 422 0.000000
455 412 0.000000
448 420 0.000000
445 415 0.000000
438 407 1.000000
456 402 1.000000
457 392 0.000000
460 339 1.000000
458 358 0.000000
455 316 0.000000
422 290 0.000000
399 265 0.000000
399 231 0.000000
400 231 0.000000
392 209 0.000000
393 208 0.000000
382 204 0.000000
382 205 0.000000
382 202 0.000000
399 216 0.000000
398 215 0.000000
397 214 0.000000
438 408 0.000000
438 407 0.000000
438 406 0.000000
439 410 0.000000
439 404 0.000000
438 406 1.000000
438 406 0.000000
438 405 0.000000
456 407 0.000000
456 406 0.000000
456 405 0.000000
456 404 0.000000
456 403 0.000000
456 402 0.000000
456 401 0.000000
456 400 0.000000
456 399 0.000000
456 398 0.000000
456 397 0.000000
456 396 0.000000
456 396 1.000000
456 395 0.000000
456 396 0.000000
457 405 0.000000
457 404 0.000000
457 403 0.000000
457 402 0.000000
457 401 0.000000
457 400 0.000000
457 399 0.000000
457 398 0.000000
457 397 0.000000
457 396 0.000000
457 395 0.000000
457 394 0.000000
460 339 0.000000
460 340 0.000000
460 341 0.000000
460 342 0.000000
460 342 1.000000
461 344 0.000000
461 343 0.000000
460 342 0.000000
459 338 0.000000
456 333 0.000000
456 332 0.000000
456 332 1.000000
456 332 0.000000
457 335 0.000000
457 336 0.000000
458 338 1.000000
458 337 0.000000
458 338 0.000000
461 342 0.000000
442 416 1.000000
439 408 1.000000
439 407 1.000000
438 407 1.000000
439 405 1.000000
446 419 1.000000
447 419 1.000000
441 407 0.000000
441 406 0.000000
440 404 1.000000
440 400 1.000000
443 396 0.000000
444 395 0.000000
455 397 0.000000
457 390 1.000000
447 395 0.000000
443 410 1.000000
459 340 1.000000
460 339 1.000000
459 339 1.000000
442 342 1.000000
444 341 1.000000
441 351 0.000000
435 340 0.000000
434 339 0.000000
441 339 0.000000
439 339 1.000000
439 338 1.000000
440 339 1.000000
441 339 1.000000
444 337 0.000000
444 337 1.000000
443 337 0.000000
443 336 0.000000
444 336 0.000000
444 337 0.000000
444 329 0.000000
445 329 0.000000
444 328 0.000000
444 327 0.000000
444 326 0.000000
445 326 0.000000
446 326 0.000000
447 326 0.000000
443 325 0.000000
459 350 0.000000
459 349 0.000000
459 348 0.000000
459 347 0.000000
445 323 0.000000
446 323 0.000000
447 323 0.000000
448 323 0.000000
449 323 0.000000
447 324 0.000000
446 325 0.000000
446 324 0.000000
445 325 0.000000
445 324 0.000000
392 208 1.000000
382 204 0.000000
397 214 0.000000
398 215 0.000000
399 216 0.000000
400 217 0.000000
402 218 0.000000
403 220 0.000000
402 234 0.000000
403 234 1.000000
403 234 0.000000
406 237 0.000000
413 235 0.000000
412 235 0.000000
412 244 0.000000
411 244 0.000000
410 244 0.000000
410 243 0.000000
411 243 0.000000
411 242 0.000000
410 242 0.000000
410 241 0.000000
410 240 0.000000
410 239 0.000000
409 239 0.000000
408 239 0.000000
408 240 0.000000
408 241 0.000000
408 242 0.000000
408 256 0.000000
409 256 0.000000
409 255 0.000000
408 255 0.000000
409 254 0.000000
409 253 0.000000
409 251 0.000000
408 251 0.000000
408 250 0.000000
408 254 0.000000
408 253 0.000000
407 254 0.000000
407 253 0.000000
407 252 0.000000
407 251 0.000000
407 250 0.000000
407 249 0.000000
406 250 0.000000
406 251 0.000000
406 253 0.000000
406 254 0.000000
406 255 0.000000
405 254 0.000000
405 253 0.000000
405 252 0.000000
406 252 0.000000
405 251 0.000000
405 250 0.000000
404 250 0.000000
404 251 0.000000
404 252 0.000000
404 253 0.000000
403 253 0.000000
403 252 0.000000
403 251 0.000000
402 251 0.000000
402 250 0.000000
403 250 0.000000
401 260 1.000000
395 265 1.000000
396 265 1.000000
416 247 0.000000
423 243 0.000000
423 242 0.000000
422 242 0.000000
422 243 0.000000
422 244 0.000000
421 245 0.000000
421 244 0.000000
421 243 0.000000
421 242 0.000000
421 241 0.000000
420 240 0.000000
420 241 0.000000
420 242 0.000000
420 243 0.000000
420 244 0.000000
420 245 0.000000
420 246 0.000000
419 245 0.000000
419 244 0.000000
419 243 0.000000
418 243 0.000000
418 242 0.000000
419 242 0.000000
418 241 0.000000
419 241 0.000000
419 240 0.000000
418 240 0.000000
418 239 0.000000
419 239 0.000000
419 239 1.000000
414 244 0.000000
414 245 0.000000
415 245 0.000000
416 245 0.000000
417 245 0.000000
418 245 0.000000
419 239 0.000000
418 238 0.000000
401 261 0.000000
401 260 0.000000
394 263 1.000000
406 266 0.000000
406 265 0.000000
405 265 0.000000
405 264 0.000000
409 267 0.000000
409 266 0.000000
409 265 0.000000
409 264 0.000000
409 263 0.000000
409 262 0.000000
409 261 0.000000
409 260 0.000000
409 257 0.000000
409 258 0.000000
408 257 0.000000
408 258 0.000000
408 259 0.000000
408 260 0.000000
408 261 0.000000
408 263 0.000000
408 264 0.000000
408 262 0.000000
407 263 0.000000
407 262 0.000000
407 261 0.000000
407 260 0.000000
407 259 0.000000
407 258 0.000000
405 258 0.000000
406 259 0.000000
405 259 0.000000
405 260 0.000000
406 260 0.000000
406 261 0.000000
406 262 0.000000
406 258 0.000000
411 255 0.000000
412 255 0.000000
432 258 0.000000
432 257 0.000000
431 258 0.000000
431 257 0.000000
430 257 0.000000
430 256 0.000000
431 256 0.000000
431 254 0.000000
430 254 0.000000
430 255 0.000000
429 255 0.000000
429 254 0.000000
429 253 0.000000
428 252 0.000000
428 253 0.000000
428 254 0.000000
428 256 1.000000
427 254 0.000000
427 253 0.000000
427 252 0.000000
427 251 0.000000
428 256 0.000000
428 255 0.000000
422 258 1.000000
414 256 0.000000
414 255 0.000000
413 255 0.000000
413 254 0.000000
412 254 0.000000
413 253 0.000000
414 253 0.000000
426 248 0.000000
427 244 1.000000
425 263 0.000000
424 263 0.000000
424 262 0.000000
425 262 0.000000
426 262 0.000000
427 262 0.000000
427 261 0.000000
414 252 0.000000
453 312 0.000000
453 311 0.000000
453 310 0.000000
453 309 0.000000
454 308 0.000000
454 307 0.000000
454 306 0.000000
454 305 0.000000
453 304 0.000000
453 305 0.000000
453 306 0.000000
453 307 0.000000
453 308 0.000000
454 304 0.000000
454 303 0.000000
453 302 0.000000
454 302 0.000000
453 301 0.000000
453 300 0.000000
453 299 0.000000
453 298 0.000000
453 297 0.000000
453 296 0.000000
453 295 0.000000
453 294 0.000000
452 291 1.000000
451 291 1.000000
452 289 1.000000
453 288 0.000000
453 286 0.000000
453 287 0.000000
453 288 1.000000
449 282 0.000000
446 322 0.000000
446 321 0.000000
446 320 0.000000
446 319 0.000000
455 319 1.000000
455 318 1.000000
455 315 1.000000
453 315 1.000000
454 314 0.000000
454 315 0.000000
453 315 0.000000
446 318 0.000000
446 317 0.000000
446 316 0.000000
446 315 0.000000
446 314 0.000000
446 313 0.000000
446 312 0.000000
446 312 1.000000
447 312 0.000000
447 311 0.000000
446 311 0.000000
446 312 0.000000
445 320 0.000000
445 319 0.000000
445 318 0.000000
445 317 0.000000
445 316 0.000000
445 315 0.000000
445 314 0.000000
445 313 0.000000
445 312 0.000000
445 311 0.000000
445 310 0.000000
445 309 0.000000
445 308 0.000000
445 305 0.000000
445 306 0.000000
444 305 0.000000
444 306 0.000000
444 307 0.000000
444 308 0.000000
444 309 0.000000
444 310 0.000000
444 311 0.000000
444 312 0.000000
444 313 0.000000
444 314 0.000000
444 315 0.000000
444 318 0.000000
444 317 0.000000
442 308 0.000000
442 307 0.000000
443 307 0.000000
443 306 0.000000
443 305 0.000000
442 305 0.000000
442 306 0.000000
441 306 0.000000
441 305 0.000000
441 304 0.000000
440 303 0.000000
440 304 0.000000
440 305 0.000000
440 306 0.000000
439 306 0.000000
439 305 0.000000
438 304 0.000000
439 304 0.000000
439 302 0.000000
439 303 0.000000
436 303 0.000000
434 301 0.000000
434 300 0.000000
434 299 0.000000
434 298 0.000000
436 296 0.000000
436 297 0.000000
436 298 0.000000
436 299 0.000000
436 300 0.000000
435 300 0.000000
435 301 0.000000
435 302 0.000000
433 298 0.000000
433 297 0.000000
433 296 0.000000
433 293 0.000000
433 294 0.000000
432 293 0.000000
432 294 0.000000
432 295 0.000000
432 296 0.000000
432 297 0.000000
428 292 0.000000
429 292 0.000000
430 292 0.000000
431 293 0.000000
431 292 0.000000
431 291 0.000000
432 290 0.000000
431 288 0.000000
430 287 0.000000
429 285 0.000000
428 284 0.000000
428 283 0.000000
428 281 0.000000
427 282 0.000000
426 281 0.000000
426 280 0.000000
426 279 0.000000
427 279 0.000000
426 278 0.000000
426 277 0.000000
425 277 0.000000
425 278 0.000000
425 279 0.000000
425 280 0.000000
424 282 0.000000
424 281 0.000000
423 282 0.000000
423 281 0.000000
422 281 0.000000
422 280 0.000000
421 280 0.000000
421 279 0.000000
421 278 0.000000
421 277 0.000000
422 277 0.000000
423 277 0.000000
424 277 0.000000
424 278 0.000000
424 279 0.000000
423 278 0.000000
418 277 0.000000
419 277 0.000000
420 277 0.000000
420 278 0.000000
450 280 0.000000
452 278 0.000000
450 279 0.000000
449 279 0.000000
449 278 0.000000
450 278 0.000000
451 277 0.000000
450 277 0.000000
449 277 0.000000
408 275 1.000000
409 275 1.000000
451 275 0.000000
451 274 0.000000
451 276 0.000000
450 276 0.000000
450 275 0.000000
449 276 0.000000
449 275 0.000000
449 274 0.000000
448 274 0.000000
448 275 0.000000
448 276 0.000000
447 273 0.000000
448 273 0.000000
448 272 0.000000
448 271 0.000000
449 271 0.000000
448 270 0.000000
448 269 0.000000
448 268 0.000000
447 268 0.000000
447 267 0.000000
446 266 0.000000
447 272 0.000000
447 271 0.000000
447 270 0.000000
446 271 0.000000
446 270 0.000000
442 266 0.000000
443 265 0.000000
443 264 0.000000
443 263 0.000000
444 264 0.000000
444 265 0.000000
445 265 0.000000
442 263 0.000000
441 263 0.000000
441 262 0.000000
442 262 0.000000
441 261 0.000000
440 258 0.000000
440 259 0.000000
440 260 0.000000
440 261 0.000000
440 262 0.000000
439 261 0.000000
439 260 0.000000
439 259 0.000000
439 258 0.000000
439 257 0.000000
438 256 0.000000
438 257 0.000000
438 258 0.000000
438 259 0.000000
438 260 0.000000
437 260 0.000000
437 259 0.000000
435 259 0.000000
436 259 0.000000
436 260 0.000000
436 262 0.000000
436 263 0.000000
436 264 0.000000
435 265 0.000000
434 266 0.000000
434 267 0.000000
433 268 0.000000
432 268 0.000000
431 268 0.000000
431 269 0.000000
430 269 0.000000
429 269 0.000000
430 269 1.000000
425 276 0.000000
427 275 0.000000
427 274 0.000000
427 274 1.000000
427 274 0.000000
427 273 0.000000
427 272 0.000000
427 271 0.000000
427 270 0.000000
427 268 0.000000
427 269 0.000000
430 268 0.000000
430 269 0.000000
430 272 0.000000
430 272 1.000000
430 273 0.000000
429 274 0.000000
429 273 0.000000
429 272 0.000000
429 271 0.000000
429 270 0.000000
430 271 0.000000
430 272 0.000000
428 270 0.000000
428 271 0.000000
428 272 0.000000
428 273 0.000000
428 274 0.000000
428 275 0.000000
423 276 0.000000
423 275 0.000000
423 274 0.000000
423 273 0.000000
423 272 0.000000
423 271 0.000000
423 270 0.000000
423 269 0.000000
423 268 0.000000
423 267 0.000000
423 266 0.000000
423 265 0.000000
423 264 0.000000
423 263 0.000000
423 262 0.000000
423 260 0.000000
423 258 0.000000
423 259 0.000000
424 264 0.000000
424 265 0.000000
424 266 0.000000
424 267 0.000000
425 268 0.000000
425 269 0.000000
425 270 0.000000
425 271 0.000000
425 272 0.000000
425 273 0.000000
426 273 0.000000
426 272 0.000000
426 271 0.000000
426 270 0.000000
426 269 0.000000
426 268 0.000000
425 265 0.000000
425 266 0.000000
424 268 0.000000
424 269 0.000000
424 270 0.000000
424 271 0.000000
424 272 0.000000
424 273 0.000000
424 274 0.000000
424 275 0.000000
412 269 0.000000
412 268 0.000000
412 267 0.000000
412 266 0.000000
412 265 0.000000
412 264 0.000000
412 262 0.000000
412 261 0.000000
412 260 0.000000
412 259 0.000000
412 258 0.000000
412 256 0.000000
412 257 0.000000
413 257 0.000000
413 258 0.000000
410 268 0.000000
410 268 1.000000
410 267 0.000000
410 268 0.000000
410 265 0.000000
410 264 0.000000
410 263 0.000000
410 262 0.000000
410 261 0.000000
410 260 0.000000
410 259 0.000000
410 258 0.000000
410 257 0.000000
410 256 0.000000
411 256 0.000000
411 257 0.000000
411 258 0.000000
411 259 0.000000
411 260 0.000000
411 268 0.000000
411 267 0.000000
411 266 0.000000
411 265 0.000000
411 264 0.000000
411 263 0.000000
411 262 0.000000
413 270 0.000000
413 269 0.000000
413 267 0.000000
413 266 0.000000
413 265 0.000000
413 264 0.000000
413 263 0.000000
413 262 0.000000
413 261 0.000000
413 260 0.000000
413 259 0.000000
414 257 0.000000
414 258 0.000000
414 259 0.000000
414 260 0.000000
414 261 0.000000
414 262 0.000000
414 263 0.000000
414 264 0.000000
414 265 0.000000
414 266 0.000000
414 267 0.000000
414 268 0.000000
414 270 0.000000
415 271 0.000000
415 270 0.000000
415 269 0.000000
415 267 0.000000
415 266 0.000000
415 265 0.000000
415 264 0.000000
415 263 0.000000
415 262 0.000000
415 261 0.000000
415 260 0.000000
415 259 0.000000
415 258 0.000000
415 257 0.000000
415 256 0.000000
416 256 0.000000
416 257 0.000000
416 259 0.000000
416 258 0.000000
416 260 0.000000
416 262 0.000000
416 262 1.000000
416 263 0.000000
416 261 0.000000
416 262 0.000000
416 264 0.000000
416 265 0.000000
416 266 0.000000
416 267 0.000000
416 268 0.000000
416 269 0.000000
414 269 0.000000
416 270 0.000000
416 273 0.000000
416 272 0.000000
416 271 0.000000
417 276 0.000000
417 275 0.000000
417 274 0.000000
417 273 0.000000
417 272 0.000000
417 271 0.000000
417 270 0.000000
417 269 0.000000
417 268 0.000000
417 267 0.000000
417 266 0.000000
417 265 0.000000
417 264 0.000000
417 263 0.000000
417 262 0.000000
417 261 0.000000
417 260 0.000000
417 259 0.000000
417 258 0.000000
418 258 0.000000
418 259 0.000000
418 260 0.000000
418 261 0.000000
418 262 0.000000
418 263 0.000000
418 264 0.000000
418 265 0.000000
418 266 0.000000
418 267 0.000000
418 269 0.000000
418 270 0.000000
418 268 0.000000
418 271 0.000000
418 272 0.000000
418 273 0.000000
418 274 0.000000
418 275 0.000000
418 276 0.000000
419 276 0.000000
419 275 0.000000
419 274 0.000000
419 273 0.000000
419 272 0.000000
419 271 0.000000
419 270 0.000000
419 269 0.000000
419 268 0.000000
419 267 0.000000
419 266 0.000000
419 265 0.000000
419 264 0.000000
419 263 0.000000
419 262 0.000000
419 261 0.000000
419 260 0.000000
419 259 0.000000
419 258 0.000000
420 259 0.000000
420 260 0.000000
420 261 0.000000
420 262 0.000000
420 263 0.000000
420 264 0.000000
420 265 0.000000
420 266 0.000000
420 267 0.000000
420 269 0.000000
420 270 0.000000
420 271 0.000000
420 272 0.000000
420 273 0.000000
420 274 0.000000
420 275 0.000000
420 276 0.000000
421 276 0.000000
421 275 0.000000
421 274 0.000000
421 273 0.000000
421 272 0.000000
421 271 0.000000
421 270 0.000000
421 269 0.000000
421 268 0.000000
420 268 0.000000
422 258 0.000000
422 259 0.000000
422 260 0.000000
422 262 0.000000
422 262 1.000000
422 264 0.000000
422 265 0.000000
422 266 0.000000
422 268 0.000000
422 269 0.000000
422 270 0.000000
422 271 0.000000
422 272 0.000000
422 273 0.000000
422 274 0.000000
421 275 1.000000
422 276 0.000000
422 275 0.000000
421 275 0.000000
421 267 0.000000
422 267 0.000000
421 266 0.000000
421 265 0.000000
421 264 0.000000
421 263 0.000000
422 263 0.000000
422 262 0.000000
421 262 0.000000
421 261 0.000000
422 261 0.000000
421 260 0.000000
421 259 0.000000
444 398 0.000000
442 397 0.000000
446 390 0.000000
446 387 0.000000
447 389 0.000000
478 326 0.000000
460 355 0.000000
460 354 0.000000
460 353 0.000000
460 352 0.000000
457 338 0.000000
456 337 0.000000
456 336 0.000000
445 351 0.000000
446 351 0.000000
457 357 0.000000
447 351 0.000000
457 341 1.000000
457 340 1.000000
456 342 1.000000
456 341 1.000000
454 341 1.000000
454 340 1.000000
453 339 1.000000
453 338 1.000000
452 338 1.000000
451 338 1.000000
450 338 1.000000
449 338 1.000000
448 338 1.000000
450 337 1.000000
451 337 1.000000
452 337 1.000000
453 337 1.000000
450 344 1.000000
450 343 1.000000
450 341 1.000000
450 339 1.000000
450 340 1.000000
450 342 1.000000
449 342 1.000000
449 341 1.000000
449 340 1.000000
449 339 1.000000
448 339 1.000000
448 340 1.000000
448 341 1.000000
448 342 1.000000
451 343 1.000000
452 342 1.000000
453 341 1.000000
453 340 1.000000
452 340 1.000000
452 341 1.000000
451 342 1.000000
451 341 1.000000
451 340 1.000000
451 339 1.000000
452 339 1.000000
455 341 1.000000
455 340 1.000000
455 339 1.000000
454 339 1.000000
454 338 1.000000
453 342 1.000000
454 342 1.000000
452 343 1.000000
458 342 1.000000
456 342 0.000000
455 342 1.000000
457 340 0.000000
457 340 1.000000
456 341 0.000000
444 338 0.000000
445 338 0.000000
447 338 0.000000
448 338 0.000000
447 338 1.000000
445 339 0.000000
446 339 0.000000
446 338 0.000000
447 338 0.000000
447 339 0.000000
445 339 1.000000
449 338 0.000000
450 337 0.000000
446 339 1.000000
447 339 1.000000
456 341 1.000000
456 340 1.000000
451 348 1.000000
452 348 1.000000
451 347 1.000000
450 348 1.000000
452 348 0.000000
398 231 1.000000
478 327 0.000000
478 326 1.000000
478 327 1.000000
453 401 1.000000
453 397 1.000000
455 404 0.000000
455 403 0.000000
455 397 0.000000
455 396 0.000000
457 390 1.000000
447 388 0.000000
444 395 0.000000
442 400 0.000000
442 399 0.000000
439 407 1.000000
439 405 1.000000
441 408 0.000000
441 407 0.000000
441 406 0.000000
441 405 0.000000
450 419 0.000000
450 418 0.000000
449 418 0.000000
449 417 0.000000
448 417 0.000000
448 419 1.000000
447 419 1.000000
445 411 0.000000
455 407 0.000000
446 390 0.000000
447 389 0.000000
447 386 0.000000
448 386 1.000000
448 386 0.000000
448 388 0.000000
443 397 0.000000
443 396 0.000000
444 398 0.000000
442 397 0.000000
439 400 0.000000
440 400 1.000000
439 400 1.000000
432 348 0.000000
433 348 0.000000
431 346 0.000000
432 346 0.000000
433 347 0.000000
433 345 0.000000
433 346 0.000000
433 338 0.000000
434 339 0.000000
435 340 0.000000
439 339 1.000000
440 339 1.000000
442 332 0.000000
444 332 1.000000
447 332 0.000000
447 331 0.000000
460 355 0.000000
461 352 0.000000
460 354 0.000000
460 353 0.000000
460 352 0.000000
459 352 0.000000
459 351 0.000000
459 350 0.000000
459 349 0.000000
459 348 0.000000
459 347 0.000000
461 351 0.000000
461 350 0.000000
458 340 0.000000
459 341 0.000000
459 342 0.000000
458 341 0.000000
459 339 1.000000
460 342 0.000000
460 344 1.000000
460 344 0.000000
460 343 0.000000
445 351 0.000000
446 351 0.000000
448 351 0.000000
447 351 0.000000
441 351 0.000000
444 352 0.000000
457 357 0.000000
455 336 1.000000
454 334 0.000000
454 333 0.000000
452 332 0.000000
451 332 0.000000
443 332 0.000000
444 332 0.000000
444 333 1.000000
448 333 0.000000
450 333 0.000000
449 333 0.000000
445 333 1.000000
456 335 0.000000
456 334 0.000000
456 333 0.000000
457 335 0.000000
457 334 0.000000
456 332 0.000000
456 331 0.000000
456 330 0.000000
455 331 0.000000
457 335 1.000000
457 334 1.000000
456 338 0.000000
442 325 0.000000
443 325 0.000000
444 326 0.000000
444 327 0.000000
444 328 0.000000
444 329 0.000000
445 329 0.000000
455 328 0.000000
455 327 0.000000
455 326 0.000000
455 325 0.000000
455 324 0.000000
445 326 0.000000
446 326 0.000000
447 326 0.000000
445 325 0.000000
446 325 0.000000
445 324 0.000000
446 324 0.000000
447 324 0.000000
445 323 0.000000
446 323 0.000000
446 322 0.000000
446 321 0.000000
446 320 0.000000
446 319 0.000000
446 318 0.000000
446 317 0.000000
446 316 0.000000
446 315 0.000000
446 314 0.000000
446 313 0.000000
446 312 0.000000
446 311 0.000000
447 311 0.000000
447 312 0.000000
445 320 0.000000
445 320 1.000000
455 323 0.000000
455 322 0.000000
455 321 0.000000
455 320 0.000000
449 323 0.000000
448 323 0.000000
447 323 0.000000
438 304 0.000000
439 302 0.000000
439 303 0.000000
439 304 0.000000
439 305 0.000000
439 306 0.000000
440 306 0.000000
440 305 0.000000
440 304 0.000000
440 303 0.000000
441 304 0.000000
441 305 0.000000
441 306 0.000000
442 305 0.000000
442 306 0.000000
442 307 0.000000
442 307 1.000000
442 308 0.000000
442 307 0.000000
443 308 0.000000
443 307 0.000000
443 306 0.000000
443 305 0.000000
444 305 0.000000
444 306 0.000000
444 307 0.000000
444 308 0.000000
444 309 0.000000
444 310 0.000000
444 311 0.000000
444 312 0.000000
444 313 0.000000
444 314 0.000000
444 315 0.000000
444 317 0.000000
444 318 0.000000
445 320 0.000000
445 319 0.000000
445 319 1.000000
445 317 0.000000
445 319 0.000000
445 318 0.000000
445 316 0.000000
445 315 0.000000
445 314 0.000000
445 313 0.000000
445 311 0.000000
445 310 0.000000
445 309 0.000000
445 308 0.000000
445 306 0.000000
445 305 0.000000
445 312 0.000000
436 303 0.000000
435 302 0.000000
435 301 0.000000
435 300 0.000000
436 300 0.000000
436 298 0.000000
436 297 0.000000
436 296 0.000000
436 299 0.000000
434 301 0.000000
434 300 0.000000
434 299 0.000000
434 298 0.000000
433 299 0.000000
433 298 0.000000
433 297 0.000000
433 296 0.000000
433 294 0.000000
433 293 0.000000
431 291 0.000000
432 290 0.000000
431 292 0.000000
431 293 0.000000
429 292 0.000000
430 292 0.000000
430 292 1.000000
431 297 0.000000
432 297 0.000000
432 296 0.000000
432 295 0.000000
432 294 0.000000
432 293 0.000000
430 292 0.000000
453 294 0.000000
453 296 0.000000
453 296 1.000000
453 295 0.000000
453 297 0.000000
453 296 0.000000
453 298 0.000000
453 299 0.000000
453 300 0.000000
453 301 0.000000
453 302 0.000000
454 303 0.000000
454 306 0.000000
454 305 0.000000
454 304 0.000000
453 304 0.000000
453 305 0.000000
453 312 0.000000
453 311 0.000000
453 310 0.000000
453 309 0.000000
453 308 0.000000
453 307 0.000000
454 307 0.000000
453 306 0.000000
455 315 1.000000
454 319 0.000000
454 318 0.000000
454 317 0.000000
454 316 0.000000
454 315 0.000000
454 314 0.000000
454 302 0.000000
431 288 0.000000
451 290 0.000000
453 287 0.000000
453 286 0.000000
459 295 0.000000
422 281 0.000000
422 280 0.000000
422 277 0.000000
422 276 0.000000
422 275 0.000000
422 274 0.000000
422 273 0.000000
422 272 0.000000
422 271 0.000000
422 270 0.000000
422 269 0.000000
422 268 0.000000
422 267 0.000000
422 266 0.000000
422 265 0.000000
422 264 0.000000
422 263 0.000000
422 262 0.000000
422 261 0.000000
422 260 0.000000
422 259 0.000000
423 258 0.000000
423 259 0.000000
423 260 0.000000
423 262 0.000000
423 263 0.000000
424 264 0.000000
423 265 0.000000
423 267 0.000000
423 268 0.000000
423 269 0.000000
423 270 0.000000
423 271 0.000000
423 272 0.000000
423 273 0.000000
423 274 0.000000
423 276 0.000000
423 278 0.000000
423 283 1.000000
424 282 0.000000
423 283 0.000000
423 282 0.000000
423 281 0.000000
424 281 0.000000
424 278 0.000000
424 277 0.000000
424 276 0.000000
424 275 0.000000
424 274 0.000000
424 273 0.000000
424 272 0.000000
424 271 0.000000
424 270 0.000000
424 269 0.000000
424 268 0.000000
424 267 0.000000
424 266 0.000000
424 265 0.000000
425 261 0.000000
425 262 0.000000
425 263 0.000000
425 264 0.000000
425 265 0.000000
425 266 0.000000
425 268 0.000000
425 269 0.000000
425 270 0.000000
425 271 0.000000
425 272 0.000000
425 273 0.000000
430 287 0.000000
429 285 0.000000
429 283 0.000000
428 284 0.000000
428 283 0.000000
428 281 0.000000
427 282 0.000000
427 279 0.000000
427 280 0.000000
427 278 0.000000
427 277 0.000000
426 281 0.000000
426 280 0.000000
426 279 0.000000
426 278 0.000000
426 277 0.000000
425 276 0.000000
425 277 0.000000
425 278 0.000000
425 279 0.000000
425 280 0.000000
425 280 1.000000
408 275 1.000000
400 261 0.000000
401 261 0.000000
403 259 0.000000
403 260 0.000000
403 261 0.000000
404 262 0.000000
404 261 0.000000
404 260 0.000000
404 259 0.000000
405 258 0.000000
405 259 0.000000
405 260 0.000000
405 261 0.000000
405 262 0.000000
405 263 0.000000
405 264 0.000000
405 265 0.000000
406 266 0.000000
406 265 0.000000
406 264 0.000000
406 263 0.000000
406 262 0.000000
406 261 0.000000
406 260 0.000000
406 259 0.000000
406 258 0.000000
407 258 0.000000
407 259 0.000000
407 260 0.000000
407 261 0.000000
407 262 0.000000
407 263 0.000000
407 264 0.000000
407 265 0.000000
408 267 0.000000
408 266 0.000000
408 265 0.000000
408 264 0.000000
408 263 0.000000
408 262 0.000000
408 261 0.000000
408 260 0.000000
408 259 0.000000
408 258 0.000000
409 258 0.000000
409 259 1.000000
409 261 0.000000
409 262 0.000000
409 263 0.000000
409 264 0.000000
409 265 0.000000
409 266 0.000000
409 267 0.000000
409 268 0.000000
410 268 0.000000
410 267 0.000000
410 265 0.000000
410 264 0.000000
410 263 0.000000
410 262 0.000000
410 261 0.000000
410 260 0.000000
409 260 0.000000
409 259 0.000000
410 259 0.000000
410 258 0.000000
411 269 0.000000
411 268 0.000000
411 267 0.000000
411 265 0.000000
411 266 0.000000
411 264 0.000000
411 263 0.000000
411 262 0.000000
411 260 0.000000
411 259 0.000000
411 258 0.000000
412 270 0.000000
412 269 0.000000
412 268 0.000000
412 267 0.000000
412 266 0.000000
412 265 0.000000
412 264 0.000000
412 261 0.000000
412 262 0.000000
412 260 0.000000
412 259 0.000000
412 258 0.000000
413 271 0.000000
413 270 0.000000
413 269 0.000000
413 267 0.000000
413 266 0.000000
413 265 0.000000
413 264 0.000000
413 264 1.000000
413 262 0.000000
413 264 0.000000
413 263 0.000000
413 261 0.000000
413 260 0.000000
413 259 0.000000
413 258 0.000000
414 258 0.000000
414 259 0.000000
414 260 0.000000
414 261 0.000000
414 262 0.000000
414 263 0.000000
414 264 0.000000
414 265 0.000000
414 266 0.000000
414 267 0.000000
414 267 1.000000
414 269 0.000000
414 268 0.000000
414 267 0.000000
414 272 0.000000
414 271 0.000000
414 270 0.000000
415 272 0.000000
415 271 0.000000
415 270 0.000000
415 269 0.000000
415 267 0.000000
415 266 0.000000
415 265 0.000000
415 264 0.000000
415 263 0.000000
415 262 0.000000
415 261 0.000000
415 260 0.000000
415 259 0.000000
415 258 0.000000
416 258 0.000000
416 259 0.000000
416 260 0.000000
416 261 0.000000
416 262 0.000000
416 263 0.000000
416 264 0.000000
416 265 0.000000
416 266 0.000000
416 267 0.000000
416 268 0.000000
416 269 0.000000
416 270 0.000000
416 271 0.000000
416 272 0.000000
416 273 0.000000
417 276 0.000000
417 275 0.000000
417 274 0.000000
417 273 0.000000
417 272 0.000000
417 271 0.000000
417 270 0.000000
417 269 0.000000
417 268 0.000000
417 267 0.000000
417 266 0.000000
417 265 0.000000
417 264 0.000000
417 263 0.000000
417 262 0.000000
417 261 0.000000
417 260 0.000000
417 260 1.000000
417 259 0.000000
417 260 0.000000
417 258 0.000000
421 280 0.000000
425 280 0.000000
424 279 0.000000
423 277 0.000000
423 275 0.000000
421 279 0.000000
421 278 0.000000
421 277 0.000000
421 276 0.000000
421 275 0.000000
421 274 0.000000
421 273 0.000000
421 272 0.000000
421 271 0.000000
421 270 0.000000
421 269 0.000000
421 268 0.000000
421 267 0.000000
421 266 0.000000
421 265 0.000000
421 264 0.000000
421 263 0.000000
421 262 0.000000
421 261 0.000000
421 260 0.000000
421 259 0.000000
420 259 0.000000
420 260 0.000000
420 261 0.000000
420 263 0.000000
420 262 0.000000
420 264 0.000000
420 265 0.000000
420 266 0.000000
420 267 0.000000
420 268 0.000000
420 270 0.000000
420 271 0.000000
420 272 0.000000
420 273 0.000000
420 275 0.000000
420 275 1.000000
420 277 0.000000
420 278 0.000000
420 276 0.000000
420 274 0.000000
419 274 0.000000
419 277 0.000000
418 277 0.000000
418 276 0.000000
418 275 0.000000
418 274 0.000000
418 273 0.000000
418 272 0.000000
418 271 0.000000
418 270 0.000000
418 269 0.000000
418 268 0.000000
418 267 0.000000
418 266 0.000000
418 265 0.000000
418 264 0.000000
418 263 0.000000
418 262 0.000000
418 261 0.000000
418 260 0.000000
418 259 0.000000
418 258 0.000000
419 258 0.000000
419 259 0.000000
419 260 0.000000
419 261 0.000000
419 263 0.000000
419 263 1.000000
419 265 0.000000
419 266 0.000000
419 267 0.000000
419 268 0.000000
419 269 0.000000
420 269 0.000000
419 270 0.000000
419 271 0.000000
419 272 0.000000
419 273 0.000000
420 275 0.000000
419 275 0.000000
419 276 0.000000
417 286 1.000000
417 286 0.000000
417 285 0.000000
419 264 0.000000
419 263 0.000000
419 262 0.000000
423 264 0.000000
423 266 0.000000
431 261 0.000000
432 263 0.000000
432 264 0.000000
436 262 0.000000
436 263 0.000000
436 264 0.000000
435 264 0.000000
435 265 0.000000
435 266 0.000000
434 266 0.000000
434 267 0.000000
433 268 0.000000
432 268 0.000000
431 268 0.000000
431 269 0.000000
430 269 0.000000
430 271 0.000000
430 272 0.000000
430 273 0.000000
430 274 0.000000
429 275 0.000000
429 274 0.000000
429 273 0.000000
429 272 0.000000
429 271 0.000000
429 270 0.000000
429 269 0.000000
430 268 0.000000
430 270 0.000000
428 269 0.000000
428 270 0.000000
428 271 0.000000
428 272 0.000000
428 273 0.000000
428 275 0.000000
428 274 0.000000
427 275 0.000000
427 274 0.000000
427 273 0.000000
427 272 0.000000
427 271 0.000000
427 270 0.000000
427 269 0.000000
427 268 0.000000
427 267 0.000000
426 268 0.000000
426 269 0.000000
426 270 0.000000
426 271 0.000000
426 272 0.000000
426 273 0.000000
424 263 0.000000
424 262 0.000000
426 262 0.000000
426 261 0.000000
427 261 0.000000
427 262 0.000000
428 262 0.000000
431 258 0.000000
432 258 0.000000
433 258 0.000000
450 282 0.000000
449 282 0.000000
451 275 0.000000
451 276 0.000000
452 283 0.000000
452 282 0.000000
452 279 0.000000
452 278 0.000000
450 280 0.000000
450 279 0.000000
450 278 0.000000
450 277 0.000000
450 276 0.000000
450 275 0.000000
451 277 0.000000
449 279 0.000000
449 278 0.000000
449 277 0.000000
449 276 0.000000
449 275 0.000000
449 274 0.000000
449 271 0.000000
448 277 0.000000
448 276 0.000000
448 275 0.000000
448 274 0.000000
448 273 0.000000
448 272 0.000000
448 271 0.000000
448 270 0.000000
448 269 0.000000
448 268 0.000000
448 268 1.000000
447 274 0.000000
447 273 0.000000
447 272 0.000000
447 271 0.000000
446 271 0.000000
446 270 0.000000
447 270 0.000000
448 268 0.000000
447 268 0.000000
447 267 0.000000
446 265 0.000000
446 266 0.000000
445 266 0.000000
445 265 0.000000
442 266 0.000000
443 265 0.000000
443 264 0.000000
443 263 0.000000
444 263 0.000000
444 264 0.000000
444 265 0.000000
442 263 0.000000
442 262 0.000000
441 263 0.000000
441 262 0.000000
441 261 0.000000
440 262 0.000000
440 261 0.000000
440 260 0.000000
440 259 0.000000
440 258 0.000000
439 258 0.000000
439 259 0.000000
439 260 0.000000
439 261 0.000000
438 260 0.000000
438 259 0.000000
438 258 0.000000
437 259 0.000000
437 260 0.000000
436 260 0.000000
436 259 0.000000
435 259 0.000000
434 259 0.000000
382 205 0.000000
382 204 0.000000
402 234 0.000000
406 237 0.000000
401 233 0.000000
408 240 0.000000
409 240 0.000000
410 240 0.000000
410 239 0.000000
410 238 0.000000
410 237 0.000000
410 236 0.000000
410 235 0.000000
410 234 0.000000
411 234 0.000000
413 235 0.000000
412 235 0.000000
412 234 0.000000
412 236 0.000000
411 237 0.000000
411 236 0.000000
411 235 0.000000
411 235 1.000000
408 239 0.000000
409 239 0.000000
409 238 0.000000
409 237 0.000000
409 236 0.000000
409 235 0.000000
411 235 0.000000
414 239 0.000000
413 240 0.000000
420 240 0.000000
420 240 1.000000
418 240 0.000000
419 240 0.000000
420 240 0.000000
419 239 0.000000
418 239 0.000000
418 238 0.000000
397 214 0.000000
398 215 0.000000
399 216 0.000000
400 217 0.000000
402 218 0.000000
403 219 0.000000
403 220 0.000000
402 257 0.000000
402 256 0.000000
402 255 0.000000
402 254 0.000000
402 253 0.000000
402 252 0.000000
402 251 0.000000
402 250 0.000000
402 249 0.000000
402 248 0.000000
402 247 0.000000
401 249 0.000000
401 250 0.000000
404 255 0.000000
404 254 0.000000
404 253 0.000000
404 252 0.000000
404 251 0.000000
404 250 0.000000
404 249 0.000000
404 248 0.000000
403 248 0.000000
403 249 0.000000
403 250 0.000000
403 251 0.000000
403 252 0.000000
403 253 0.000000
403 255 0.000000
403 254 0.000000
406 255 0.000000
408 257 0.000000
408 256 0.000000
408 255 0.000000
408 254 0.000000
408 253 0.000000
408 251 0.000000
408 250 0.000000
407 249 0.000000
407 250 0.000000
407 251 0.000000
407 252 0.000000
407 253 0.000000
407 254 0.000000
407 257 0.000000
406 257 0.000000
406 254 0.000000
405 254 0.000000
405 253 0.000000
406 253 0.000000
406 252 0.000000
405 252 0.000000
405 251 0.000000
406 251 0.000000
406 250 0.000000
405 250 0.000000
405 249 0.000000
405 248 0.000000
413 241 0.000000
413 243 0.000000
413 244 0.000000
413 245 0.000000
413 247 0.000000
412 248 0.000000
412 247 0.000000
412 246 0.000000
412 245 0.000000
412 244 0.000000
412 243 0.000000
412 242 0.000000
411 242 0.000000
411 243 0.000000
411 244 0.000000
411 245 0.000000
411 246 0.000000
411 247 0.000000
409 245 0.000000
410 245 0.000000
408 241 0.000000
408 242 0.000000
409 242 0.000000
409 241 0.000000
410 241 0.000000
410 242 0.000000
410 243 0.000000
410 244 0.000000
410 244 1.000000
410 244 0.000000
409 243 0.000000
420 247 0.000000
420 246 0.000000
420 245 0.000000
420 244 0.000000
420 243 0.000000
420 242 0.000000
420 241 0.000000
419 241 0.000000
419 242 0.000000
419 243 0.000000
419 244 0.000000
419 245 0.000000
419 247 0.000000
418 247 0.000000
418 247 1.000000
418 245 0.000000
418 247 0.000000
417 245 0.000000
417 245 1.000000
414 247 0.000000
415 247 0.000000
416 247 0.000000
416 246 0.000000
415 246 0.000000
414 246 0.000000
414 245 0.000000
415 245 0.000000
417 245 0.000000
418 243 0.000000
418 242 0.000000
418 241 0.000000
415 242 0.000000
415 243 0.000000
415 244 0.000000
416 244 0.000000
416 245 0.000000
416 245 1.000000
414 242 0.000000
414 243 0.000000
414 244 0.000000
416 245 0.000000
423 242 0.000000
423 243 0.000000
425 244 0.000000
422 245 0.000000
422 244 0.000000
422 243 0.000000
422 242 0.000000
422 241 0.000000
421 241 0.000000
421 242 0.000000
421 243 0.000000
421 244 0.000000
421 245 0.000000
418 257 0.000000
419 253 0.000000
419 252 0.000000
417 251 0.000000
414 252 0.000000
414 253 0.000000
413 253 0.000000
413 254 0.000000
413 255 0.000000
413 257 0.000000
414 257 0.000000
414 256 0.000000
415 256 0.000000
415 257 0.000000
416 257 0.000000
416 256 0.000000
416 256 1.000000
409 257 0.000000
410 257 0.000000
411 257 0.000000
412 257 0.000000
412 256 0.000000
411 256 0.000000
410 256 0.000000
409 256 0.000000
409 255 0.000000
409 254 0.000000
409 253 0.000000
409 252 0.000000
409 251 0.000000
412 251 0.000000
411 252 0.000000
410 253 0.000000
412 253 0.000000
412 254 0.000000
412 255 0.000000
411 255 0.000000
414 255 0.000000
416 256 0.000000
428 254 0.000000
427 254 0.000000
427 251 0.000000
428 252 0.000000
428 253 0.000000
427 253 0.000000
427 252 0.000000
426 248 0.000000
427 244 1.000000
426 246 0.000000
426 245 0.000000
430 254 0.000000
429 253 0.000000
432 257 0.000000
431 257 0.000000
430 257 0.000000
431 256 0.000000
430 256 0.000000
430 255 0.000000
429 254 0.000000
429 255 0.000000
429 256 0.000000
428 257 0.000000
428 256 0.000000
428 255 0.000000
459 295 1.000000
455 338 1.000000
455 338 0.000000
457 338 0.000000
457 338 1.000000
458 339 0.000000
458 339 1.000000
458 339 0.000000
458 339 1.000000
458 339 0.000000
458 339 1.000000
458 339 0.000000
458 339 1.000000
458 339 0.000000
458 339 1.000000
458 339 0.000000
458 339 1.000000
458 339 0.000000
458 339 1.000000
458 339 0.000000
458 339 1.000000
457 339 1.000000
457 339 0.000000
458 339 0.000000
458 339 1.000000
463 334 0.000000
463 334 1.000000
457 338 0.000000
457 338 1.000000
458 339 0.000000
458 339 1.000000
457 338 0.000000
457 338 1.000000
441 408 0.000000
441 407 0.000000
441 406 0.000000
441 405 0.000000
453 401 1.000000
453 397 1.000000
455 397 0.000000
455 396 0.000000
455 404 0.000000
455 403 0.000000
455 407 0.000000
457 390 1.000000
444 389 0.000000
445 388 0.000000
446 387 0.000000
447 386 0.000000
447 388 0.000000
445 395 1.000000
444 399 0.000000
445 398 0.000000
444 398 0.000000
445 395 0.000000
444 395 0.000000
439 407 1.000000
439 405 1.000000
440 400 1.000000
442 400 0.000000
442 399 0.000000
449 420 0.000000
450 419 0.000000
450 418 0.000000
447 419 1.000000
448 418 0.000000
449 418 0.000000
449 418 1.000000
449 418 0.000000
449 417 0.000000
448 417 0.000000
448 419 1.000000
448 418 1.000000
445 411 0.000000
433 348 0.000000
432 348 0.000000
432 346 0.000000
431 346 0.000000
433 347 0.000000
441 351 0.000000
440 339 1.000000
439 339 1.000000
435 340 0.000000
434 339 0.000000
433 337 1.000000
433 338 0.000000
442 333 0.000000
444 333 1.000000
442 332 0.000000
442 332 1.000000
447 332 0.000000
447 331 0.000000
442 332 0.000000
442 333 1.000000
444 333 0.000000
449 333 0.000000
448 333 0.000000
446 334 0.000000
447 334 0.000000
448 334 0.000000
445 334 0.000000
443 332 0.000000
442 333 0.000000
443 333 0.000000
452 333 0.000000
454 334 0.000000
454 335 0.000000
453 334 0.000000
454 333 0.000000
453 333 0.000000
451 332 0.000000
451 332 1.000000
451 332 0.000000
452 332 0.000000
442 325 0.000000
443 325 0.000000
444 326 0.000000
444 327 0.000000
444 329 0.000000
444 329 1.000000
445 329 0.000000
444 329 0.000000
444 328 0.000000
445 326 0.000000
445 325 0.000000
445 324 0.000000
445 323 0.000000
446 322 0.000000
446 323 0.000000
446 324 0.000000
446 325 0.000000
446 326 0.000000
447 326 0.000000
447 326 1.000000
447 326 0.000000
447 324 0.000000
447 323 0.000000
448 323 0.000000
449 323 0.000000
455 322 0.000000
455 323 0.000000
455 324 0.000000
455 326 0.000000
455 325 0.000000
455 327 0.000000
455 328 0.000000
455 331 0.000000
458 340 0.000000
458 341 0.000000
459 340 1.000000
459 339 1.000000
460 354 0.000000
460 353 0.000000
460 352 0.000000
459 352 0.000000
459 351 0.000000
459 350 0.000000
459 349 0.000000
459 348 0.000000
459 347 0.000000
461 352 0.000000
461 351 0.000000
461 350 0.000000
460 355 0.000000
457 357 0.000000
452 340 1.000000
455 338 1.000000
453 340 1.000000
454 339 1.000000
456 336 0.000000
457 336 0.000000
457 335 0.000000
456 335 0.000000
456 334 0.000000
456 333 0.000000
456 332 0.000000
456 331 0.000000
456 330 0.000000
455 339 1.000000
445 351 0.000000
446 351 0.000000
448 351 0.000000
447 351 0.000000
443 350 0.000000
431 347 0.000000
432 349 0.000000
434 351 1.000000
433 351 0.000000
434 351 0.000000
454 315 0.000000
454 314 0.000000
453 312 0.000000
453 311 0.000000
453 310 0.000000
453 309 0.000000
453 308 0.000000
454 308 0.000000
454 307 0.000000
453 307 0.000000
453 306 0.000000
454 306 0.000000
454 305 0.000000
453 305 0.000000
453 304 0.000000
454 304 0.000000
453 302 0.000000
453 301 0.000000
454 303 0.000000
454 302 0.000000
454 301 0.000000
453 300 0.000000
453 299 0.000000
453 298 0.000000
453 297 0.000000
453 296 0.000000
453 295 0.000000
453 294 0.000000
452 292 0.000000
452 291 0.000000
451 290 0.000000
452 290 0.000000
429 292 0.000000
430 292 0.000000
430 291 1.000000
431 288 0.000000
432 290 0.000000
431 291 0.000000
431 292 0.000000
431 293 0.000000
430 291 0.000000
431 297 0.000000
432 297 0.000000
432 296 0.000000
432 295 0.000000
432 294 0.000000
432 293 0.000000
433 293 0.000000
433 294 0.000000
433 296 0.000000
433 297 0.000000
433 298 0.000000
433 299 0.000000
434 302 1.000000
434 300 0.000000
434 299 0.000000
434 298 0.000000
434 302 0.000000
435 302 0.000000
434 301 0.000000
435 301 0.000000
435 300 0.000000
436 300 0.000000
436 299 0.000000
436 298 0.000000
436 297 0.000000
436 296 0.000000
436 303 0.000000
438 304 0.000000
439 306 0.000000
439 305 0.000000
439 304 0.000000
439 304 1.000000
439 302 0.000000
439 303 0.000000
439 304 0.000000
440 306 0.000000
440 305 0.000000
440 304 0.000000
440 303 0.000000
441 306 0.000000
441 305 0.000000
441 304 0.000000
442 308 0.000000
442 307 0.000000
442 306 0.000000
442 305 0.000000
446 321 0.000000
446 320 0.000000
446 319 0.000000
446 318 0.000000
446 317 0.000000
446 316 0.000000
446 315 0.000000
446 314 0.000000
446 313 0.000000
446 312 0.000000
448 312 1.000000
447 311 0.000000
446 311 0.000000
446 311 1.000000
448 312 0.000000
447 312 0.000000
446 311 0.000000
445 305 0.000000
444 305 0.000000
444 306 0.000000
444 307 0.000000
444 308 0.000000
444 309 0.000000
445 320 0.000000
445 319 0.000000
445 318 0.000000
445 317 0.000000
445 316 0.000000
445 315 0.000000
445 314 0.000000
445 313 0.000000
445 312 0.000000
445 311 0.000000
445 310 0.000000
445 309 0.000000
445 308 0.000000
445 306 0.000000
443 305 0.000000
443 306 0.000000
443 307 0.000000
443 308 0.000000
444 311 0.000000
444 311 1.000000
444 313 0.000000
444 314 0.000000
444 315 0.000000
444 317 0.000000
444 318 0.000000
444 312 0.000000
444 311 0.000000
444 310 0.000000
455 315 1.000000
455 319 1.000000
455 318 1.000000
403 220 0.000000
403 219 0.000000
402 218 0.000000
401 217 0.000000
400 217 0.000000
399 216 0.000000
399 216 1.000000
397 214 0.000000
398 215 0.000000
399 216 0.000000
402 234 0.000000
401 233 0.000000
406 237 0.000000
412 248 0.000000
412 247 0.000000
412 246 0.000000
412 245 0.000000
412 244 0.000000
412 243 0.000000
412 242 0.000000
411 242 0.000000
411 243 0.000000
411 244 0.000000
411 245 0.000000
411 246 0.000000
411 247 0.000000
410 245 0.000000
409 245 0.000000
410 244 0.000000
410 243 0.000000
410 242 0.000000
410 241 0.000000
410 240 0.000000
410 239 0.000000
410 238 0.000000
410 237 0.000000
410 236 0.000000
410 235 0.000000
410 234 0.000000
411 234 0.000000
411 235 0.000000
411 236 0.000000
411 237 0.000000
411 237 1.000000
413 235 0.000000
412 236 0.000000
412 235 0.000000
412 234 0.000000
411 237 0.000000
409 235 0.000000
409 236 0.000000
409 237 0.000000
409 238 0.000000
409 239 0.000000
408 239 0.000000
408 240 0.000000
409 240 0.000000
409 241 0.000000
408 241 0.000000
408 242 0.000000
408 242 1.000000
409 243 0.000000
408 242 0.000000
409 242 0.000000
416 247 0.000000
416 246 0.000000
416 245 0.000000
416 244 0.000000
415 242 0.000000
415 243 0.000000
415 244 0.000000
415 245 0.000000
415 246 0.000000
415 247 0.000000
414 247 0.000000
413 247 0.000000
413 247 1.000000
414 239 0.000000
413 240 0.000000
413 241 0.000000
413 247 0.000000
414 246 0.000000
413 245 0.000000
414 245 0.000000
413 244 0.000000
414 244 0.000000
413 243 0.000000
414 243 0.000000
414 242 0.000000
418 238 0.000000
418 239 0.000000
418 240 0.000000
418 241 0.000000
418 242 0.000000
418 243 0.000000
418 245 0.000000
417 245 0.000000
418 247 0.000000
419 247 0.000000
419 245 0.000000
419 244 0.000000
419 243 0.000000
419 242 0.000000
419 241 0.000000
419 240 0.000000
419 239 0.000000
420 240 0.000000
420 241 0.000000
420 242 0.000000
420 243 0.000000
420 244 0.000000
420 245 0.000000
420 246 0.000000
420 247 0.000000
421 245 0.000000
422 245 0.000000
422 245 1.000000
423 243 0.000000
424 242 1.000000
425 244 0.000000
424 242 0.000000
423 242 0.000000
422 245 0.000000
422 244 0.000000
421 244 0.000000
421 243 0.000000
422 243 0.000000
421 242 0.000000
422 242 0.000000
421 241 0.000000
422 241 0.000000
426 248 0.000000
426 245 0.000000
427 245 0.000000
426 246 0.000000
401 249 0.000000
402 249 0.000000
403 249 0.000000
404 249 0.000000
405 249 0.000000
407 249 0.000000
405 248 0.000000
404 248 0.000000
403 248 0.000000
402 248 0.000000
402 247 0.000000
397 232 0.000000
397 233 0.000000
397 231 0.000000
449 282 0.000000
450 282 0.000000
450 280 0.000000
450 279 0.000000
450 278 0.000000
450 277 0.000000
450 276 0.000000
450 275 0.000000
451 275 0.000000
451 276 0.000000
451 277 0.000000
449 279 0.000000
449 278 0.000000
449 277 0.000000
449 276 0.000000
449 275 0.000000
449 274 0.000000
449 271 0.000000
448 268 0.000000
447 267 0.000000
447 268 0.000000
448 269 0.000000
448 270 0.000000
448 271 0.000000
448 272 0.000000
448 274 0.000000
448 275 0.000000
448 277 0.000000
448 277 1.000000
447 274 0.000000
447 273 0.000000
447 272 0.000000
446 271 0.000000
447 270 0.000000
446 270 0.000000
447 271 0.000000
447 271 1.000000
448 277 0.000000
448 276 0.000000
448 273 0.000000
447 271 0.000000
446 265 0.000000
446 266 0.000000
445 266 0.000000
445 265 0.000000
442 266 0.000000
443 265 0.000000
444 265 0.000000
444 264 0.000000
444 263 0.000000
443 264 0.000000
443 263 0.000000
442 263 0.000000
441 263 0.000000
441 262 0.000000
442 262 0.000000
441 261 0.000000
440 262 0.000000
440 261 0.000000
440 260 0.000000
440 259 0.000000
440 258 0.000000
439 257 0.000000
439 256 0.000000
438 256 0.000000
438 257 0.000000
438 258 0.000000
438 259 0.000000
438 260 0.000000
439 261 0.000000
439 260 0.000000
439 259 0.000000
439 258 0.000000
437 260 0.000000
437 259 0.000000
436 259 0.000000
436 260 0.000000
436 260 1.000000
426 273 0.000000
426 272 0.000000
426 271 0.000000
426 270 0.000000
426 269 0.000000
426 268 0.000000
427 267 0.000000
427 268 0.000000
427 269 0.000000
427 270 0.000000
427 271 0.000000
427 272 0.000000
427 273 0.000000
427 274 0.000000
427 275 0.000000
428 275 0.000000
428 274 0.000000
428 273 0.000000
428 272 0.000000
428 271 0.000000
428 270 0.000000
428 269 0.000000
429 269 0.000000
429 270 0.000000
429 271 0.000000
429 272 0.000000
429 273 0.000000
429 274 0.000000
429 275 0.000000
430 274 0.000000
430 273 0.000000
430 272 0.000000
430 271 0.000000
430 270 0.000000
430 269 0.000000
430 268 0.000000
431 268 0.000000
431 269 0.000000
431 269 1.000000
436 262 0.000000
436 263 0.000000
436 264 0.000000
435 264 0.000000
435 265 0.000000
435 266 0.000000
434 266 0.000000
434 267 0.000000
433 268 0.000000
432 268 0.000000
431 269 0.000000
432 264 0.000000
432 263 0.000000
431 261 0.000000
436 260 0.000000
435 259 0.000000
434 259 0.000000
433 258 0.000000
432 258 0.000000
432 257 0.000000
431 258 0.000000
431 257 0.000000
431 256 0.000000
430 255 0.000000
430 254 0.000000
429 253 0.000000
429 254 0.000000
429 255 0.000000
429 256 0.000000
430 256 0.000000
430 257 0.000000
428 257 0.000000
428 256 0.000000
428 255 0.000000
427 254 0.000000
428 254 0.000000
428 253 0.000000
427 253 0.000000
427 252 0.000000
428 252 0.000000
423 258 0.000000
423 259 0.000000
423 260 0.000000
423 262 0.000000
423 263 0.000000
423 264 0.000000
423 265 0.000000
423 266 0.000000
423 267 0.000000
423 268 0.000000
423 269 0.000000
423 270 0.000000
423 271 0.000000
423 272 0.000000
423 273 0.000000
423 274 0.000000
423 275 0.000000
423 276 0.000000
423 277 0.000000
423 278 0.000000
422 281 0.000000
422 280 0.000000
423 282 0.000000
423 281 0.000000
424 282 0.000000
424 281 0.000000
428 284 0.000000
428 283 0.000000
429 283 0.000000
427 282 0.000000
428 281 0.000000
427 280 0.000000
427 279 0.000000
427 277 0.000000
427 278 0.000000
426 277 0.000000
426 278 0.000000
426 279 0.000000
426 280 0.000000
426 281 0.000000
425 280 0.000000
424 279 0.000000
425 279 0.000000
424 278 0.000000
425 278 0.000000
424 277 0.000000
425 277 0.000000
425 276 0.000000
424 276 0.000000
424 275 0.000000
424 274 0.000000
424 273 0.000000
425 273 0.000000
425 272 0.000000
424 272 0.000000
424 271 0.000000
425 271 0.000000
425 270 0.000000
424 270 0.000000
424 269 0.000000
425 269 0.000000
425 268 0.000000
425 268 1.000000
425 268 0.000000
424 268 0.000000
424 267 0.000000
424 266 0.000000
425 266 0.000000
424 265 0.000000
425 265 0.000000
425 264 0.000000
424 264 0.000000
424 263 0.000000
425 263 0.000000
424 262 0.000000
425 262 0.000000
425 261 0.000000
426 261 0.000000
426 262 0.000000
428 262 0.000000
427 262 0.000000
427 261 0.000000
422 277 0.000000
422 276 0.000000
422 275 0.000000
422 274 0.000000
422 272 0.000000
422 273 0.000000
422 271 0.000000
422 270 0.000000
422 269 0.000000
422 268 0.000000
422 267 0.000000
422 266 0.000000
422 265 0.000000
422 264 0.000000
422 263 0.000000
422 262 0.000000
422 261 0.000000
422 260 0.000000
422 259 0.000000
403 260 0.000000
403 259 0.000000
402 257 0.000000
402 256 0.000000
402 255 0.000000
402 254 0.000000
402 253 0.000000
402 252 0.000000
402 251 0.000000
402 250 0.000000
401 250 0.000000
403 250 0.000000
403 251 0.000000
403 252 0.000000
403 253 0.000000
403 254 0.000000
403 255 0.000000
404 255 0.000000
404 254 0.000000
404 253 0.000000
404 252 0.000000
404 251 0.000000
404 250 0.000000
405 250 0.000000
405 251 0.000000
405 252 0.000000
405 253 0.000000
405 254 0.000000
404 260 0.000000
405 260 0.000000
404 259 0.000000
405 259 0.000000
405 258 0.000000
406 260 0.000000
406 259 0.000000
406 258 0.000000
406 257 0.000000
406 255 0.000000
406 254 0.000000
407 254 0.000000
406 253 0.000000
407 253 0.000000
406 252 0.000000
407 252 0.000000
406 250 0.000000
406 251 0.000000
407 251 0.000000
407 250 0.000000
408 250 0.000000
408 251 0.000000
409 251 0.000000
409 252 0.000000
410 253 0.000000
409 253 0.000000
408 253 0.000000
408 254 0.000000
409 254 0.000000
409 255 0.000000
408 255 0.000000
408 256 0.000000
409 256 0.000000
409 257 0.000000
409 258 0.000000
409 260 0.000000
408 260 0.000000
407 260 0.000000
407 259 0.000000
408 259 0.000000
407 258 0.000000
408 258 0.000000
407 257 0.000000
408 257 0.000000
410 260 0.000000
411 260 0.000000
412 260 0.000000
412 259 0.000000
412 258 0.000000
412 257 0.000000
412 256 0.000000
412 255 0.000000
412 254 0.000000
412 253 0.000000
412 251 0.000000
411 252 0.000000
411 255 0.000000
411 256 0.000000
411 257 0.000000
411 258 0.000000
411 259 0.000000
410 259 0.000000
410 258 0.000000
410 257 0.000000
410 256 0.000000
416 260 0.000000
416 259 0.000000
416 258 0.000000
416 258 1.000000
416 258 0.000000
419 253 0.000000
419 252 0.000000
427 251 0.000000
417 251 0.000000
413 255 0.000000
414 255 0.000000
413 254 0.000000
413 253 0.000000
414 253 0.000000
414 252 0.000000
413 260 0.000000
414 260 0.000000
415 260 0.000000
415 259 0.000000
414 259 0.000000
413 259 0.000000
413 258 0.000000
415 258 0.000000
413 257 0.000000
414 257 0.000000
414 258 0.000000
414 256 0.000000
415 256 0.000000
415 257 0.000000
416 257 0.000000
416 256 0.000000
416 256 1.000000
417 260 0.000000
418 260 0.000000
419 260 0.000000
420 260 0.000000
421 260 0.000000
421 259 0.000000
420 259 0.000000
419 259 0.000000
419 258 0.000000
418 259 0.000000
418 258 0.000000
418 257 0.000000
418 257 1.000000
418 257 0.000000
417 258 0.000000
417 259 0.000000
416 256 0.000000
421 280 0.000000
421 279 0.000000
421 278 0.000000
421 277 0.000000
421 276 0.000000
421 275 0.000000
421 274 0.000000
421 273 0.000000
421 272 0.000000
421 271 0.000000
421 270 0.000000
421 269 0.000000
421 268 0.000000
421 267 0.000000
421 266 0.000000
421 265 0.000000
421 264 0.000000
421 263 0.000000
421 262 0.000000
421 261 0.000000
420 261 0.000000
420 262 0.000000
420 263 0.000000
420 264 0.000000
420 265 0.000000
420 266 0.000000
420 267 0.000000
420 268 0.000000
420 269 0.000000
420 270 0.000000
420 271 0.000000
420 272 0.000000
420 273 0.000000
420 274 0.000000
420 275 0.000000
420 276 0.000000
420 277 0.000000
420 278 0.000000
419 277 0.000000
418 277 0.000000
418 276 0.000000
419 276 0.000000
418 275 0.000000
419 275 0.000000
418 274 0.000000
419 274 0.000000
418 273 0.000000
418 273 1.000000
419 273 0.000000
419 272 0.000000
417 276 0.000000
417 275 0.000000
417 274 0.000000
417 273 0.000000
417 272 0.000000
417 271 0.000000
417 270 0.000000
417 269 0.000000
417 268 0.000000
417 267 0.000000
417 266 0.000000
417 265 0.000000
417 264 0.000000
417 263 0.000000
417 262 0.000000
417 261 0.000000
418 261 0.000000
418 262 0.000000
419 262 0.000000
419 261 0.000000
419 263 0.000000
418 263 0.000000
418 264 0.000000
419 264 0.000000
419 265 0.000000
418 265 0.000000
418 266 0.000000
419 266 0.000000
419 267 0.000000
418 267 0.000000
418 268 0.000000
419 268 0.000000
419 269 0.000000
418 269 0.000000
418 270 0.000000
419 270 0.000000
419 271 0.000000
418 271 0.000000
418 272 0.000000
418 273 0.000000
416 273 0.000000
416 272 0.000000
416 271 0.000000
416 270 0.000000
416 269 0.000000
416 268 0.000000
416 267 0.000000
416 266 0.000000
416 265 0.000000
416 264 0.000000
416 263 0.000000
416 262 0.000000
416 261 0.000000
415 261 0.000000
415 262 0.000000
415 264 0.000000
415 263 0.000000
415 265 0.000000
415 266 0.000000
415 267 0.000000
415 272 0.000000
415 271 0.000000
415 270 0.000000
415 269 0.000000
414 272 0.000000
414 271 0.000000
414 270 0.000000
414 269 0.000000
414 267 0.000000
414 268 0.000000
414 266 0.000000
414 265 0.000000
414 264 0.000000
414 263 0.000000
414 262 0.000000
414 261 0.000000
413 261 0.000000
413 262 0.000000
413 263 0.000000
413 264 0.000000
413 265 0.000000
413 266 0.000000
413 267 0.000000
413 271 0.000000
413 270 0.000000
413 269 0.000000
412 270 0.000000
412 269 0.000000
412 268 0.000000
412 267 0.000000
412 265 0.000000
412 266 0.000000
411 266 0.000000
411 265 0.000000
411 264 0.000000
412 264 0.000000
411 263 0.000000
411 262 0.000000
412 262 0.000000
412 261 0.000000
395 265 1.000000
396 265 1.000000
394 262 0.000000
408 275 1.000000
411 269 0.000000
411 268 0.000000
411 267 0.000000
410 268 0.000000
410 267 0.000000
409 268 0.000000
409 267 0.000000
409 266 0.000000
409 265 0.000000
409 264 0.000000
409 263 0.000000
409 262 0.000000
409 261 0.000000
410 261 0.000000
410 262 0.000000
410 263 0.000000
410 264 0.000000
410 265 0.000000
408 267 0.000000
407 266 1.000000
408 266 0.000000
407 266 0.000000
407 265 0.000000
407 264 0.000000
407 263 0.000000
407 261 0.000000
407 262 0.000000
408 261 0.000000
408 262 0.000000
408 263 0.000000
408 264 0.000000
408 265 0.000000
406 266 0.000000
406 265 0.000000
405 265 0.000000
405 264 0.000000
406 264 0.000000
406 263 0.000000
405 263 0.000000
405 262 0.000000
406 262 0.000000
406 261 0.000000
405 261 0.000000
404 261 0.000000
404 262 0.000000
403 261 0.000000
401 261 0.000000
400 261 0.000000
430 287 0.000000
429 285 0.000000
453 287 0.000000
453 286 0.000000
382 204 0.000000
381 204 0.000000
382 205 0.000000
444 352 0.000000
445 352 0.000000
446 352 0.000000
447 352 0.000000
448 352 0.000000
450 352 0.000000
449 352 0.000000
450 353 0.000000
451 353 0.000000
453 354 1.000000
452 354 0.000000
453 354 0.000000
453 355 0.000000
454 356 0.000000
455 357 0.000000
436 355 0.000000
436 354 0.000000
435 354 0.000000
435 353 0.000000
434 353 0.000000
454 357 0.000000
453 356 0.000000
452 355 0.000000
451 354 0.000000
450 354 0.000000
449 353 0.000000
458 339 0.000000
458 338 0.000000
458 337 0.000000
457 337 0.000000
457 338 0.000000
456 337 0.000000
456 338 0.000000
455 337 0.000000
455 338 0.000000
455 339 0.000000
