653
-298818.094 1144151.00
-298857.125 1141574.88
-298894.469 1139116.38
-298930.094 1136775.38
-298964.031 1134551.38
-298996.250 1132444.88
-299025.094 1130455.75
-299053.938 1128584.12
-299079.375 1126829.50
-299104.812 1125192.38
-299126.906 1123672.25
-299147.250 1122269.62
-299167.625 1120984.25
-299184.562 1119815.75
-299199.844 1118764.75
-299215.094 1117831.00
-299227.000 1117014.25
-299238.844 1116197.62
-299250.719 1115380.88
-299262.594 1114564.50
-299274.500 1113748.00
-299286.344 1112931.25
-299298.250 1112114.75
-299311.812 1111298.25
-299323.688 1110481.75
-299335.562 1109665.12
-299347.438 1108848.75
-299359.312 1108032.12
-299371.188 1107215.88
-299383.094 1106399.50
-299396.625 1105583.00
-299408.531 1104766.62
-299420.375 1103950.38
-299432.281 1103134.00
-299444.156 1102317.62
-299457.750 1101501.38
-299469.625 1100685.00
-299481.500 1099868.88
-299493.344 1099052.62
-299505.250 1098236.25
-299518.812 1097420.00
-299529.000 1096603.88
-299540.844 1095787.62
-299554.438 1094971.62
-299566.281 1094155.50
-299578.219 1093339.25
-299590.031 1092523.12
-299601.969 1091707.12
-299615.531 1090891.00
-299627.406 1090075.00
-299639.250 1089258.88
-299651.156 1088443.00
-299663.000 1087626.88
-299674.906 1086810.88
-299686.750 1085994.88
-299698.656 1085178.88
-299712.219 1084363.00
-299724.094 1083547.00
-299735.969 1082731.25
-299747.844 1081915.25
-299759.719 1081099.38
-299771.562 1080283.62
-299783.500 1079467.75
-299795.344 1078652.00
-299807.250 1077836.25
-299819.094 1077020.38
-299831.000 1076204.50
-299842.844 1075389.00
-299854.719 1074573.12
-299866.594 1073757.50
-299880.219 1072941.88
-299890.375 1072126.00
-299902.250 1071310.50
-299915.812 1070494.75
-299926.000 1069679.12
-299937.875 1068863.62
-299951.438 1068047.88
-299961.625 1067232.38
-299973.500 1066416.88
-299987.062 1065601.50
-299997.219 1064785.75
-300009.156 1063970.50
-300021.000 1063154.88
-300032.906 1062339.50
-300044.750 1061524.00
-300056.656 1060708.62
-300068.500 1059893.12
-300080.375 1059077.62
-300092.281 1058262.50
-300104.125 1057447.00
-300116.031 1056631.62
-300127.875 1055816.38
-300138.062 1055001.12
-300149.938 1054185.62
-300161.812 1053370.38
-300173.688 1052555.12
-300185.594 1051740.00
-300197.469 1050924.88
-300209.344 1050109.50
-300221.219 1049294.38
-300231.375 1048479.06
-300244.969 1047664.00
-300255.156 1046848.88
-300267.000 1046033.75
-300278.906 1045218.56
-300289.062 1044403.56
-300302.656 1043588.56
-300312.812 1042773.31
-300324.719 1041958.44
-300336.594 1041143.31
-300346.750 1040328.44
-300360.344 1039513.31
-300370.500 1038698.44
-300382.375 1037883.44
-300394.281 1037068.56
-300406.125 1036253.62
-300416.312 1035438.75
-300428.188 1034623.75
-300440.062 1033809.00
-300450.281 1032994.19
-300463.812 1032179.19
-300474.031 1031364.44
-300485.875 1030549.62
-300497.781 1029734.88
-300509.625 1028920.12
-300519.781 1028105.44
-300531.688 1027290.69
-300541.875 1026475.88
-300553.750 1025661.25
-300565.625 1024846.44
-300577.500 1024031.88
-300587.688 1023217.38
-300599.562 1022402.56
-300611.406 1021588.00
-300621.594 1020773.25
-300633.500 1019958.69
-300643.688 1019144.12
-300655.562 1018329.56
-300667.438 1017515.12
-300679.312 1016700.50
-300689.469 1015886.12
-300701.344 1015071.62
-300711.531 1014257.25
-300723.406 1013442.69
-300735.281 1012628.25
-300745.469 1011813.75
-300757.344 1010999.38
-300767.531 1010184.94
-300779.375 1009370.62
-300791.281 1008556.31
-300803.125 1007742.00
-300813.344 1006927.62
-300825.219 1006113.31
-300835.406 1005299.00
-300847.250 1004484.69
-300857.438 1003670.56
-300869.344 1002856.31
-300879.500 1002042.00
-300891.375 1001227.88
-300903.250 1000413.56
-300913.406 999599.500
-300923.594 998785.250
-300935.500 997971.250
-300945.688 997156.938
-300957.531 996342.938
-300967.719 995528.812
-300979.594 994714.750
-300989.781 993900.750
-301001.656 993086.625
-301011.844 992272.625
-301023.688 991458.562
-301035.594 990644.562
-301044.062 989830.562
-301055.969 989016.688
-301067.812 988202.812
-301078.031 987388.688
-301089.875 986574.938
-301100.062 985761.062
-301110.219 984947.188
-301122.094 984133.188
-301132.281 983319.312
-301144.188 982505.500
-301154.344 981691.625
-301164.531 980877.875
-301176.438 980064.125
-301186.562 979250.312
-301196.750 978436.562
-301208.656 977622.812
-301218.844 976809.125
-301230.688 975995.375
-301240.906 975181.688
-301251.062 974368.062
-301262.938 973554.375
-301273.125 972740.750
-301283.281 971927.000
-301295.156 971113.312
-301305.344 970299.750
-301315.562 969486.250
-301327.406 968672.688
-301337.594 967859.125
-301347.781 967045.562
-301359.625 966232.125
-301369.812 965418.625
-301380.031 964605.062
-301390.188 963791.500
-301402.062 962978.188
-301412.219 962164.562
-301422.406 961351.250
-301434.281 960537.875
-301444.469 959724.375
-301454.688 958911.125
-301464.812 958097.625
-301476.719 957284.375
-301486.906 956470.938
-301497.062 955657.625
-301507.250 954844.438
-301519.125 954031.125
-301527.594 953217.812
-301539.500 952404.562
-301549.688 951591.375
-301559.875 950778.062
-301570.031 949964.938
-301581.906 949151.625
-301592.094 948338.438
-301602.250 947525.312
-301612.469 946712.250
-301622.656 945899.125
-301634.500 945085.938
-301644.656 944272.812
-301654.875 943459.750
-301665.062 942646.750
-301675.219 941833.500
-301687.094 941020.438
-301695.562 940207.562
-301705.781 939394.562
-301717.625 938581.500
-301727.812 937768.562
-301738.000 936955.562
-301748.156 936142.562
-301758.344 935329.688
-301768.531 934516.688
-301778.719 933703.812
-301790.594 932890.938
-301799.062 932078.062
-301809.250 931265.250
-301819.438 930452.312
-301831.312 929639.500
-301841.500 928826.625
-301851.688 928013.812
-301860.156 927201.125
-301872.031 926388.312
-301882.188 925575.625
-301892.375 924762.812
-301902.562 923950.188
-301912.719 923137.375
-301921.219 922324.688
-301933.094 921511.938
-301943.312 920699.375
-301953.469 919886.688
-301963.656 919074.000
-301973.812 918261.500
-301984.000 917448.812
-301992.500 916636.250
-302002.625 915823.562
-302014.562 915011.062
-302024.719 914198.500
-302034.906 913385.938
-302045.094 912573.562
-302053.562 911760.875
-302063.781 910948.500
-302073.938 910135.938
-302084.094 909323.562
-302094.281 908511.062
-302104.438 907698.688
-302114.625 906886.250
-302124.812 906073.938
-302135.000 905261.438
-302145.188 904449.062
-302153.688 903636.750
-302163.844 902824.375
-302174.000 902012.062
-302184.188 901199.750
-302194.375 900387.375
-302204.562 899575.062
-302214.719 898762.875
-302223.219 897950.688
-302233.406 897138.438
-302243.594 896326.188
-302253.750 895514.000
-302263.938 894701.750
-302274.125 893889.500
-302282.625 893077.375
-302292.812 892265.188
-302302.969 891453.062
-302313.156 890640.938
-302321.625 889828.812
-302331.812 889016.750
-302342.000 888204.688
-302352.188 887392.562
-302360.656 886580.500
-302370.844 885768.500
-302381.031 884956.500
-302391.188 884144.438
-302401.344 883332.500
-302409.844 882520.438
-302420.031 881708.438
-302430.188 880896.625
-302440.406 880084.750
-302448.875 879272.750
-302459.062 878460.750
-302469.250 877648.875
-302477.719 876837.062
-302487.906 876025.188
-302498.094 875213.312
-302506.562 874401.500
-302516.719 873589.625
-302526.906 872777.812
-302535.406 871966.000
-302545.562 871154.250
-302555.750 870342.500
-302564.219 869530.625
-302574.406 868718.938
-302584.625 867907.250
-302593.062 867095.562
-302603.281 866283.812
-302611.750 865472.062
-302621.906 864660.500
-302632.094 863848.875
-302642.281 863037.188
-302650.781 862225.500
-302660.969 861413.812
-302671.125 860602.312
-302679.594 859790.750
-302689.781 858979.125
-302698.281 858167.562
-302708.438 857356.062
-302716.969 856544.438
-302727.125 855732.938
-302735.594 854921.438
-302745.781 854110.062
-302754.281 853298.438
-302764.469 852487.000
-302772.938 851675.625
-302783.125 850864.125
-302793.312 850052.750
-302801.750 849241.312
-302811.938 848429.875
-302820.438 847618.500
-302830.656 846807.188
-302839.094 845995.812
-302847.562 845184.500
-302857.750 844373.125
-302867.938 843561.812
-302876.406 842750.438
-302886.625 841939.188
-302895.062 841127.875
-302903.594 840316.688
-302913.781 839505.375
-302922.250 838694.188
-302932.406 837882.938
-302940.875 837071.812
-302951.062 836260.625
-302959.562 835449.438
-302968.031 834638.250
-302978.219 833827.062
-302986.719 833015.875
-302996.875 832204.875
-303005.375 831393.812
-303015.531 830582.562
-303024.031 829771.438
-303032.531 828960.562
-303041.000 828149.375
-303051.188 827338.312
-303061.375 826527.375
-303069.844 825716.312
-303078.312 824905.312
-303086.812 824094.375
-303096.969 823283.312
-303105.500 822472.250
-303115.656 821661.438
-303124.156 820850.375
-303132.656 820039.500
-303141.094 819228.625
-303151.281 818417.750
-303159.750 817606.750
-303168.250 816796.000
-303176.719 815985.062
-303186.906 815174.250
-303197.094 814363.438
-303205.594 813552.562
-303214.062 812741.812
-303222.531 811931.000
-303232.719 811120.312
-303241.188 810309.500
-303249.688 809498.625
-303258.188 808687.938
-303266.625 807877.250
-303276.812 807066.562
-303285.312 806255.812
-303293.781 805445.125
-303302.281 804634.500
-303312.469 803823.875
-303320.969 803013.125
-303329.438 802202.438
-303337.906 801391.812
-303346.375 800581.250
-303354.875 799770.625
-303363.344 798960.062
-303373.531 798149.375
-303382.000 797338.938
-303390.500 796528.438
-303398.969 795717.875
-303409.156 794907.375
-303417.656 794096.812
-303426.156 793286.312
-303434.625 792475.812
-303443.094 791665.375
-303451.594 790854.938
-303461.750 790044.500
-303470.250 789234.062
-303477.031 788423.625
-303487.219 787613.188
-303495.688 786802.875
-303504.188 785992.375
-303512.656 785182.000
-303521.125 784371.750
-303529.625 783561.375
-303538.094 782751.000
-303548.281 781940.750
-303555.062 781130.438
-303563.562 780320.125
-303573.750 779509.875
-303580.562 778699.500
-303590.719 777889.312
-303599.188 777079.062
-303605.969 776268.812
-303616.156 775458.625
-303624.625 774648.375
-303631.438 773838.250
-303641.594 773028.062
-303650.094 772217.875
-303658.562 771407.688
-303667.062 770597.562
-303675.531 769787.438
-303684.000 768977.312
-303692.500 768167.188
-303699.281 767357.125
-303709.500 766547.062
-303717.938 765736.875
-303724.750 764926.938
-303734.906 764116.812
-303741.688 763306.812
-303751.906 762496.812
-303758.688 761686.812
-303767.156 760876.812
-303775.656 760066.750
-303784.125 759256.875
-303792.594 758446.812
-303801.094 757636.938
-303809.594 756827.062
-303818.062 756017.062
-303824.844 755207.125
-303835.031 754397.312
-303841.812 753587.375
-303851.969 752777.562
-303858.812 751967.625
-303867.250 751157.750
-303875.750 750347.938
-303884.219 749538.125
-303892.719 748728.312
-303899.469 747918.562
-303909.656 747108.688
-303916.469 746298.938
-303924.938 745489.125
-303933.406 744679.375
-303941.906 743869.688
-303948.719 743059.938
-303957.188 742250.250
-303965.656 741440.562
-303974.156 740630.812
-303982.625 739821.125
-303989.406 739011.500
-303997.906 738201.812
-304006.375 737392.125
-304014.844 736582.438
-304021.688 735772.875
-304030.156 734963.312
-304038.625 734153.750
-304047.094 733344.188
-304053.906 732534.562
-304062.344 731724.938
-304070.844 730915.375
-304079.344 730105.875
-304086.125 729296.438
-304094.594 728486.812
-304103.094 727677.375
-304111.594 726867.938
-304118.375 726058.312
-304126.844 725248.875
-304135.312 724439.500
-304142.125 723629.938
-304150.594 722820.562
-304157.375 722011.125
-304167.562 721201.750
-304174.375 720392.375
-304182.812 719583.000
-304189.625 718773.562
-304198.094 717964.188
-304206.562 717154.812
-304213.375 716345.500
-304221.844 715536.188
-304228.625 714726.875
-304237.125 713917.500
-304245.594 713108.188
-304252.375 712299.000
-304260.875 711489.750
-304267.656 710680.438
-304276.156 709871.125
-304282.938 709061.938
-304291.406 708252.750
-304299.906 707443.500
-304306.688 706634.312
-304315.188 705825.125
-304321.938 705015.938
-304330.438 704206.688
-304338.938 703397.562
-304345.688 702588.438
-304354.156 701779.312
-304360.969 700970.188
-304369.469 700161.062
-304377.938 699352.000
-304384.719 698542.875
-304393.219 697733.750
-304400.000 696924.688
-304406.781 696115.562
-304415.250 695306.562
-304422.062 694497.625
-304430.531 693688.562
-304439.031 692879.562
-304445.812 692070.500
-304454.312 691261.562
-304461.062 690452.562
-304467.875 689643.562
-304476.375 688834.562
-304483.156 688025.625
-304491.625 687216.750
-304498.375 686407.812
-304506.875 685598.938
-304513.656 684789.938
-304522.125 683981.062
-304528.938 683172.188
-304535.750 682363.312
-304544.219 681554.500
-304551.000 680745.562
-304557.781 679936.812
-304566.281 679128.000
-304574.750 678319.125
-304579.812 677510.375
-304588.344 676701.500
-304596.781 675892.750
-304603.594 675084.000
-304610.375 674275.250
-304618.844 673466.438
-304625.656 672657.750
-304632.438 671849.062
-304640.938 671040.312
-304647.688 670231.562
-304654.500 669422.875
-304661.250 668614.188
-304669.750 667805.562
-304676.531 666996.812
-304683.344 666188.250
-304691.812 665379.500
-304698.625 664570.938
-304707.094 663762.312
-304712.188 662953.688
-304720.656 662145.125
-304727.469 661336.562
-304735.906 660527.938
-304741.031 659719.375
-304749.500 658910.812
-304756.312 658102.312
-304764.781 657293.688
-304771.562 656485.188
-304778.375 655676.625
-304785.156 654868.188
-304793.625 654059.688
-304800.375 653251.188
-304807.188 652442.750
-304813.969 651634.312
-304820.781 650825.812
-304829.219 650017.375
-304836.031 649208.938
-304842.812 648400.500
-304849.594 647592.125
-304856.375 646783.750
-304864.875 645975.375
-304871.656 645166.938
-304876.750 644358.562
-304885.219 643550.188
-304892.000 642741.875
-304900.531 641933.562
-304905.594 641125.188
-304912.375 640316.875
-304919.188 639508.625
-304927.656 638700.250
-304934.438 637892.000
-304941.250 637083.688
-304948.000 636275.438
-304954.750 635467.125
-304961.562 634658.938
-304968.344 633850.625
-304976.875 633042.438
-304983.656 632234.312
-304990.438 631426.062
-304997.219 630617.875
-305002.281 629809.688
-305010.812 629001.500
-305017.562 628193.375
-305024.344 627385.188
-305031.125 626576.938
-305037.906 625768.812
-305044.719 624960.750
-305051.469 624152.688
-305058.312 623344.562
-305065.062 622536.500
-305071.875 621728.375
-305078.625 620920.312
-305085.438 620112.188
-305092.219 619304.188
-305100.688 618496.125
-305105.812 617688.125
-305112.562 616880.062
-305119.375 616072.062
-305126.156 615264.062
-305132.938 614456.062
-305139.750 613648.000
-305146.531 612840.062
-305155.000 611916.188
-305163.500 610876.375
-305171.969 609720.688
-305183.844 608449.125
-305194.000 607061.625
-305205.875 605558.312
-305219.469 603939.000
-305234.750 602203.812
-305248.312 600352.875
-305265.281 598386.000
-305282.250 596303.375
-305299.219 594104.875
-305319.562 591790.500
-305338.219 589360.375
-305358.594 586814.500
723
-305358.594 586814.500
-302995.219 586814.500
-300737.000 586814.500
-298582.281 586814.500
-296531.031 586814.500
-294585.031 586814.500
-292742.500 586814.500
-291005.125 586814.500
-289369.594 586814.500
-287839.250 586814.500
-286412.406 586814.500
-285090.719 586814.500
-283870.812 586814.500
-282757.844 586814.500
-281746.656 586814.500
-280840.688 586814.500
-280038.156 586814.500
-279235.625 586814.500
-278433.125 586814.500
-277630.656 586814.500
-276828.125 586814.500
-276023.938 586814.500
-275223.125 586814.500
-274420.625 586814.500
-273618.125 586814.500
-272815.625 586814.500
-272013.125 586814.500
-271210.594 586814.500
-270408.125 586814.500
-269605.625 586814.500
-268803.125 586814.500
-268000.594 586814.500
-267198.094 586814.500
-266395.594 586814.500
-265594.781 586814.500
-264790.594 586814.500
-263988.094 586814.500
-263187.250 586814.500
-262384.781 586814.500
-261580.562 586814.500
-260778.062 586814.500
-259977.250 586814.500
-259174.750 586814.500
-258370.562 586814.500
-257569.734 586814.500
-256767.250 586814.500
-255963.047 586814.500
-255162.234 586814.500
-254359.703 586814.500
-253557.234 586814.500
-252754.719 586814.500
-251952.219 586814.500
-251149.734 586814.500
-250347.203 586814.500
-249544.719 586814.500
-248742.188 586814.500
-247939.719 586814.500
-247137.203 586814.500
-246334.703 586814.500
-245532.219 586814.500
-244729.688 586814.500
-243927.172 586814.500
-243124.672 586814.500
-242323.891 586814.500
-241519.688 586814.500
-240717.188 586814.500
-239916.375 586814.500
-239113.844 586814.500
-238309.656 586814.500
-237508.859 586814.500
-236706.375 586814.500
-235902.141 586814.500
-235101.344 586814.500
-234298.828 586814.500
-233496.344 586814.500
-232692.141 586814.500
-231891.344 586814.500
-231088.812 586814.500
-230286.297 586814.500
-229483.812 586814.500
-228681.312 586814.500
-227878.797 586814.500
-227076.312 586814.500
-226273.797 586814.500
-225471.297 586814.500
-224668.781 586814.500
-223866.281 586814.500
-223063.797 586814.500
-222262.969 586814.500
-221458.797 586814.500
-220656.281 586814.500
-219855.484 586814.500
-219052.969 586814.500
-218248.766 586814.500
-217446.250 586814.500
-216645.453 586814.500
-215841.266 586814.500
-215038.766 586814.500
-214237.938 586814.500
-213435.453 586814.500
-212631.234 586814.500
-211830.406 586814.500
-211027.938 586814.500
-210225.422 586814.500
-209422.922 586814.500
-208620.422 586814.500
-207817.906 586814.500
-207015.438 586814.500
-206212.891 586814.500
-205410.406 586814.500
-204607.906 586814.500
-203805.391 586814.500
-203002.906 586814.500
-202200.391 586814.500
-201397.859 586814.500
-200595.375 586814.500
-199792.875 586814.500
-198992.047 586814.500
-198187.859 586814.500
-197385.359 586814.500
-196584.562 586814.500
-195780.375 586814.500
-194977.859 586814.500
-194177.047 586814.500
-193374.531 586814.500
-192570.344 586814.500
-191769.516 586814.500
-190967.047 586814.500
-190164.531 586814.500
-189360.344 586814.500
-188559.516 586814.500
-187757.016 586814.500
-186954.516 586814.500
-186152.000 586814.500
-185349.500 586814.500
-184547.016 586814.500
-183744.500 586814.500
-182942.000 586814.500
-182139.500 586814.500
-181337.000 586814.500
-180534.484 586814.500
-179731.984 586814.500
-178929.500 586814.500
-178126.969 586814.500
-177324.484 586814.500
-176523.672 586814.500
-175719.469 586814.500
-174916.953 586814.500
-174114.453 586814.500
-173313.656 586814.500
-172509.438 586814.500
-171706.953 586814.500
-170906.141 586814.500
-170103.625 586814.500
-169299.438 586814.500
-168498.641 586814.500
-167696.109 586814.500
-166893.625 586814.500
-166091.109 586814.500
-165288.609 586814.500
-164486.109 586814.500
-163683.594 586814.500
-162881.109 586814.500
-162078.594 586814.500
-161276.109 586814.500
-160473.594 586814.500
-159671.078 586814.500
-158868.578 586814.500
-158066.078 586814.500
-157263.578 586814.500
-156461.062 586814.500
-155658.578 586814.500
-154856.078 586814.500
-154053.547 586814.500
-153252.750 586814.500
-152448.547 586814.500
-151646.062 586814.500
-150845.234 586814.500
-150042.734 586814.500
-149238.547 586814.500
-148437.734 586814.500
-147635.219 586814.500
-146832.734 586814.500
-146028.516 586814.500
-145227.719 586814.500
-144425.219 586814.500
-143622.703 586814.500
-142820.203 586814.500
-142017.703 586814.500
-141215.203 586814.500
-140412.688 586814.500
-139610.188 586814.500
-138807.703 586814.500
-138005.172 586814.500
-137202.688 586814.500
-136400.172 586814.500
-135597.672 586814.500
-134795.172 586814.500
-133992.656 586814.500
-133191.859 586814.500
-132387.656 586814.500
-131585.156 586814.500
-130782.641 586814.500
-129981.844 586814.500
-129177.641 586814.500
-128375.148 586814.500
-127574.328 586814.500
-126771.820 586814.500
-125967.633 586814.500
-125166.836 586814.500
-124364.312 586814.500
-123561.812 586814.500
-122759.320 586814.500
-121956.797 586814.500
-121154.305 586814.500
-120351.797 586814.500
-119549.305 586814.500
-118746.797 586814.500
-117944.281 586814.500
-117141.781 586814.500
-116339.273 586814.500
-115536.781 586814.500
-114734.273 586814.500
-113931.773 586814.500
-113129.266 586814.500
-112326.766 586814.500
-111524.266 586814.500
-110721.750 586814.500
-109920.953 586814.500
-109116.758 586814.500
-108314.234 586814.500
-107513.438 586814.500
-106710.938 586814.500
-105906.742 586814.500
-105105.922 586814.500
-104303.422 586814.500
-103500.922 586814.500
-102696.719 586814.500
-101895.906 586814.500
-101093.406 586814.500
-100290.898 586814.500
-99488.4062 586814.500
-98685.8984 586814.500
-97883.3906 586814.500
-97080.8828 586814.500
-96278.3906 586814.500
-95475.8828 586814.500
-94673.3828 586814.500
-93870.8750 586814.500
-93068.3750 586814.500
-92265.8672 586814.500
-91463.3594 586814.500
-90660.8594 586814.500
-89860.0469 586814.500
-89055.8594 586814.500
-88253.3516 586814.500
-87450.8438 586814.500
-86650.0391 586814.500
-85845.8359 586814.500
-85043.3359 586814.500
-84242.5234 586814.500
-83440.0156 586814.500
-82635.8281 586814.500
-81835.0156 586814.500
-81032.5156 586814.500
-80230.0156 586814.500
-79427.5078 586814.500
-78625.0000 586814.500
-77822.4922 586814.500
-77020.0000 586814.500
-76217.4922 586814.500
-75414.9844 586814.500
-74612.4844 586814.500
-73809.9766 586814.500
-73007.4766 586814.500
-72204.9688 586814.500
-71402.4609 586814.500
-70599.9688 586814.500
-69797.4609 586814.500
-68994.9609 586814.500
-68192.4531 586814.500
-67389.9453 586814.500
-66589.1484 586814.500
-65784.9375 586814.500
-64982.4453 586814.500
-64181.6367 586814.500
-63379.1250 586814.500
-62574.9258 586814.500
-61774.1172 586814.500
-60971.6211 586814.500
-60167.4141 586814.500
-59364.9141 586814.500
-58564.1055 586814.500
-57761.6016 586814.500
-56957.4062 586814.500
-56156.5977 586814.500
-55354.0898 586814.500
-54551.5898 586814.500
-53749.0781 586814.500
-52946.5820 586814.500
-52144.0781 586814.500
-51341.5742 586814.500
-50539.0742 586814.500
-49736.5664 586814.500
-48934.0586 586814.500
-48131.5586 586814.500
-47329.0547 586814.500
-46528.2500 586814.500
-45724.0469 586814.500
-44921.5430 586814.500
-44119.0391 586814.500
-43318.2344 586814.500
-42514.0352 586814.500
-41711.5273 586814.500
-40910.7227 586814.500
-40106.5195 586814.500
-39304.0195 586814.500
-38503.2109 586814.500
-37700.7070 586814.500
-36896.5078 586814.500
-36095.6992 586814.500
-35293.1953 586814.500
-34490.6914 586814.500
-33688.1875 586814.500
-32885.6836 586814.500
-32083.1797 586814.500
-31280.6758 586814.500
-30478.1738 586814.500
-29675.6719 586814.500
-28873.1680 586814.500
-28070.6641 586814.500
-27268.1602 586814.500
-26465.6562 586814.500
-25663.1504 586814.500
-24860.6465 586814.500
-24058.1445 586814.500
-23257.3398 586814.500
-22453.1367 586814.500
-21650.6328 586814.500
-20849.8242 586814.500
-20045.6250 586814.500
-19243.1230 586814.500
-18442.3145 586814.500
-17639.8125 586814.500
-16835.6113 586814.500
-16033.1064 586814.500
-15232.3008 586814.500
-14429.7959 586814.500
-13625.5967 586814.500
-12824.7910 586814.500
-12022.2852 586814.500
-11219.7822 586814.500
-10417.2783 586814.500
-9614.77441 586814.500
-8812.27148 586814.500
-8009.76807 586814.500
-7207.26367 586814.500
-6404.75977 586814.500
-5602.25635 586814.500
-4799.75293 586814.500
-3997.24878 586814.500
-3196.44165 586814.500
-2392.24146 586814.500
-1589.73779 586814.500
-787.234009 586814.500
15.2696266 586814.500
817.773315 586814.500
1620.27698 586814.500
2421.08398 586814.500
3225.28442 586814.500
4027.78809 586814.500
4828.59473 586814.500
5631.09863 586814.500
6435.29883 586814.500
7236.10596 586814.500
8038.60986 586814.500
8841.11328 586814.500
9643.61816 586814.500
10446.1211 586814.500
11248.6250 586814.500
12051.1279 586814.500
12853.6328 586814.500
13656.1357 586814.500
14458.6396 586814.500
15261.1445 586814.500
16063.6455 586814.500
16866.1484 586814.500
17668.6543 586814.500
18471.1562 586814.500
19273.6621 586814.500
20076.1641 586814.500
20878.6680 586814.500
21681.1738 586814.500
22481.9785 586814.500
23286.1797 586814.500
24088.6836 586814.500
24889.4922 586814.500
25691.9941 586814.500
26496.1914 586814.500
27298.6992 586814.500
28099.5039 586814.500
28902.0078 586814.500
29706.2090 586814.500
30507.0176 586814.500
31309.5215 586814.500
32112.0234 586814.500
32914.5273 586814.500
33717.0312 586814.500
34519.5352 586814.500
35322.0391 586814.500
36124.5430 586814.500
36927.0469 586814.500
37729.5508 586814.500
38532.0508 586814.500
39334.5625 586814.500
40137.0625 586814.500
40939.5625 586814.500
41742.0664 586814.500
42544.5703 586814.500
43347.0742 586814.500
44149.5781 586814.500
44952.0859 586814.500
45752.8906 586814.500
46557.0859 586814.500
47359.5898 586814.500
48160.4062 586814.500
48962.9023 586814.500
49767.1016 586814.500
50567.9102 586814.500
51370.4180 586814.500
52172.9141 586814.500
52975.4219 586814.500
53777.9297 586814.500
54580.4297 586814.500
55382.9336 586814.500
56185.4375 586814.500
56987.9414 586814.500
57790.4492 586814.500
58592.9492 586814.500
59395.4570 586814.500
60197.9570 586814.500
61000.4648 586814.500
61802.9609 586814.500
62605.4609 586814.500
63407.9688 586814.500
64210.4727 586814.500
65012.9805 586814.500
65813.7812 586814.500
66617.9844 586814.500
67420.4922 586814.500
68221.2891 586814.500
69023.8047 586814.500
69828.0000 586814.500
70630.5000 586814.500
71431.3125 586814.500
72233.8125 586814.500
73038.0156 586814.500
73838.8203 586814.500
74641.3281 586814.500
75443.8359 586814.500
76246.3359 586814.500
77048.8359 586814.500
77851.3359 586814.500
78653.8359 586814.500
79456.3516 586814.500
80258.8516 586814.500
81061.3594 586814.500
81863.8516 586814.500
82666.3594 586814.500
83468.8672 586814.500
84271.3672 586814.500
85073.8750 586814.500
85876.3828 586814.500
86678.8828 586814.500
87481.3906 586814.500
88283.8828 586814.500
89084.6953 586814.500
89888.8906 586814.500
90691.4062 586814.500
91492.2109 586814.500
92294.7109 586814.500
93098.9062 586814.500
93899.7188 586814.500
94702.2266 586814.500
95504.7266 586814.500
96307.2344 586814.500
97109.7266 586814.500
97912.2344 586814.500
98716.4375 586814.500
99517.2500 586814.500
100319.742 586814.500
101122.250 586814.500
101924.758 586814.500
102727.258 586814.500
103529.750 586814.500
104332.273 586814.500
105134.773 586814.500
105937.273 586814.500
106739.766 586814.500
107542.273 586814.500
108344.789 586814.500
109145.586 586814.500
109949.789 586814.500
110752.297 586814.500
111553.102 586814.500
112355.609 586814.500
113159.805 586814.500
113962.305 586814.500
114763.117 586814.500
115565.625 586814.500
116369.820 586814.500
117170.617 586814.500
117973.141 586814.500
118777.328 586814.500
119578.133 586814.500
120380.625 586814.500
121183.148 586814.500
121985.641 586814.500
122788.148 586814.500
123590.656 586814.500
124393.164 586814.500
125195.664 586814.500
125998.172 586814.500
126800.664 586814.500
127603.172 586814.500
128405.680 586814.500
129208.188 586814.500
130010.688 586814.500
130813.180 586814.500
131615.703 586814.500
132416.500 586814.500
133220.688 586814.500
134023.219 586814.500
134824.016 586814.500
135628.219 586814.500
136430.703 586814.500
137231.531 586814.500
138034.016 586814.500
138838.219 586814.500
139639.031 586814.500
140441.547 586814.500
141244.047 586814.500
142048.250 586814.500
142849.047 586814.500
143651.547 586814.500
144454.062 586814.500
145256.562 586814.500
146059.062 586814.500
146861.562 586814.500
147664.078 586814.500
148466.578 586814.500
149269.062 586814.500
150071.594 586814.500
150874.078 586814.500
151676.594 586814.500
152477.375 586814.500
153281.594 586814.500
154084.109 586814.500
154884.906 586814.500
155689.109 586814.500
156491.609 586814.500
157294.125 586814.500
158094.922 586814.500
158899.125 586814.500
159701.625 586814.500
160502.438 586814.500
161304.953 586814.500
162109.125 586814.500
162909.938 586814.500
163712.453 586814.500
164514.953 586814.500
165317.453 586814.500
166119.953 586814.500
166922.469 586814.500
167724.969 586814.500
168527.469 586814.500
169329.969 586814.500
170132.484 586814.500
170934.984 586814.500
171737.484 586814.500
172539.984 586814.500
173342.500 586814.500
174145.000 586814.500
174947.500 586814.500
175750.000 586814.500
176552.500 586814.500
177355.016 586814.500
178155.812 586814.500
178960.016 586814.500
179762.531 586814.500
180563.312 586814.500
181365.828 586814.500
182170.031 586814.500
182970.844 586814.500
183773.328 586814.500
184575.844 586814.500
185380.047 586814.500
186180.859 586814.500
186983.344 586814.500
187785.875 586814.500
188588.359 586814.500
189390.875 586814.500
190193.359 586814.500
190995.891 586814.500
191798.375 586814.500
192600.891 586814.500
193403.391 586814.500
194205.891 586814.500
195008.391 586814.500
195810.906 586814.500
196613.406 586814.500
197415.891 586814.500
198216.703 586814.500
199020.906 586814.500
199823.422 586814.500
200625.906 586814.500
201426.750 586814.500
202230.938 586814.500
203033.438 586814.500
203834.234 586814.500
204636.734 586814.500
205440.938 586814.500
206241.750 586814.500
207044.266 586814.500
207846.766 586814.500
208649.250 586814.500
209451.750 586814.500
210254.250 586814.500
211056.781 586814.500
211859.281 586814.500
212661.781 586814.500
213464.281 586814.500
214266.797 586814.500
215069.281 586814.500
215871.781 586814.500
216674.297 586814.500
217476.797 586814.500
218279.312 586814.500
219081.797 586814.500
219884.312 586814.500
220686.797 586814.500
221487.641 586814.500
222291.844 586814.500
223094.328 586814.500
223895.125 586814.500
224697.641 586814.500
225501.828 586814.500
226302.641 586814.500
227105.156 586814.500
227907.656 586814.500
228711.859 586814.500
229512.672 586814.500
230315.188 586814.500
231117.672 586814.500
231920.172 586814.500
232722.672 586814.500
233525.172 586814.500
234327.688 586814.500
235130.188 586814.500
235932.688 586814.500
236735.188 586814.500
237537.703 586814.500
238340.203 586814.500
239142.688 586814.500
239945.188 586814.500
240747.734 586814.500
241548.531 586814.500
242352.734 586814.500
243155.219 586814.500
243957.719 586814.500
244758.531 586814.500
245562.703 586814.500
246365.250 586814.500
247166.047 586814.500
247968.531 586814.500
248772.734 586814.500
249573.562 586814.500
250376.078 586814.500
251178.547 586814.500
251981.062 586814.500
252783.562 586814.500
253586.062 586814.500
254388.609 586814.500
255191.078 586814.500
255993.594 586814.500
256796.094 586814.500
257598.578 586814.500
258401.109 586814.500
259203.594 586814.500
260006.125 586814.500
260808.609 586814.500
261611.109 586814.500
262413.594 586814.500
263216.094 586814.500
264018.625 586814.500
264819.406 586814.500
265623.625 586814.500
266426.125 586814.500
267226.938 586814.500
268029.438 586814.500
268833.656 586814.500
269634.469 586814.500
270436.969 586814.500
271239.438 586814.500
272043.656 586814.500
272844.500 586814.500
273646.969 586814.500
274451.156 586814.500
275357.156 586814.500
276366.656 586814.500
277481.344 586814.500
278699.531 586814.500
280022.875 586814.500
281448.062 586814.500
282980.125 586814.500
284613.969 586814.500
286351.312 586814.500
288193.844 586814.500
290141.562 586814.500
292191.094 586814.500
294347.469 586814.500
296605.719 586814.500
298967.406 586814.500
653
298967.406 586814.500
299009.812 589367.875
299050.531 591805.000
299089.562 594125.875
299126.906 596330.312
299162.531 598418.375
299196.438 600390.188
299228.688 602245.625
299257.500 603984.688
299284.688 605607.375
299310.125 607113.562
299333.875 608503.500
299357.625 609776.938
299376.312 610934.000
299394.969 611974.688
299410.219 612898.750
299425.469 613706.688
299437.375 614514.438
299452.656 615322.188
299466.219 616130.062
299479.781 616937.875
299495.062 617745.688
299508.625 618553.500
299522.188 619361.438
299537.469 620169.250
299551.031 620977.188
299566.281 621785.125
299579.875 622592.938
299593.438 623400.875
299608.750 624208.750
299622.281 625016.688
299637.562 625824.688
299651.156 626632.562
299664.719 627440.500
299679.969 628248.500
299693.562 629056.500
299708.812 629864.500
299722.406 630672.438
299737.656 631480.438
299751.250 632288.438
299766.500 633096.500
299780.094 633904.500
299795.344 634712.562
299808.938 635520.688
299824.188 636328.688
299837.781 637136.812
299853.031 637944.875
299868.281 638753.000
299883.594 639561.062
299897.156 640369.312
299912.438 641177.375
299926.000 641985.438
299941.250 642793.625
299956.531 643601.812
299970.125 644410.000
299985.406 645218.188
299998.938 646026.312
300015.906 646834.562
300029.500 647642.812
300044.750 648451.000
300060.031 649259.250
300073.562 650067.438
300088.875 650875.688
300104.125 651684.000
300117.719 652492.250
300134.688 653300.562
300148.281 654108.812
300163.531 654917.188
300178.781 655725.438
300192.375 656533.750
300209.344 657342.188
300224.594 658150.438
300238.188 658958.812
300253.438 659767.188
300268.719 660575.562
300284.000 661384.000
300299.219 662192.438
300314.500 663000.750
300329.781 663809.250
300345.094 664617.625
300360.344 665426.062
300375.594 666234.562
300389.156 667043.000
300406.125 667851.500
300421.406 668660.000
300436.688 669468.438
300450.281 670276.938
300467.219 671085.562
300482.469 671894.062
300497.781 672702.562
300513.031 673511.125
300528.281 674319.625
300543.562 675128.250
300558.812 675936.812
300574.125 676745.438
300589.375 677554.062
300606.344 678362.688
300621.594 679171.250
300636.906 679979.938
300652.156 680788.625
300667.438 681597.188
300682.688 682405.875
300699.656 683214.625
300714.906 684023.250
300730.219 684832.000
300745.469 685640.688
300762.438 686449.438
300777.719 687258.188
300792.969 688066.938
300808.219 688875.625
300825.219 689684.375
300840.469 690493.250
300857.438 691302.000
300872.719 692110.750
300888.000 692919.625
300903.250 693728.438
300920.219 694537.312
300935.500 695346.125
300950.750 696155.000
300967.719 696963.812
300983.000 697772.750
300999.938 698581.625
301015.219 699390.438
301032.219 700199.438
301047.438 701008.312
301064.438 701817.312
301079.719 702626.312
301096.656 703435.188
301111.938 704244.125
301128.906 705053.188
301144.188 705862.188
301161.156 706671.125
301176.438 707480.188
301193.375 708289.188
301208.656 709098.250
301225.594 709907.375
301240.906 710716.312
301257.875 711525.438
301273.125 712334.500
301290.094 713143.625
301307.062 713952.688
301322.312 714761.875
301339.312 715570.938
301356.250 716380.125
301373.219 717189.250
301388.469 717998.438
301405.469 718807.562
301422.406 719616.875
301437.688 720426.000
301454.688 721235.188
301469.938 722044.438
301486.906 722853.625
301503.844 723662.875
301520.812 724472.188
301537.781 725281.438
301554.750 726090.688
301570.031 726900.062
301586.969 727709.312
301603.938 728518.688
301620.906 729328.000
301637.875 730137.312
301654.875 730946.688
301670.125 731756.000
301687.094 732565.438
301704.062 733374.812
301721.031 734184.250
301738.000 734993.562
301754.969 735803.000
301771.906 736612.500
301788.906 737421.875
301805.844 738231.312
301822.812 739040.875
301839.750 739850.312
301856.750 740659.688
301873.719 741469.312
301890.688 742278.750
301907.656 743088.312
301924.656 743897.875
301941.594 744707.438
301958.562 745517.062
301975.531 746326.625
301992.500 747136.188
302009.438 747945.812
302026.406 748755.375
302045.094 749565.000
302060.344 750374.625
302079.000 751184.312
302095.969 751994.000
302112.938 752803.688
302129.938 753613.312
302148.562 754423.000
302165.531 755232.688
302182.500 756042.375
302199.469 756852.125
302216.438 757661.875
302235.094 758471.688
302252.062 759281.438
302269.062 760091.250
302286.000 760901.062
302304.656 761710.875
302321.625 762520.688
302338.594 763330.500
302357.250 764140.375
302374.219 764950.188
302391.188 765760.000
302409.844 766569.875
302426.812 767379.875
302445.500 768189.750
302462.469 768999.625
302479.406 769809.688
302496.375 770619.500
302515.062 771429.500
302532.000 772239.500
302550.656 773049.438
302567.656 773859.375
302586.312 774669.438
302603.281 775479.500
302621.906 776289.500
302638.875 777099.562
302657.562 777909.562
302674.531 778719.688
302693.188 779529.750
302710.156 780339.875
302728.812 781149.938
302747.500 781960.000
302764.469 782770.125
302783.125 783580.312
302800.062 784390.500
302818.719 785200.625
302835.719 786010.875
302854.375 786821.062
302873.031 787631.250
302890.000 788441.438
302908.656 789251.625
302927.312 790061.875
302944.281 790872.188
302962.938 791682.438
302981.594 792492.688
303000.281 793303.000
303017.250 794113.312
303035.906 794923.562
303054.562 795733.938
303073.219 796544.375
303090.188 797354.688
303108.875 798165.062
303127.500 798975.500
303146.156 799785.750
303164.844 800596.188
303183.500 801406.625
303200.469 802217.062
303219.156 803027.500
303237.812 803838.000
303256.469 804648.500
303275.125 805458.938
303293.781 806269.438
303312.469 807080.000
303331.125 807890.438
303348.094 808701.062
303366.750 809511.562
303387.125 810322.125
303404.062 811132.688
303422.750 811943.375
303441.438 812754.000
303461.750 813564.562
303478.719 814375.188
303497.406 815185.750
303516.062 815996.500
303534.688 816807.188
303555.062 817617.875
303573.750 818428.562
303592.375 819239.250
303611.031 820050.000
303629.719 820860.688
303648.375 821671.500
303667.062 822482.250
303687.406 823293.000
303706.062 824103.750
303724.750 824914.625
303743.438 825725.438
303762.062 826536.312
303780.719 827347.188
303799.406 828157.875
303819.750 828968.750
303838.406 829779.750
303857.062 830590.625
303875.750 831401.375
303896.094 832212.375
303914.781 833023.375
303933.406 833834.250
303952.094 834645.312
303972.438 835456.250
303991.094 836267.312
304009.750 837078.312
304028.438 837889.250
304048.781 838700.250
304067.469 839511.250
304086.125 840322.438
304106.469 841133.438
304125.125 841944.500
304145.500 842755.562
304164.156 843566.688
304182.812 844377.875
304203.188 845189.000
304221.844 846000.250
304242.219 846811.312
304260.875 847622.500
304281.219 848433.688
304299.906 849244.875
304320.250 850056.062
304340.625 850867.375
304359.250 851678.625
304379.656 852489.875
304398.281 853301.125
304418.656 854112.500
304439.031 854923.812
304457.656 855735.062
304478.062 856546.438
304496.688 857357.750
304517.062 858169.125
304535.750 858980.438
304556.094 859791.812
304576.438 860603.188
304596.781 861414.688
304615.469 862226.000
304635.844 863037.562
304654.500 863849.000
304674.875 864660.500
304695.219 865471.938
304715.562 866283.375
304735.906 867095.000
304754.594 867906.438
304774.969 868718.000
304795.312 869529.625
304815.625 870341.125
304836.031 871152.688
304854.688 871964.312
304875.031 872775.875
304895.406 873587.500
304915.750 874399.188
304936.125 875210.812
304954.750 876022.562
304975.156 876834.125
304995.500 877645.812
305015.875 878457.562
305036.219 879269.375
305056.594 880081.000
305076.969 880892.812
305097.312 881704.500
305117.625 882516.312
305138.031 883328.062
305158.375 884139.938
305177.031 884951.750
305199.094 885763.562
305219.469 886575.438
305238.125 887387.250
305260.188 888199.188
305280.531 889011.062
305300.906 889822.938
305321.250 890635.000
305341.656 891446.750
305361.969 892258.750
305382.344 893070.812
305402.688 893882.688
305423.062 894694.688
305445.125 895506.812
305463.781 896318.812
305485.844 897130.812
305506.188 897942.812
305526.531 898755.000
305548.625 899566.875
305567.281 900379.062
305589.312 901191.188
305609.688 902003.312
305630.062 902815.438
305652.094 903627.688
305672.469 904439.750
305692.812 905251.938
305713.188 906064.250
305735.250 906876.375
305755.594 907688.562
305777.625 908500.875
305798.031 909313.062
305818.344 910125.375
305838.750 910937.750
305860.781 911749.938
305881.156 912562.250
305903.219 913374.625
305923.531 914186.938
305945.656 914999.312
305966.000 915811.750
305986.344 916624.125
306008.406 917436.438
306028.750 918248.875
306050.812 919061.375
306071.188 919873.750
306093.219 920686.312
306113.594 921498.688
306135.625 922311.125
306156.000 923123.812
306178.062 923936.188
306198.438 924748.750
306220.500 925561.375
306242.500 926373.875
306262.906 927186.500
306283.250 927999.062
306305.312 928811.688
306327.375 929624.250
306347.719 930437.000
306369.781 931249.688
306391.812 932062.375
306412.188 932875.000
306434.281 933687.688
306456.281 934500.500
306476.656 935313.125
306498.750 936125.812
306520.750 936938.688
306542.812 937751.500
306564.906 938564.188
306585.250 939377.125
306607.312 940189.875
306629.375 941002.625
306651.406 941815.500
306671.781 942628.375
306693.812 943441.250
306715.875 944254.125
306737.969 945067.125
306758.312 945880.000
306780.344 946693.000
306804.094 947505.938
306824.500 948318.812
306846.500 949131.812
306868.594 949944.938
306890.656 950757.812
306912.688 951571.000
306934.750 952384.125
306956.812 953197.062
306977.156 954010.188
307000.938 954823.250
307022.969 955636.375
307045.031 956449.562
307067.094 957262.688
307089.156 958075.750
307109.500 958889.000
307133.250 959702.188
307155.312 960515.312
307177.375 961328.625
307199.438 962141.938
307221.469 962955.062
307243.531 963768.375
307265.594 964581.688
307287.625 965394.875
307309.719 966208.188
307331.781 967021.625
307355.531 967834.938
307377.562 968648.312
307399.625 969461.812
307423.375 970275.062
307445.438 971088.562
307467.500 971901.875
307489.562 972715.312
307511.625 973528.750
307533.656 974342.312
307557.406 975155.750
307579.438 975969.312
307601.531 976782.812
307623.562 977596.250
307647.344 978409.938
307669.375 979223.562
307691.438 980037.000
307715.219 980850.688
307737.250 981664.312
307759.312 982477.875
307783.062 983291.562
307805.094 984105.312
307828.875 984918.875
307850.938 985732.625
307874.656 986546.375
307896.719 987360.062
307920.469 988173.812
307942.562 988987.562
307964.594 989801.250
307986.688 990615.125
308010.438 991428.875
308032.469 992242.625
308056.250 993056.625
308080.000 993870.438
308102.031 994684.312
308125.812 995498.188
308149.562 996312.062
308171.594 997125.938
308193.625 997939.938
308217.406 998753.938
308241.156 999567.812
308263.219 1000381.94
308286.969 1001195.88
308310.719 1002009.88
308332.750 1002823.88
308356.531 1003638.00
308378.594 1004452.00
308402.312 1005266.06
308426.094 1006080.19
308448.156 1006894.19
308471.875 1007708.50
308495.656 1008522.62
308519.406 1009336.75
308543.156 1010150.94
308565.188 1010965.12
308588.969 1011779.38
308612.719 1012593.50
308636.469 1013407.94
308658.531 1014222.00
308682.281 1015036.38
308706.031 1015850.69
308729.781 1016664.88
308751.844 1017479.25
308777.281 1018293.69
308801.031 1019108.00
308823.125 1019922.44
308846.844 1020736.75
308870.594 1021551.06
308894.344 1022365.62
308918.094 1023180.06
308941.875 1023994.50
308965.625 1024808.94
308989.375 1025623.50
309013.125 1026437.81
309035.188 1027252.50
309060.656 1028067.19
309084.406 1028881.50
309108.156 1029696.25
309131.906 1030510.81
309155.625 1031325.38
309179.375 1032140.06
309203.125 1032954.69
309226.875 1033769.25
309250.625 1034584.06
309274.406 1035398.69
309298.125 1036213.38
309323.594 1037028.12
309347.344 1037842.94
309371.094 1038657.56
309394.844 1039472.44
309418.625 1040287.25
309442.375 1041102.00
309467.812 1041916.81
309491.562 1042731.69
309515.312 1043546.44
309539.094 1044361.44
309564.531 1045176.38
309588.281 1045991.38
309612.031 1046806.12
309635.781 1047621.12
309661.250 1048436.12
309685.000 1049251.12
309708.750 1050066.00
309732.500 1050881.12
309757.938 1051696.12
309781.688 1052511.25
309807.125 1053326.25
309830.875 1054141.25
309854.625 1054956.50
309880.094 1055771.50
309903.844 1056586.62
309929.281 1057401.88
309953.062 1058217.00
309978.500 1059032.12
310002.250 1059847.50
310026.000 1060662.62
310051.438 1061477.75
310075.188 1062293.12
310100.656 1063108.38
310124.375 1063923.75
310148.125 1064739.00
310175.312 1065554.38
310199.062 1066369.75
310222.844 1067185.00
310248.250 1068000.38
310272.000 1068815.75
310297.469 1069631.12
310322.938 1070446.62
310346.656 1071262.00
310372.125 1072077.50
310397.562 1072893.00
310421.312 1073708.38
310446.781 1074524.00
310472.219 1075339.62
310495.969 1076155.12
310521.406 1076970.50
310545.156 1077786.25
310572.312 1078601.75
310596.062 1079417.38
310621.531 1080233.12
310645.250 1081048.75
310672.406 1081864.38
310696.156 1082680.12
310721.625 1083495.75
310745.375 1084311.50
310770.812 1085127.25
310797.969 1085943.00
310821.719 1086758.75
310847.188 1087574.62
310872.594 1088390.38
310898.062 1089206.25
310923.531 1090022.00
310948.969 1090837.88
310972.719 1091653.88
310998.156 1092469.75
311023.625 1093285.62
311049.062 1094101.62
311074.531 1094917.62
311099.969 1095733.50
311125.438 1096549.38
311150.844 1097365.62
311176.312 1098181.50
311201.781 1098997.50
311227.219 1099813.62
311252.656 1100629.62
311278.125 1101445.75
311303.562 1102261.88
311329.000 1103078.00
311356.156 1103894.12
311379.906 1104710.38
311405.344 1105526.50
311430.812 1106342.75
311456.281 1107159.12
311481.688 1107975.25
311507.156 1108791.38
311530.906 1109607.88
311556.375 1110424.12
311581.781 1111240.50
311607.250 1112056.75
311631.000 1112873.00
311656.469 1113689.50
311681.906 1114505.88
311707.344 1115322.12
311732.812 1116138.62
311758.281 1116955.12
311783.688 1117771.62
311812.562 1118705.75
311844.781 1119757.62
311882.125 1120927.25
311921.156 1122214.62
311965.250 1123619.62
312012.750 1125142.50
312065.375 1126783.25
312119.625 1128541.75
312179.000 1130418.12
312241.781 1132412.25
312307.938 1134524.12
312377.531 1136753.88
312452.188 1139101.62
312531.906 1141567.38
312613.375 1144151.00
723
312613.375 1144151.00
310226.219 1144151.00
307942.562 1144151.00
305764.125 1144151.00
303690.812 1144151.00
301722.719 1144151.00
299858.125 1144151.00
298100.438 1144151.00
296447.938 1144151.00
294900.594 1144151.00
293456.781 1144151.00
292119.844 1144151.00
290888.094 1144151.00
289759.812 1144151.00
288738.438 1144151.00
287820.562 1144151.00
287009.562 1144151.00
286196.938 1144151.00
285385.938 1144151.00
284573.219 1144151.00
283760.562 1144151.00
282949.531 1144151.00
282138.594 1144151.00
281325.906 1144151.00
280513.188 1144151.00
279702.250 1144151.00
278889.531 1144151.00
278078.531 1144151.00
277267.562 1144151.00
276453.188 1144151.00
275642.188 1144151.00
274831.219 1144151.00
274018.531 1144151.00
273207.531 1144151.00
272394.875 1144151.00
271582.188 1144151.00
270771.188 1144151.00
269960.219 1144151.00
269145.844 1144151.00
268334.844 1144151.00
267523.875 1144151.00
266711.156 1144151.00
265900.188 1144151.00
265087.469 1144151.00
264274.812 1144151.00
263463.844 1144151.00
262651.156 1144151.00
261840.172 1144151.00
261027.469 1144151.00
260216.469 1144151.00
259403.797 1144151.00
258592.828 1144151.00
257780.141 1144151.00
256967.438 1144151.00
256156.469 1144151.00
255343.766 1144151.00
254532.797 1144151.00
253721.797 1144151.00
252909.094 1144151.00
252096.438 1144151.00
251285.438 1144151.00
250472.766 1144151.00
249661.766 1144151.00
248849.094 1144151.00
248036.406 1144151.00
247225.406 1144151.00
246414.438 1144151.00
245601.766 1144151.00
244789.078 1144151.00
243978.078 1144151.00
243165.406 1144151.00
242354.406 1144151.00
241541.734 1144151.00
240729.047 1144151.00
239918.078 1144151.00
239107.078 1144151.00
238294.406 1144151.00
237481.703 1144151.00
236670.719 1144151.00
235858.047 1144151.00
235047.047 1144151.00
234234.391 1144151.00
233421.688 1144151.00
232610.688 1144151.00
231799.703 1144151.00
230987.016 1144151.00
230176.062 1144151.00
229363.375 1144151.00
228550.656 1144151.00
227739.703 1144151.00
226927.016 1144151.00
226116.000 1144151.00
225303.328 1144151.00
224492.344 1144151.00
223679.641 1144151.00
222868.688 1144151.00
222056.000 1144151.00
221243.312 1144151.00
220432.328 1144151.00
219619.641 1144151.00
218808.625 1144151.00
217997.672 1144151.00
217184.984 1144151.00
216372.297 1144151.00
215561.297 1144151.00
214748.625 1144151.00
213937.641 1144151.00
213124.953 1144151.00
212312.266 1144151.00
211501.297 1144151.00
210690.297 1144151.00
209877.609 1144151.00
209064.953 1144151.00
208253.938 1144151.00
207441.250 1144151.00
206630.281 1144151.00
205817.609 1144151.00
205004.906 1144151.00
204193.922 1144151.00
203382.922 1144151.00
202570.250 1144151.00
201757.578 1144151.00
200946.594 1144151.00
200133.891 1144151.00
199322.906 1144151.00
198510.219 1144151.00
197697.547 1144151.00
196886.562 1144151.00
196073.859 1144151.00
195262.875 1144151.00
194451.891 1144151.00
193639.219 1144151.00
192826.531 1144151.00
192015.547 1144151.00
191202.875 1144151.00
190391.891 1144151.00
189579.203 1144151.00
188766.500 1144151.00
187955.531 1144151.00
187144.531 1144151.00
186331.859 1144151.00
185519.172 1144151.00
184708.188 1144151.00
183895.500 1144151.00
183084.516 1144151.00
182273.531 1144151.00
181459.141 1144151.00
180648.156 1144151.00
179837.172 1144151.00
179024.484 1144151.00
178213.500 1144151.00
177400.812 1144151.00
176588.141 1144151.00
175777.156 1144151.00
174964.469 1144151.00
174151.781 1144151.00
173340.797 1144151.00
172529.812 1144151.00
171717.125 1144151.00
170906.141 1144151.00
170093.453 1144151.00
169280.766 1144151.00
168469.781 1144151.00
167657.094 1144151.00
166846.109 1144151.00
166033.438 1144151.00
165222.438 1144151.00
164409.766 1144151.00
163598.781 1144151.00
162786.078 1144151.00
161973.422 1144151.00
161162.422 1144151.00
160349.734 1144151.00
159538.750 1144151.00
158727.766 1144151.00
157915.078 1144151.00
157102.406 1144151.00
156291.422 1144151.00
155478.734 1144151.00
154667.734 1144151.00
153855.047 1144151.00
153042.375 1144151.00
152231.391 1144151.00
151420.406 1144151.00
150607.703 1144151.00
149795.016 1144151.00
148984.047 1144151.00
148171.375 1144151.00
147360.375 1144151.00
146547.703 1144151.00
145735.000 1144151.00
144924.016 1144151.00
144113.031 1144151.00
143300.359 1144151.00
142487.672 1144151.00
141676.672 1144151.00
140863.984 1144151.00
140053.000 1144151.00
139240.328 1144151.00
138427.641 1144151.00
137616.656 1144151.00
136805.656 1144151.00
135992.984 1144151.00
135182.000 1144151.00
134369.312 1144151.00
133556.641 1144151.00
132745.656 1144151.00
131932.953 1144151.00
131121.969 1144151.00
130309.289 1144151.00
129498.305 1144151.00
128685.625 1144151.00
127874.641 1144151.00
127061.945 1144151.00
126249.273 1144151.00
125438.281 1144151.00
124625.609 1144151.00
123814.625 1144151.00
123003.641 1144151.00
122189.242 1144151.00
121378.250 1144151.00
120567.266 1144151.00
119754.594 1144151.00
118943.602 1144151.00
118130.930 1144151.00
117318.227 1144151.00
116507.242 1144151.00
115696.258 1144151.00
114883.578 1144151.00
114070.898 1144151.00
113259.898 1144151.00
112447.227 1144151.00
111636.242 1144151.00
110823.547 1144151.00
110010.867 1144151.00
109199.891 1144151.00
108387.195 1144151.00
107576.211 1144151.00
106763.523 1144151.00
105952.547 1144151.00
105139.859 1144151.00
104328.875 1144151.00
103516.180 1144151.00
102703.508 1144151.00
101892.516 1144151.00
101079.828 1144151.00
100268.844 1144151.00
99457.8594 1144151.00
98645.1719 1144151.00
97832.4922 1144151.00
97021.5078 1144151.00
96208.8281 1144151.00
95397.8281 1144151.00
94585.1562 1144151.00
93772.4688 1144151.00
92961.4844 1144151.00
92150.4922 1144151.00
91337.8125 1144151.00
90525.1250 1144151.00
89714.1406 1144151.00
88901.4531 1144151.00
88090.4688 1144151.00
87277.7891 1144151.00
86465.1094 1144151.00
85654.1172 1144151.00
84843.1328 1144151.00
84030.4453 1144151.00
83217.7656 1144151.00
82406.7734 1144151.00
81594.1016 1144151.00
80783.1094 1144151.00
79970.4219 1144151.00
79157.7422 1144151.00
78346.7500 1144151.00
77535.7656 1144151.00
76723.0859 1144151.00
75912.0938 1144151.00
75099.4141 1144151.00
74286.7266 1144151.00
73475.7422 1144151.00
72663.0625 1144151.00
71852.0703 1144151.00
71039.3906 1144151.00
70228.4062 1144151.00
69415.7188 1144151.00
68604.7344 1144151.00
67792.0469 1144151.00
66979.3672 1144151.00
66168.3750 1144151.00
65355.6992 1144151.00
64544.7070 1144151.00
63733.7227 1144151.00
62921.0391 1144151.00
62108.3555 1144151.00
61297.3672 1144151.00
60484.6914 1144151.00
59673.6992 1144151.00
58861.0156 1144151.00
58048.3359 1144151.00
57237.3438 1144151.00
56426.3594 1144151.00
55613.6797 1144151.00
54800.9883 1144151.00
53990.0039 1144151.00
53177.3281 1144151.00
52366.3359 1144151.00
51553.6523 1144151.00
50740.9688 1144151.00
49929.9844 1144151.00
49118.9961 1144151.00
48306.3086 1144151.00
47493.6250 1144151.00
46682.6445 1144151.00
45869.9609 1144151.00
45058.9727 1144151.00
44246.2891 1144151.00
43433.6016 1144151.00
42622.6172 1144151.00
41811.6289 1144151.00
40998.9453 1144151.00
40187.9570 1144151.00
39375.2773 1144151.00
38562.5898 1144151.00
37751.6055 1144151.00
36938.9219 1144151.00
36127.9375 1144151.00
35315.2500 1144151.00
34502.5664 1144151.00
33691.5820 1144151.00
32880.5977 1144151.00
32067.9082 1144151.00
31255.2305 1144151.00
30444.2422 1144151.00
29631.5566 1144151.00
28820.5684 1144151.00
28009.5859 1144151.00
27195.2031 1144151.00
26384.2168 1144151.00
25573.2305 1144151.00
24760.5469 1144151.00
23949.5605 1144151.00
23136.8770 1144151.00
22324.1934 1144151.00
21513.2070 1144151.00
20700.5215 1144151.00
19887.8398 1144151.00
19076.8535 1144151.00
18265.8652 1144151.00
17453.1836 1144151.00
16642.1953 1144151.00
15829.5137 1144151.00
15016.8291 1144151.00
14205.8418 1144151.00
13393.1592 1144151.00
12582.1729 1144151.00
11769.4883 1144151.00
10958.5010 1144151.00
10145.8174 1144151.00
9334.83203 1144151.00
8522.14746 1144151.00
7709.46484 1144151.00
6898.47754 1144151.00
6085.79443 1144151.00
5274.80762 1144151.00
4463.82080 1144151.00
3651.13745 1144151.00
2838.45410 1144151.00
2027.46680 1144151.00
1214.78357 1144151.00
403.796753 1144151.00
-408.886658 1144151.00
-1221.57007 1144151.00
-2032.55701 1144151.00
-2843.54395 1144151.00
-3656.22729 1144151.00
-4468.91113 1144151.00
-5279.89746 1144151.00
-6092.58057 1144151.00
-6903.56738 1144151.00
-7716.25049 1144151.00
-8528.93457 1144151.00
-9339.92188 1144151.00
-10150.9082 1144151.00
-10963.5918 1144151.00
-11776.2754 1144151.00
-12587.2607 1144151.00
-13399.9453 1144151.00
-14210.9316 1144151.00
-15023.6152 1144151.00
-15836.2979 1144151.00
-16647.2871 1144151.00
-17458.2715 1144151.00
-18270.9570 1144151.00
-19081.9434 1144151.00
-19894.6270 1144151.00
-20707.3105 1144151.00
-21518.2969 1144151.00
-22330.9766 1144151.00
-23141.9668 1144151.00
-23954.6504 1144151.00
-24765.6387 1144151.00
-25578.3184 1144151.00
-26389.3066 1144151.00
-27201.9902 1144151.00
-28014.6719 1144151.00
-28825.6602 1144151.00
-29638.3457 1144151.00
-30449.3340 1144151.00
-31260.3164 1144151.00
-32074.6992 1144151.00
-32885.6836 1144151.00
-33696.6719 1144151.00
-34509.3555 1144151.00
-35320.3438 1144151.00
-36133.0234 1144151.00
-36945.7109 1144151.00
-37756.6953 1144151.00
-38567.6836 1144151.00
-39380.3633 1144151.00
-40193.0508 1144151.00
-41004.0391 1144151.00
-41816.7188 1144151.00
-42627.7031 1144151.00
-43440.3906 1144151.00
-44253.0703 1144151.00
-45064.0586 1144151.00
-45875.0469 1144151.00
-46687.7305 1144151.00
-47500.4141 1144151.00
-48311.3984 1144151.00
-49124.0820 1144151.00
-49935.0703 1144151.00
-50747.7500 1144151.00
-51560.4375 1144151.00
-52371.4219 1144151.00
-53184.1055 1144151.00
-53995.0977 1144151.00
-54806.0820 1144151.00
-55618.7617 1144151.00
-56431.4492 1144151.00
-57242.4336 1144151.00
-58055.1133 1144151.00
-58866.1055 1144151.00
-59678.7852 1144151.00
-60491.4688 1144151.00
-61302.4609 1144151.00
-62113.4453 1144151.00
-62926.1289 1144151.00
-63738.8164 1144151.00
-64549.7930 1144151.00
-65362.4844 1144151.00
-66173.4688 1144151.00
-66986.1562 1144151.00
-67798.8359 1144151.00
-68609.8281 1144151.00
-69420.8125 1144151.00
-70233.4922 1144151.00
-71044.4766 1144151.00
-71857.1641 1144151.00
-72669.8516 1144151.00
-73480.8359 1144151.00
-74293.5156 1144151.00
-75106.2031 1144151.00
-75917.1875 1144151.00
-76728.1719 1144151.00
-77540.8594 1144151.00
-78351.8438 1144151.00
-79164.5312 1144151.00
-79977.2109 1144151.00
-80788.1953 1144151.00
-81600.8750 1144151.00
-82411.8672 1144151.00
-83224.5547 1144151.00
-84035.5391 1144151.00
-84848.2266 1144151.00
-85659.2109 1144151.00
-86471.8906 1144151.00
-87284.5781 1144151.00
-88095.5625 1144151.00
-88908.2422 1144151.00
-89719.2422 1144151.00
-90530.2109 1144151.00
-91342.9062 1144151.00
-92155.5859 1144151.00
-92966.5703 1144151.00
-93779.2578 1144151.00
-94590.2422 1144151.00
-95402.9297 1144151.00
-96215.6172 1144151.00
-97026.6016 1144151.00
-97837.5781 1144151.00
-98650.2734 1144151.00
-99462.9531 1144151.00
-100273.945 1144151.00
-101086.625 1144151.00
-101897.609 1144151.00
-102710.289 1144151.00
-103522.969 1144151.00
-104333.961 1144151.00
-105144.953 1144151.00
-105957.641 1144151.00
-106770.312 1144151.00
-107581.297 1144151.00
-108393.984 1144151.00
-109204.977 1144151.00
-110017.656 1144151.00
-110830.344 1144151.00
-111641.328 1144151.00
-112452.312 1144151.00
-113264.992 1144151.00
-114075.984 1144151.00
-114888.672 1144151.00
-115701.344 1144151.00
-116512.336 1144151.00
-117325.023 1144151.00
-118136.008 1144151.00
-118948.695 1144151.00
-119761.375 1144151.00
-120572.359 1144151.00
-121383.344 1144151.00
-122196.023 1144151.00
-123008.711 1144151.00
-123819.703 1144151.00
-124632.391 1144151.00
-125443.359 1144151.00
-126254.352 1144151.00
-127068.734 1144151.00
-127879.734 1144151.00
-128690.719 1144151.00
-129503.391 1144151.00
-130314.383 1144151.00
-131127.078 1144151.00
-131939.750 1144151.00
-132750.734 1144151.00
-133561.734 1144151.00
-134376.109 1144151.00
-135187.094 1144151.00
-135998.078 1144151.00
-136810.766 1144151.00
-137621.750 1144151.00
-138434.422 1144151.00
-139247.125 1144151.00
-140058.109 1144151.00
-140870.781 1144151.00
-141681.766 1144151.00
-142494.453 1144151.00
-143305.438 1144151.00
-144118.125 1144151.00
-144929.109 1144151.00
-145741.797 1144151.00
-146554.469 1144151.00
-147365.469 1144151.00
-148178.156 1144151.00
-148989.141 1144151.00
-149800.125 1144151.00
-150612.797 1144151.00
-151425.484 1144151.00
-152236.484 1144151.00
-153049.156 1144151.00
-153860.141 1144151.00
-154672.828 1144151.00
-155485.500 1144151.00
-156296.500 1144151.00
-157107.484 1144151.00
-157920.172 1144151.00
-158732.859 1144151.00
-159543.844 1144151.00
-160356.516 1144151.00
-161167.516 1144151.00
-161980.203 1144151.00
-162792.875 1144151.00
-163603.875 1144151.00
-164414.859 1144151.00
-165227.531 1144151.00
-166040.219 1144151.00
-166851.203 1144151.00
-167663.906 1144151.00
-168474.875 1144151.00
-169287.547 1144151.00
-170100.234 1144151.00
-170911.234 1144151.00
-171722.219 1144151.00
-172534.906 1144151.00
-173345.891 1144151.00
-174158.562 1144151.00
-174971.250 1144151.00
-175782.234 1144151.00
-176594.938 1144151.00
-177405.922 1144151.00
-178218.578 1144151.00
-179029.578 1144151.00
-179842.250 1144151.00
-180653.266 1144151.00
-181465.953 1144151.00
-182278.609 1144151.00
-183089.594 1144151.00
-183902.281 1144151.00
-184713.297 1144151.00
-185524.281 1144151.00
-186338.625 1144151.00
-187149.625 1144151.00
-187960.609 1144151.00
-188773.297 1144151.00
-189584.281 1144151.00
-190396.969 1144151.00
-191209.641 1144151.00
-192020.641 1144151.00
-192831.625 1144151.00
-193644.312 1144151.00
-194457.000 1144151.00
-195267.984 1144151.00
-196080.672 1144151.00
-196891.656 1144151.00
-197704.312 1144151.00
-198517.000 1144151.00
-199327.984 1144151.00
-200139.000 1144151.00
-200951.672 1144151.00
-201764.344 1144151.00
-202575.359 1144151.00
-203388.031 1144151.00
-204199.000 1144151.00
-205011.703 1144151.00
-205824.375 1144151.00
-206635.359 1144151.00
-207448.047 1144151.00
-208259.031 1144151.00
-209070.031 1144151.00
-209882.688 1144151.00
-210695.375 1144151.00
-211506.375 1144151.00
-212319.062 1144151.00
-213130.062 1144151.00
-213942.734 1144151.00
-214755.422 1144151.00
-215566.406 1144151.00
-216377.391 1144151.00
-217190.062 1144151.00
-218002.750 1144151.00
-218813.750 1144151.00
-219626.406 1144151.00
-220437.422 1144151.00
-221248.391 1144151.00
-222062.781 1144151.00
-222873.766 1144151.00
-223684.750 1144151.00
-224497.438 1144151.00
-225308.438 1144151.00
-226121.109 1144151.00
-226933.797 1144151.00
-227744.781 1144151.00
-228557.453 1144151.00
-229370.125 1144151.00
-230181.141 1144151.00
-230992.125 1144151.00
-231804.797 1144151.00
-232615.766 1144151.00
-233428.469 1144151.00
-234241.141 1144151.00
-235052.141 1144151.00
-235864.812 1144151.00
-236675.812 1144151.00
-237488.500 1144151.00
-238299.469 1144151.00
-239112.172 1144151.00
-239923.141 1144151.00
-240735.828 1144151.00
-241548.531 1144151.00
-242359.500 1144151.00
-243172.172 1144151.00
-243983.203 1144151.00
-244794.172 1144151.00
-245606.859 1144151.00
-246419.531 1144151.00
-247230.531 1144151.00
-248043.203 1144151.00
-248854.172 1144151.00
-249666.891 1144151.00
-250479.562 1144151.00
-251290.531 1144151.00
-252101.531 1144151.00
-252914.203 1144151.00
-253726.891 1144151.00
-254537.891 1144151.00
-255350.594 1144151.00
-256161.531 1144151.00
-256974.234 1144151.00
-257786.922 1144151.00
-258597.891 1144151.00
-259408.922 1144151.00
-260221.562 1144151.00
-261034.266 1144151.00
-261845.250 1144151.00
-262657.906 1144151.00
-263468.906 1144151.00
-264281.594 1144151.00
-265094.281 1144151.00
-265905.281 1144151.00
-266716.250 1144151.00
-267528.938 1144151.00
-268339.938 1144151.00
-269152.594 1144151.00
-269965.281 1144151.00
-270776.281 1144151.00
-271588.969 1144151.00
-272399.969 1144151.00
-273212.656 1144151.00
-274025.344 1144151.00
-274941.500 1144151.00
-275962.844 1144151.00
-277091.125 1144151.00
-278322.875 1144151.00
-279661.500 1144151.00
-281103.625 1144151.00
-282650.969 1144151.00
-284303.438 1144151.00
-286061.156 1144151.00
-287924.062 1144151.00
-289893.844 1144151.00
-291965.438 1144151.00
-294143.906 1144151.00
-296427.531 1144151.00
-298818.094 1144151.00
