         249
   161343.641        -218693.391    
   161304.594        -210870.578    
   161265.750        -203344.078    
   161228.750        -196114.156    
   161191.969        -189180.688    
   161157.016        -182543.734    
   161125.578        -176203.000    
   161094.344        -170158.750    
   161064.969        -164410.797    
   161035.781        -158959.125    
   161008.469        -153803.734    
   160982.984        -148944.547    
   160961.016        -144381.594    
   160937.609        -140114.953    
   160917.703        -136144.500    
   160897.984        -132470.219    
   160880.125        -129091.992    
   160864.125        -126010.133    
   160849.984        -123224.312    
   160837.688        -120734.609    
   160827.250        -118541.141    
   160817.016        -116643.711    
   160808.641        -115042.484    
   160800.469        -113737.383    
   160795.781        -112728.383    
   160791.078        -111711.633    
   160784.703        -110695.000    
   160779.984        -109678.375    
   160775.281        -108661.742    
   160770.562        -107645.117    
   160765.828        -106628.492    
   160759.469        -105611.883    
   160754.750        -104595.266    
   160748.391        -103578.883    
   160743.672        -102562.578    
   160738.953        -101546.281    
   160732.578        -100529.883    
   160727.875        -99513.6016    
   160723.156        -98497.3203    
   160716.781        -97480.9453    
   160712.078        -96464.6562    
   160707.344        -95448.5938    
   160701.000        -94432.6484    
   160696.266        -93416.6953    
   160691.562        -92400.6406    
   160685.188        -91384.5859    
   160680.484        -90368.6406    
   160675.766        -89352.5859    
   160669.406        -88336.6562    
   160664.703        -87321.0312    
   160659.969        -86305.3047    
   160653.609        -85289.6953    
   160648.891        -84273.9688    
   160644.188        -83258.2500    
   160637.812        -82242.6484    
   160633.094        -81226.9375    
   160628.391        -80211.2188    
   160622.031        -79195.9375    
   160617.328        -78180.5547    
   160612.609        -77165.0547    
   160606.250        -76149.7812    
   160601.531        -75134.3984    
   160595.172        -74119.1328    
   160590.453        -73103.7500    
   160585.734        -72088.3672    
   160579.391        -71073.3203    
   160574.672        -70058.2578    
   160569.953        -69043.2031    
   160563.609        -68028.2656    
   160558.875        -67013.2109    
   160554.172        -65998.1562    
   160547.812        -64983.1172    
   160543.109        -63968.0742    
   160538.391        -62953.3438    
   160532.031        -61938.6250    
   160527.328        -60923.9023    
   160522.625        -59909.1758    
   160516.250        -58894.4609    
   160511.562        -57879.8516    
   160506.844        -56865.0234    
   160500.500        -55850.3164    
   160497.422        -54836.0117    
   160491.078        -53821.6289    
   160486.344        -52807.2305    
   160481.656        -51792.7266    
   160475.281        -50778.3398    
   160470.594        -49763.9570    
   160465.875        -48749.5625    
   160459.516        -47735.1836    
   160454.812        -46721.1133    
   160450.109        -45707.0430    
   160443.750        -44692.9883    
   160439.047        -43678.9219    
   160432.688        -42664.8672    
   160427.984        -41650.8047    
   160423.266        -40636.7383    
   160416.922        -39622.5820    
   160412.203        -38608.8398    
   160407.516        -37595.0938    
   160401.156        -36581.3672    
   160396.453        -35567.5195    
   160391.734        -34553.7812    
   160385.406        -33540.0508    
   160380.672        -32526.2090    
   160375.969        -31512.5762    
   160369.625        -30499.1738    
   160364.922        -29485.6484    
   160360.203        -28472.2324    
   160353.875        -27458.8262    
   160349.141        -26445.4102    
   160344.453        -25431.8906    
   160338.094        -24418.4863    
   160333.391        -23405.0762    
   160328.688        -22391.9824    
   160322.344        -21378.7910    
   160317.641        -20365.6992    
   160312.922        -19352.6055    
   160306.594        -18339.5234    
   160301.875        -17326.4336    
   160297.172        -16313.2344    
   160290.828        -15300.1533    
   160286.109        -14287.3828    
   160279.766        -13274.6211    
   160275.078        -12261.7432    
   160270.359        -11248.9707    
   160264.031        -10236.1055    
   160259.328        -9223.44043    
   160254.609        -8210.56348    
   160248.266        -7197.80371    
   160243.562        -6185.35156    
   160238.859        -5172.79395    
   160232.516        -4160.35303    
   160227.828        -3147.90088    
   160223.125        -2135.44922    
   160216.766        -1123.00806    
   160212.078        -110.556656    
   160207.359         902.000793    
   160201.016         1914.12366    
   160196.328         2926.25708    
   160191.625         3938.39062    
   160185.266         4950.51416    
   160180.578         5962.75439    
   160175.891         6974.88818    
   160171.172         7987.02197    
   160166.469         8999.15625    
   160160.125         10011.0684    
   160155.438         11022.8848    
   160150.734         12034.7021    
   160144.391         13046.5088    
   160139.688         14058.3271    
   160133.344         15070.1338    
   160128.656         16082.1641    
   160123.953         17093.9824    
   160117.594         18105.3652    
   160112.891         19116.8672    
   160108.203         20128.3711    
   160101.859         21139.9688    
   160097.172         22151.4727    
   160092.469         23162.9746    
   160086.141         24174.4688    
   160081.422         25186.0781    
   160076.734         26197.2676    
   160070.406         27208.3398    
   160065.688         28219.5273    
   160061.000         29230.8242    
   160054.656         30242.0039    
   160049.969         31253.0879    
   160045.266         32264.3848    
   160038.922         33275.5664    
   160034.234         34286.4414    
   160029.531         35297.3203    
   160023.188         36308.1836    
   160018.500         37319.0625    
   160013.812         38329.9414    
   160007.453         39340.8086    
   160002.766         40351.6914    
   159998.062         41362.5742    
   159991.734         42373.1289    
   159987.031         43383.6953    
   159980.703         44394.1445    
   159976.016         45404.8164    
   159971.312         46415.2812    
   159964.969         47425.9492    
   159960.281         48436.4102    
   159955.594         49447.0898    
   159949.250         50457.2266    
   159944.547         51467.4844    
   159939.859         52477.7461    
   159933.531         53487.9922    
   159928.828         54498.1484    
   159924.141         55508.4102    
   159917.812         56518.6602    
   159913.109         57528.8242    
   159908.422         58538.8789    
   159902.078         59548.7109    
   159897.391         60558.6680    
   159892.703         61568.5078    
   159886.359         62578.4570    
   159881.672         63588.4023    
   159876.969         64598.3672    
   159870.656         65608.2109    
   159865.953         66617.8594    
   159861.250         67627.3984    
   159854.938         68637.0234    
   159850.250         69646.5703    
   159845.547         70656.2109    
   159839.219         71665.7500    
   159834.531         72675.4062    
   159828.188         73685.0547    
   159823.500         74694.2812    
   159818.812         75703.6172    
   159812.484         76712.8516    
   159807.797         77722.1953    
   159803.094         78731.4375    
   159796.766         79740.7734    
   159792.078         80750.0156    
   159787.375         81759.3750    
   159781.062         82768.1875    
   159776.375         83777.2188    
   159771.688         84786.1562    
   159765.344         85795.1953    
   159760.656         86804.0234    
   159755.969         87813.0781    
   159749.641         88822.0078    
   159746.594         89831.0625    
   159740.344         90827.9141    
   159733.891         92117.4688    
   159725.594         93699.7109    
   159715.469         95574.5625    
   159703.531         97741.7891    
   159691.359         100201.859    
   159677.359         102954.406    
   159661.547         105999.789    
   159643.875         109337.594    
   159626.016         112968.039    
   159604.672         116891.219    
   159583.125         121107.180    
   159559.734         125615.555    
   159534.531         130416.742    
   159507.469         135510.641    
   159480.203         140897.234    
   159449.469         146576.578    
   159418.531         152548.797    
   159385.750         158813.656    
   159352.750         165371.375    
   159316.266         172221.891    
   159279.609         179365.312    
   159241.062         186801.703    
   159200.703         194530.984    
