   1.2029000e+01   1.4698278e+02
   1.2099317e+01   1.4698286e+02
   1.2166972e+01   1.4698294e+02
   1.2231964e+01   1.4698301e+02
   1.2294293e+01   1.4698308e+02
   1.2353959e+01   1.4698314e+02
   1.2410963e+01   1.4698321e+02
   1.2465303e+01   1.4698327e+02
   1.2516981e+01   1.4698333e+02
   1.2565996e+01   1.4698338e+02
   1.2612349e+01   1.4698343e+02
   1.2656038e+01   1.4698348e+02
   1.2697065e+01   1.4698353e+02
   1.2735429e+01   1.4698357e+02
   1.2771130e+01   1.4698361e+02
   1.2804168e+01   1.4698365e+02
   1.2834544e+01   1.4698368e+02
   1.2862256e+01   1.4698371e+02
   1.2887306e+01   1.4698374e+02
   1.2909694e+01   1.4698376e+02
   1.2929418e+01   1.4698379e+02
   1.2946480e+01   1.4698381e+02
   1.2960878e+01   1.4698382e+02
   1.2972614e+01   1.4698383e+02
   1.2981688e+01   1.4698384e+02
   1.2990830e+01   1.4698385e+02
   1.2999972e+01   1.4698386e+02
   1.3009114e+01   1.4698387e+02
   1.3018256e+01   1.4698389e+02
   1.3027398e+01   1.4698390e+02
   1.3036540e+01   1.4698391e+02
   1.3045682e+01   1.4698392e+02
   1.3054824e+01   1.4698393e+02
   1.3063964e+01   1.4698394e+02
   1.3073103e+01   1.4698395e+02
   1.3082242e+01   1.4698396e+02
   1.3091382e+01   1.4698397e+02
   1.3100521e+01   1.4698398e+02
   1.3109660e+01   1.4698399e+02
   1.3118800e+01   1.4698400e+02
   1.3127939e+01   1.4698401e+02
   1.3137076e+01   1.4698402e+02
   1.3146213e+01   1.4698403e+02
   1.3155349e+01   1.4698404e+02
   1.3164486e+01   1.4698405e+02
   1.3173623e+01   1.4698406e+02
   1.3182759e+01   1.4698407e+02
   1.3191896e+01   1.4698408e+02
   1.3201033e+01   1.4698409e+02
   1.3210166e+01   1.4698410e+02
   1.3219300e+01   1.4698411e+02
   1.3228434e+01   1.4698412e+02
   1.3237568e+01   1.4698413e+02
   1.3246702e+01   1.4698414e+02
   1.3255836e+01   1.4698415e+02
   1.3264970e+01   1.4698416e+02
   1.3274104e+01   1.4698417e+02
   1.3283235e+01   1.4698418e+02
   1.3292366e+01   1.4698419e+02
   1.3301498e+01   1.4698420e+02
   1.3310629e+01   1.4698421e+02
   1.3319760e+01   1.4698422e+02
   1.3328891e+01   1.4698423e+02
   1.3338022e+01   1.4698424e+02
   1.3347154e+01   1.4698425e+02
   1.3356282e+01   1.4698426e+02
   1.3365411e+01   1.4698427e+02
   1.3374539e+01   1.4698428e+02
   1.3383667e+01   1.4698429e+02
   1.3392796e+01   1.4698430e+02
   1.3401924e+01   1.4698431e+02
   1.3411053e+01   1.4698432e+02
   1.3420181e+01   1.4698433e+02
   1.3429307e+01   1.4698434e+02
   1.3438433e+01   1.4698435e+02
   1.3447558e+01   1.4698436e+02
   1.3456684e+01   1.4698437e+02
   1.3465810e+01   1.4698438e+02
   1.3474935e+01   1.4698439e+02
   1.3484061e+01   1.4698440e+02
   1.3493187e+01   1.4698441e+02
   1.3502309e+01   1.4698443e+02
   1.3511432e+01   1.4698444e+02
   1.3520555e+01   1.4698445e+02
   1.3529678e+01   1.4698446e+02
   1.3538801e+01   1.4698447e+02
   1.3547924e+01   1.4698448e+02
   1.3557047e+01   1.4698449e+02
   1.3566170e+01   1.4698450e+02
   1.3575290e+01   1.4698451e+02
   1.3584410e+01   1.4698452e+02
   1.3593530e+01   1.4698453e+02
   1.3602650e+01   1.4698454e+02
   1.3611770e+01   1.4698455e+02
   1.3620890e+01   1.4698456e+02
   1.3630010e+01   1.4698457e+02
   1.3639131e+01   1.4698458e+02
   1.3648248e+01   1.4698459e+02
   1.3657365e+01   1.4698460e+02
   1.3666482e+01   1.4698461e+02
   1.3675600e+01   1.4698462e+02
   1.3684717e+01   1.4698463e+02
   1.3693834e+01   1.4698464e+02
   1.3702952e+01   1.4698465e+02
   1.3712069e+01   1.4698466e+02
   1.3721183e+01   1.4698467e+02
   1.3730298e+01   1.4698468e+02
   1.3739412e+01   1.4698469e+02
   1.3748527e+01   1.4698470e+02
   1.3757641e+01   1.4698471e+02
   1.3766756e+01   1.4698472e+02
   1.3775870e+01   1.4698473e+02
   1.3784985e+01   1.4698474e+02
   1.3794096e+01   1.4698475e+02
   1.3803208e+01   1.4698476e+02
   1.3812320e+01   1.4698477e+02
   1.3821431e+01   1.4698478e+02
   1.3830543e+01   1.4698479e+02
   1.3839654e+01   1.4698480e+02
   1.3848766e+01   1.4698481e+02
   1.3857878e+01   1.4698482e+02
   1.3866986e+01   1.4698483e+02
   1.3876095e+01   1.4698484e+02
   1.3885204e+01   1.4698485e+02
   1.3894313e+01   1.4698486e+02
   1.3903422e+01   1.4698487e+02
   1.3912530e+01   1.4698488e+02
   1.3921639e+01   1.4698489e+02
   1.3930748e+01   1.4698490e+02
   1.3939854e+01   1.4698491e+02
   1.3948960e+01   1.4698492e+02
   1.3958066e+01   1.4698493e+02
   1.3967172e+01   1.4698494e+02
   1.3976277e+01   1.4698495e+02
   1.3985383e+01   1.4698496e+02
   1.3994489e+01   1.4698497e+02
   1.4003595e+01   1.4698498e+02
   1.4012698e+01   1.4698499e+02
   1.4021801e+01   1.4698500e+02
   1.4030904e+01   1.4698501e+02
   1.4040007e+01   1.4698502e+02
   1.4049110e+01   1.4698503e+02
   1.4058213e+01   1.4698504e+02
   1.4067316e+01   1.4698506e+02
   1.4076419e+01   1.4698507e+02
   1.4085520e+01   1.4698508e+02
   1.4094620e+01   1.4698509e+02
   1.4103720e+01   1.4698510e+02
   1.4112820e+01   1.4698511e+02
   1.4121920e+01   1.4698512e+02
   1.4131020e+01   1.4698513e+02
   1.4140121e+01   1.4698514e+02
   1.4149221e+01   1.4698515e+02
   1.4158318e+01   1.4698516e+02
   1.4167415e+01   1.4698517e+02
   1.4176512e+01   1.4698518e+02
   1.4185610e+01   1.4698519e+02
   1.4194707e+01   1.4698520e+02
   1.4203804e+01   1.4698521e+02
   1.4212901e+01   1.4698522e+02
   1.4221999e+01   1.4698523e+02
   1.4231093e+01   1.4698524e+02
   1.4240187e+01   1.4698525e+02
   1.4249281e+01   1.4698526e+02
   1.4258376e+01   1.4698527e+02
   1.4267470e+01   1.4698528e+02
   1.4276564e+01   1.4698529e+02
   1.4285659e+01   1.4698530e+02
   1.4294753e+01   1.4698531e+02
   1.4303844e+01   1.4698532e+02
   1.4312936e+01   1.4698533e+02
   1.4322027e+01   1.4698534e+02
   1.4331119e+01   1.4698535e+02
   1.4340210e+01   1.4698536e+02
   1.4349301e+01   1.4698537e+02
   1.4358393e+01   1.4698538e+02
   1.4367484e+01   1.4698539e+02
   1.4376573e+01   1.4698540e+02
   1.4385661e+01   1.4698541e+02
   1.4394749e+01   1.4698542e+02
   1.4403838e+01   1.4698543e+02
   1.4412926e+01   1.4698544e+02
   1.4422015e+01   1.4698545e+02
   1.4431103e+01   1.4698546e+02
   1.4440192e+01   1.4698547e+02
   1.4449277e+01   1.4698548e+02
   1.4458363e+01   1.4698549e+02
   1.4467448e+01   1.4698550e+02
   1.4476534e+01   1.4698551e+02
   1.4485619e+01   1.4698552e+02
   1.4494704e+01   1.4698553e+02
   1.4503790e+01   1.4698554e+02
   1.4512875e+01   1.4698555e+02
   1.4521958e+01   1.4698556e+02
   1.4531040e+01   1.4698557e+02
   1.4540123e+01   1.4698558e+02
   1.4549205e+01   1.4698559e+02
   1.4558288e+01   1.4698560e+02
   1.4567370e+01   1.4698561e+02
   1.4576453e+01   1.4698562e+02
   1.4585535e+01   1.4698563e+02
   1.4594615e+01   1.4698564e+02
   1.4603694e+01   1.4698565e+02
   1.4612774e+01   1.4698566e+02
   1.4621853e+01   1.4698567e+02
   1.4630933e+01   1.4698568e+02
   1.4640012e+01   1.4698569e+02
   1.4649092e+01   1.4698570e+02
   1.4658172e+01   1.4698571e+02
   1.4667248e+01   1.4698572e+02
   1.4676325e+01   1.4698573e+02
   1.4685401e+01   1.4698574e+02
   1.4694478e+01   1.4698575e+02
   1.4703554e+01   1.4698576e+02
   1.4712631e+01   1.4698577e+02
   1.4721707e+01   1.4698578e+02
   1.4730784e+01   1.4698579e+02
   1.4739857e+01   1.4698580e+02
   1.4748931e+01   1.4698581e+02
   1.4758004e+01   1.4698582e+02
   1.4767078e+01   1.4698583e+02
   1.4776151e+01   1.4698584e+02
   1.4785225e+01   1.4698585e+02
   1.4794298e+01   1.4698586e+02
   1.4803372e+01   1.4698588e+02
   1.4812337e+01   1.4698589e+02
   1.4823934e+01   1.4698590e+02
   1.4838162e+01   1.4698591e+02
   1.4855022e+01   1.4698593e+02
   1.4874512e+01   1.4698595e+02
   1.4896634e+01   1.4698598e+02
   1.4921387e+01   1.4698601e+02
   1.4948772e+01   1.4698604e+02
   1.4978787e+01   1.4698607e+02
   1.5011434e+01   1.4698611e+02
   1.5046712e+01   1.4698615e+02
   1.5084622e+01   1.4698619e+02
   1.5125162e+01   1.4698623e+02
   1.5168334e+01   1.4698628e+02
   1.5214137e+01   1.4698633e+02
   1.5262571e+01   1.4698639e+02
   1.5313637e+01   1.4698644e+02
   1.5367334e+01   1.4698650e+02
   1.5423662e+01   1.4698656e+02
   1.5482621e+01   1.4698663e+02
   1.5544211e+01   1.4698670e+02
   1.5608433e+01   1.4698677e+02
   1.5675286e+01   1.4698684e+02
   1.5744770e+01   1.4698692e+02
