         241
   159200.703         194530.984    
   150537.203         194478.344    
   142202.047         194430.547    
   134195.266         194387.203    
   126516.844         194348.141    
   119165.148         194312.844    
   112141.836         194281.000    
   105446.875         194252.578    
   99080.3125         194227.109    
   93042.0938         194204.438    
   87332.2500         194184.328    
   81949.1484         194166.578    
   76894.4297         194150.938    
   72168.0781         194137.156    
   67770.1094         194125.328    
   63698.8789         194114.875    
   59957.6562         194105.953    
   56543.1758         194098.219    
   53455.4414         194091.641    
   50697.7227         194086.062    
   48268.3750         194081.422    
   46165.7734         194077.500    
   44393.1875         194074.453    
   42945.7070         194072.062    
   41828.2422         194070.203    
   40779.3945         194068.500    
   39732.1758         194066.938    
   38683.3242         194065.312    
   37634.4766         194063.734    
   36585.6211         194062.297    
   35538.4062         194060.797    
   34489.5547         194059.359    
   33440.7070         194058.062    
   32403.2891         194056.703    
   31365.8770         194055.422    
   30330.0957         194054.250    
   29292.6836         194053.031    
   28256.8984         194051.984    
   27219.4844         194050.828    
   26182.0723         194049.734    
   25146.2891         194048.781    
   24120.3105         194047.812    
   23094.3320         194046.828    
   22068.3516         194046.016    
   21042.3730         194045.172    
   20018.0293         194044.328    
   18992.0508         194043.641    
   17967.7051         194042.906    
   16941.7246         194042.203    
   15922.2803         194041.641    
   14901.2021         194041.031    
   13881.7578         194040.438    
   12862.3164         194040.000    
   11842.8701         194039.516    
   10821.7939         194039.047    
   9802.34863         194038.844    
   8784.53809         194038.484    
   7763.46045         194038.141    
   6744.01611         194037.969    
   5724.57129         194037.703    
   4705.12744         194037.500    
   3684.04980         194037.438    
   2664.60498         194037.297    
   1645.16077         194037.219    
   625.716553         194037.297    
  -393.727692         194037.266    
  -1414.80566         194037.297    
  -2434.25000         194037.500    
  -3453.69434         194037.609    
  -4473.13818         194037.781    
  -5494.21631         194038.078    
  -6513.66016         194038.328    
  -7533.10498         194038.609    
  -8552.54980         194039.031    
  -9571.99316         194039.391    
  -10591.4375         194039.828    
  -11610.8818         194040.359    
  -12631.9590         194040.844    
  -13651.4033         194041.375    
  -14670.8467         194042.047    
  -15690.2910         194042.656    
  -16709.7344         194043.312    
  -17730.8125         194044.109    
  -18750.2578         194044.828    
  -19769.7012         194045.609    
  -20789.1465         194046.531    
  -21810.2227         194047.406    
  -22829.6680         194048.297    
  -23849.1094         194049.328    
  -24868.5547         194050.312    
  -25888.0000         194051.328    
  -26909.0762         194052.516    
  -27926.8867         194053.594    
  -28947.9648         194054.766    
  -29967.4043         194056.047    
  -30986.8496         194057.281    
  -32006.2949         194058.547    
  -33027.3711         194059.859    
  -34046.8164         194061.328    
  -35066.2578         194062.703    
  -36085.7031         194064.125    
  -37105.1445         194065.703    
  -38126.2188         194067.219    
  -39145.6641         194068.781    
  -40165.1094         194070.484    
  -41184.5469         194072.109    
  -42203.9922         194073.781    
  -43225.0703         194075.625    
  -44242.8789         194077.359    
  -45263.9570         194079.172    
  -46283.3984         194081.109    
  -47302.8398         194083.016    
  -48322.2812         194084.922    
  -49343.3594         194086.906    
  -50362.7969         194089.000    
  -51382.2422         194091.047    
  -52401.6914         194093.141    
  -53421.1328         194095.375    
  -54442.2031         194097.547    
  -55461.6484         194099.766    
  -56481.0859         194102.219    
  -57500.5273         194104.516    
  -58519.9727         194106.859    
  -59541.0508         194109.234    
  -60558.8477         194111.734    
  -61579.9258         194114.203    
  -62599.3711         194116.719    
  -63618.8125         194119.344    
  -64638.2539         194121.922    
  -65657.7031         194124.547    
  -66678.7734         194127.312    
  -67698.2109         194130.016    
  -68717.6484         194132.750    
  -69737.0938         194135.562    
  -70758.1641         194138.500    
  -71777.6172         194141.359    
  -72797.0469         194144.266    
  -73816.4844         194147.312    
  -74835.9297         194150.297    
  -75857.0000         194153.328    
  -76876.4453         194156.422    
  -77895.8828         194159.625    
  -78915.3203         194162.781    
  -79936.3906         194165.984    
  -80954.2031         194169.328    
  -81973.6406         194172.578    
  -82994.7109         194175.922    
  -84014.1484         194179.281    
  -85033.5938         194182.797    
  -86053.0312         194186.203    
  -87074.1016         194189.719    
  -88093.5391         194193.344    
  -89112.9844         194196.891    
  -90132.4297         194200.500    
  -91151.8594         194204.141    
  -92172.9297         194207.938    
  -93192.3594         194211.672    
  -94211.8125         194215.438    
  -95231.2422         194219.250    
  -96250.6797         194223.188    
  -97270.1250         194227.109    
  -98289.5547         194231.031    
  -99310.6328         194235.125    
  -100330.055         194239.141    
  -101349.492         194243.188    
  -102368.938         194247.297    
  -103388.367         194251.516    
  -104409.453         194255.734    
  -105428.883         194259.938    
  -106448.320         194264.281    
  -107467.750         194268.594    
  -108487.195         194272.953    
  -109508.250         194277.344    
  -110526.062         194281.859    
  -111547.133         194286.344    
  -112566.555         194290.844    
  -113586.008         194295.391    
  -114605.430         194300.078    
  -115624.867         194304.734    
  -116645.945         194309.406    
  -117665.367         194314.078    
  -118684.812         194318.953    
  -119704.250         194323.766    
  -120725.305         194328.609    
  -121744.727         194333.594    
  -122764.172         194338.516    
  -123783.609         194343.453    
  -124803.031         194348.453    
  -125824.102         194353.609    
  -126841.914         194358.688    
  -127862.977         194363.812    
  -128882.406         194368.969    
  -129901.828         194374.391    
  -130921.266         194379.641    
  -131940.719         194384.922    
  -132961.766         194390.266    
  -133981.203         194395.719    
  -135000.641         194401.141    
  -136020.062         194406.578    
  -137039.484         194412.094    
  -138060.562         194417.734    
  -139079.984         194423.297    
  -140099.406         194428.922    
  -141118.844         194434.562    
  -142138.281         194440.391    
  -143159.344         194446.125    
  -144177.141         194451.891    
  -145198.203         194457.719    
  -146217.625         194463.688    
  -147237.062         194469.594    
  -148256.484         194475.516    
  -149275.906         194481.516    
  -150296.984         194487.656    
  -151316.406         194493.703    
  -152335.844         194499.828    
  -153355.266         194505.969    
  -154374.672         194512.250    
  -155385.953         194518.438    
  -156691.281         194526.484    
  -158293.922         194536.531    
  -160193.922         194548.484    
  -162389.609         194562.562    
  -164880.984         194578.625    
  -167669.703         194597.031    
  -170754.109         194617.750    
  -174135.859         194640.734    
  -177813.297         194666.391    
  -181788.031         194694.688    
  -186056.891         194725.766    
  -190624.656         194759.797    
  -195488.109         194796.938    
  -200647.297         194837.344    
  -206103.781         194881.359    
  -211855.922         194928.891    
  -217905.438         194980.266    
  -224250.609         195035.922    
  -230891.453         195095.656    
  -237829.641         195159.906    
  -245065.094         195229.016    
  -252596.234         195303.047    
  -260421.422         195382.438    
