         241
  -264947.188        -217830.516    
  -256994.547        -217911.094    
  -249344.062        -217986.375    
  -241994.047        -218056.562    
  -234947.844        -218121.812    
  -228198.828        -218182.594    
  -221753.625        -218238.859    
  -215608.922        -218291.156    
  -209764.703        -218339.406    
  -204222.625        -218383.906    
  -198979.438        -218425.062    
  -194038.391        -218462.766    
  -189399.500        -218497.406    
  -185061.141        -218528.922    
  -181023.266        -218557.625    
  -177287.578        -218583.750    
  -173852.406        -218607.125    
  -170717.750        -218628.094    
  -167885.250        -218646.719    
  -165353.266        -218663.203    
  -163123.469        -218677.406    
  -161194.172        -218689.562    
  -159565.406        -218699.703    
  -158238.828        -218707.906    
  -157212.734        -218714.172    
  -156176.703        -218720.562    
  -155140.656        -218726.828    
  -154104.609        -218733.047    
  -153068.594        -218739.234    
  -152032.547        -218745.359    
  -150996.516        -218751.469    
  -149960.453        -218757.516    
  -148924.438        -218763.531    
  -147888.391        -218769.484    
  -146852.359        -218775.453    
  -145816.297        -218781.328    
  -144781.922        -218787.250    
  -143745.891        -218793.062    
  -142709.828        -218798.828    
  -141673.781        -218804.531    
  -140637.734        -218810.203    
  -139601.703        -218815.859    
  -138565.672        -218821.469    
  -137529.625        -218827.016    
  -136493.578        -218832.516    
  -135457.531        -218837.984    
  -134423.156        -218843.500    
  -133387.109        -218848.906    
  -132351.047        -218854.234    
  -131315.016        -218859.547    
  -130277.312        -218864.812    
  -129241.273        -218870.031    
  -128205.219        -218875.234    
  -127170.828        -218880.344    
  -126134.789        -218885.422    
  -125098.742        -218890.469    
  -124062.703        -218895.594    
  -123026.648        -218900.578    
  -121990.594        -218905.500    
  -120954.555        -218910.375    
  -119918.516        -218915.234    
  -118882.453        -218920.031    
  -117846.414        -218924.781    
  -116812.016        -218929.500    
  -115775.977        -218934.188    
  -114739.922        -218938.812    
  -113703.883        -218943.500    
  -112667.828        -218948.078    
  -111631.789        -218952.578    
  -110595.734        -218957.047    
  -109559.680        -218961.484    
  -108523.633        -218965.891    
  -107487.578        -218970.219    
  -106451.539        -218974.500    
  -105415.484        -218978.781    
  -104379.430        -218982.984    
  -103343.375        -218987.266    
  -102307.328        -218991.406    
  -101271.281        -218995.531    
  -100235.234        -218999.547    
  -99200.8359        -219003.547    
  -98164.7812        -219007.531    
  -97128.7344        -219011.453    
  -96092.6875        -219015.359    
  -95056.6328        -219019.203    
  -94020.5781        -219023.203    
  -92984.5234        -219026.969    
  -91948.4766        -219030.672    
  -90912.4219        -219034.359    
  -89876.3672        -219037.984    
  -88840.3125        -219041.594    
  -87804.2656        -219045.125    
  -86768.2109        -219048.656    
  -85732.1484        -219052.141    
  -84696.0938        -219055.641    
  -83660.0391        -219059.047    
  -82623.9922        -219062.406    
  -81589.5938        -219065.703    
  -80553.5391        -219068.953    
  -79517.4922        -219072.172    
  -78481.4297        -219075.344    
  -77445.3750        -219078.484    
  -76409.3203        -219081.594    
  -75373.2734        -219084.750    
  -74337.2188        -219087.781    
  -73301.1562        -219090.734    
  -72265.1016        -219093.672    
  -71230.7031        -219096.531    
  -70194.6484        -219099.375    
  -69158.5938        -219102.188    
  -68120.8750        -219104.938    
  -67084.8203        -219107.656    
  -66048.7656        -219110.438    
  -65012.7070        -219113.078    
  -63978.3125        -219115.672    
  -62942.2500        -219118.234    
  -61906.1992        -219120.734    
  -60870.1445        -219123.188    
  -59834.0859        -219125.625    
  -58798.0352        -219128.016    
  -57761.9688        -219130.453    
  -56725.9180        -219132.781    
  -55689.8555        -219135.047    
  -54653.8008        -219137.250    
  -53619.4023        -219139.422    
  -52583.3398        -219141.578    
  -51547.2852        -219143.656    
  -50511.2227        -219145.719    
  -49475.1641        -219147.719    
  -48437.4531        -219149.781    
  -47401.3906        -219151.734    
  -46366.9922        -219153.609    
  -45330.9336        -219155.453    
  -44294.8789        -219157.250    
  -43258.8164        -219159.016    
  -42222.7617        -219160.734    
  -41186.6992        -219162.422    
  -40150.6406        -219164.156    
  -39114.5820        -219165.750    
  -38078.5234        -219167.328    
  -37042.4648        -219168.812    
  -36008.0664        -219170.281    
  -34972.0078        -219171.703    
  -33935.9492        -219173.109    
  -32899.8906        -219174.438    
  -31863.8301        -219175.859    
  -30827.7695        -219177.109    
  -29791.7109        -219178.312    
  -28755.6465        -219179.516    
  -27719.5918        -219180.656    
  -26683.5293        -219181.750    
  -25647.4688        -219182.781    
  -24611.4082        -219183.922    
  -23575.3516        -219184.859    
  -22539.2910        -219185.797    
  -21503.2285        -219186.672    
  -20467.1719        -219187.547    
  -19431.1113        -219188.328    
  -18396.7109        -219189.094    
  -17360.6504        -219189.812    
  -16324.5908        -219190.594    
  -15288.5312        -219191.250    
  -14252.4717        -219191.828    
  -13216.4102        -219192.359    
  -12180.3506        -219192.891    
  -11144.2900        -219193.344    
  -10108.2295        -219193.781    
  -9072.16992        -219194.281    
  -8036.10938        -219194.641    
  -7000.04834        -219194.922    
  -5963.98877        -219195.172    
  -4927.92822        -219195.406    
  -3891.86768        -219195.578    
  -2855.80737        -219195.719    
  -1819.74719        -219195.812    
  -785.347046        -219195.953    
   250.713333        -219195.984    
   1286.77368        -219195.953    
   2322.83423        -219195.906    
   3358.89453        -219195.766    
   4394.95459        -219195.594    
   5431.01514        -219195.406    
   6467.07617        -219195.281    
   7503.13574        -219194.984    
   8539.19531        -219194.688    
   9575.25684        -219194.312    
   10611.3164        -219193.906    
   11647.3770        -219193.453    
   12683.4375        -219192.969    
   13719.4980        -219192.547    
   14755.5586        -219191.969    
   15791.6182        -219191.344    
   16826.0176        -219190.688    
   17868.7188        -219190.016    
   18911.4199        -219189.250    
   19952.4609        -219188.594    
   20995.1621        -219187.766    
   22036.2031        -219186.859    
   23077.2461        -219185.969    
   24119.9453        -219185.000    
   25160.9863        -219184.016    
   26213.6504        -219182.969    
   27267.9766        -219181.984    
   28320.6367        -219180.859    
   29373.2988        -219179.656    
   30427.6250        -219178.453    
   31481.9492        -219177.156    
   32534.6133        -219175.859    
   33588.9375        -219174.500    
   34653.2227        -219173.203    
   35717.5039        -219171.766    
   36783.4531        -219170.250    
   37847.7344        -219168.719    
   38913.6797        -219167.125    
   39979.6250        -219165.500    
   41043.9102        -219163.922    
   42108.1953        -219162.203    
   43243.8789        -219160.297    
   44713.2891        -219157.797    
   46514.7695        -219154.609    
   48649.9766        -219150.766    
   51118.9141        -219146.000    
   53921.5938        -219140.297    
   57056.3281        -219133.641    
   60524.7969        -219125.719    
   64326.9844        -219116.719    
   68461.2578        -219106.156    
   72929.2422        -219093.922    
   77730.9609        -219079.953    
   82866.4062        -219064.062    
   88333.9219        -219046.000    
   94136.8047        -219025.547    
   100270.109        -219002.484    
   106738.781        -218976.625    
   113539.516        -218947.656    
   120673.969        -218915.281    
   128142.148        -218879.344    
   135942.375        -218839.578    
   144076.312        -218795.438    
   152543.953        -218746.828    
   161343.641        -218693.391    
