   1.2029051e+01   1.4306507e+02
   1.2029051e+01   1.4313815e+02
   1.2029050e+01   1.4320846e+02
   1.2029049e+01   1.4327601e+02
   1.2029049e+01   1.4334078e+02
   1.2029048e+01   1.4340280e+02
   1.2029048e+01   1.4346204e+02
   1.2029047e+01   1.4351851e+02
   1.2029047e+01   1.4357222e+02
   1.2029047e+01   1.4362316e+02
   1.2029046e+01   1.4367134e+02
   1.2029046e+01   1.4371675e+02
   1.2029045e+01   1.4375938e+02
   1.2029045e+01   1.4379926e+02
   1.2029045e+01   1.4383636e+02
   1.2029044e+01   1.4387070e+02
   1.2029044e+01   1.4390227e+02
   1.2029044e+01   1.4393107e+02
   1.2029044e+01   1.4395710e+02
   1.2029043e+01   1.4398037e+02
   1.2029043e+01   1.4400087e+02
   1.2029043e+01   1.4401860e+02
   1.2029043e+01   1.4403357e+02
   1.2029043e+01   1.4404576e+02
   1.2029043e+01   1.4405519e+02
   1.2029042e+01   1.4406471e+02
   1.2029042e+01   1.4407423e+02
   1.2029042e+01   1.4408375e+02
   1.2029042e+01   1.4409327e+02
   1.2029042e+01   1.4410280e+02
   1.2029042e+01   1.4411232e+02
   1.2029042e+01   1.4412184e+02
   1.2029042e+01   1.4413136e+02
   1.2029042e+01   1.4414088e+02
   1.2029042e+01   1.4415040e+02
   1.2029042e+01   1.4415992e+02
   1.2029041e+01   1.4416944e+02
   1.2029041e+01   1.4417896e+02
   1.2029041e+01   1.4418848e+02
   1.2029041e+01   1.4419800e+02
   1.2029041e+01   1.4420752e+02
   1.2029041e+01   1.4421704e+02
   1.2029041e+01   1.4422656e+02
   1.2029041e+01   1.4423608e+02
   1.2029041e+01   1.4424560e+02
   1.2029041e+01   1.4425512e+02
   1.2029040e+01   1.4426464e+02
   1.2029040e+01   1.4427416e+02
   1.2029040e+01   1.4428368e+02
   1.2029040e+01   1.4429320e+02
   1.2029040e+01   1.4430273e+02
   1.2029040e+01   1.4431225e+02
   1.2029040e+01   1.4432177e+02
   1.2029040e+01   1.4433129e+02
   1.2029040e+01   1.4434081e+02
   1.2029040e+01   1.4435033e+02
   1.2029039e+01   1.4435985e+02
   1.2029039e+01   1.4436937e+02
   1.2029039e+01   1.4437889e+02
   1.2029039e+01   1.4438841e+02
   1.2029039e+01   1.4439793e+02
   1.2029039e+01   1.4440745e+02
   1.2029039e+01   1.4441697e+02
   1.2029039e+01   1.4442649e+02
   1.2029039e+01   1.4443601e+02
   1.2029039e+01   1.4444553e+02
   1.2029038e+01   1.4445505e+02
   1.2029038e+01   1.4446457e+02
   1.2029038e+01   1.4447409e+02
   1.2029038e+01   1.4448361e+02
   1.2029038e+01   1.4449314e+02
   1.2029038e+01   1.4450266e+02
   1.2029038e+01   1.4451218e+02
   1.2029038e+01   1.4452170e+02
   1.2029038e+01   1.4453122e+02
   1.2029038e+01   1.4454074e+02
   1.2029037e+01   1.4455026e+02
   1.2029037e+01   1.4455978e+02
   1.2029037e+01   1.4456930e+02
   1.2029037e+01   1.4457882e+02
   1.2029037e+01   1.4458834e+02
   1.2029037e+01   1.4459786e+02
   1.2029037e+01   1.4460738e+02
   1.2029037e+01   1.4461690e+02
   1.2029037e+01   1.4462642e+02
   1.2029036e+01   1.4463594e+02
   1.2029036e+01   1.4464546e+02
   1.2029036e+01   1.4465498e+02
   1.2029036e+01   1.4466450e+02
   1.2029036e+01   1.4467402e+02
   1.2029036e+01   1.4468355e+02
   1.2029036e+01   1.4469307e+02
   1.2029036e+01   1.4470259e+02
   1.2029036e+01   1.4471211e+02
   1.2029035e+01   1.4472163e+02
   1.2029035e+01   1.4473115e+02
   1.2029035e+01   1.4474067e+02
   1.2029035e+01   1.4475019e+02
   1.2029035e+01   1.4475971e+02
   1.2029035e+01   1.4476923e+02
   1.2029035e+01   1.4477875e+02
   1.2029035e+01   1.4478827e+02
   1.2029035e+01   1.4479779e+02
   1.2029034e+01   1.4480731e+02
   1.2029034e+01   1.4481683e+02
   1.2029034e+01   1.4482635e+02
   1.2029034e+01   1.4483587e+02
   1.2029034e+01   1.4484539e+02
   1.2029034e+01   1.4485491e+02
   1.2029034e+01   1.4486443e+02
   1.2029034e+01   1.4487396e+02
   1.2029034e+01   1.4488348e+02
   1.2029033e+01   1.4489300e+02
   1.2029033e+01   1.4490252e+02
   1.2029033e+01   1.4491204e+02
   1.2029033e+01   1.4492156e+02
   1.2029033e+01   1.4493108e+02
   1.2029033e+01   1.4494060e+02
   1.2029033e+01   1.4495012e+02
   1.2029033e+01   1.4495964e+02
   1.2029032e+01   1.4496916e+02
   1.2029032e+01   1.4497868e+02
   1.2029032e+01   1.4498820e+02
   1.2029032e+01   1.4499772e+02
   1.2029032e+01   1.4500724e+02
   1.2029032e+01   1.4501676e+02
   1.2029032e+01   1.4502628e+02
   1.2029032e+01   1.4503580e+02
   1.2029032e+01   1.4504532e+02
   1.2029031e+01   1.4505485e+02
   1.2029031e+01   1.4506437e+02
   1.2029031e+01   1.4507389e+02
   1.2029031e+01   1.4508341e+02
   1.2029031e+01   1.4509293e+02
   1.2029031e+01   1.4510245e+02
   1.2029031e+01   1.4511197e+02
   1.2029031e+01   1.4512149e+02
   1.2029030e+01   1.4513101e+02
   1.2029030e+01   1.4514053e+02
   1.2029030e+01   1.4515005e+02
   1.2029030e+01   1.4515957e+02
   1.2029030e+01   1.4516909e+02
   1.2029030e+01   1.4517861e+02
   1.2029030e+01   1.4518813e+02
   1.2029030e+01   1.4519765e+02
   1.2029029e+01   1.4520717e+02
   1.2029029e+01   1.4521669e+02
   1.2029029e+01   1.4522621e+02
   1.2029029e+01   1.4523574e+02
   1.2029029e+01   1.4524526e+02
   1.2029029e+01   1.4525478e+02
   1.2029029e+01   1.4526430e+02
   1.2029028e+01   1.4527382e+02
   1.2029028e+01   1.4528334e+02
   1.2029028e+01   1.4529286e+02
   1.2029028e+01   1.4530238e+02
   1.2029028e+01   1.4531190e+02
   1.2029028e+01   1.4532142e+02
   1.2029028e+01   1.4533094e+02
   1.2029028e+01   1.4534046e+02
   1.2029027e+01   1.4534998e+02
   1.2029027e+01   1.4535950e+02
   1.2029027e+01   1.4536902e+02
   1.2029027e+01   1.4537854e+02
   1.2029027e+01   1.4538806e+02
   1.2029027e+01   1.4539758e+02
   1.2029027e+01   1.4540710e+02
   1.2029026e+01   1.4541663e+02
   1.2029026e+01   1.4542615e+02
   1.2029026e+01   1.4543567e+02
   1.2029026e+01   1.4544519e+02
   1.2029026e+01   1.4545471e+02
   1.2029026e+01   1.4546423e+02
   1.2029026e+01   1.4547375e+02
   1.2029026e+01   1.4548327e+02
   1.2029025e+01   1.4549279e+02
   1.2029025e+01   1.4550231e+02
   1.2029025e+01   1.4551183e+02
   1.2029025e+01   1.4552135e+02
   1.2029025e+01   1.4553087e+02
   1.2029025e+01   1.4554039e+02
   1.2029025e+01   1.4554991e+02
   1.2029024e+01   1.4555943e+02
   1.2029024e+01   1.4556895e+02
   1.2029024e+01   1.4557847e+02
   1.2029024e+01   1.4558800e+02
   1.2029024e+01   1.4559752e+02
   1.2029024e+01   1.4560704e+02
   1.2029024e+01   1.4561656e+02
   1.2029023e+01   1.4562608e+02
   1.2029023e+01   1.4563560e+02
   1.2029023e+01   1.4564512e+02
   1.2029023e+01   1.4565464e+02
   1.2029023e+01   1.4566421e+02
   1.2029023e+01   1.4567379e+02
   1.2029022e+01   1.4568336e+02
   1.2029022e+01   1.4569294e+02
   1.2029022e+01   1.4570251e+02
   1.2029022e+01   1.4571208e+02
   1.2029022e+01   1.4572166e+02
   1.2029022e+01   1.4573123e+02
   1.2029022e+01   1.4574091e+02
   1.2029021e+01   1.4575059e+02
   1.2029021e+01   1.4576027e+02
   1.2029021e+01   1.4576995e+02
   1.2029021e+01   1.4577964e+02
   1.2029021e+01   1.4578932e+02
   1.2029021e+01   1.4579900e+02
   1.2029021e+01   1.4580868e+02
   1.2029020e+01   1.4581847e+02
   1.2029020e+01   1.4582825e+02
   1.2029020e+01   1.4583804e+02
   1.2029020e+01   1.4584783e+02
   1.2029020e+01   1.4585762e+02
   1.2029020e+01   1.4586741e+02
   1.2029019e+01   1.4587719e+02
   1.2029019e+01   1.4588698e+02
   1.2029019e+01   1.4589742e+02
   1.2029019e+01   1.4591092e+02
   1.2029019e+01   1.4592748e+02
   1.2029018e+01   1.4594710e+02
   1.2029018e+01   1.4596979e+02
   1.2029018e+01   1.4599554e+02
   1.2029017e+01   1.4602435e+02
   1.2029017e+01   1.4605623e+02
   1.2029016e+01   1.4609117e+02
   1.2029015e+01   1.4612917e+02
   1.2029015e+01   1.4617023e+02
   1.2029014e+01   1.4621436e+02
   1.2029013e+01   1.4626155e+02
   1.2029012e+01   1.4631180e+02
   1.2029011e+01   1.4636512e+02
   1.2029010e+01   1.4642150e+02
   1.2029009e+01   1.4648094e+02
   1.2029008e+01   1.4654344e+02
   1.2029007e+01   1.4660901e+02
   1.2029006e+01   1.4667764e+02
   1.2029004e+01   1.4674933e+02
   1.2029003e+01   1.4682408e+02
   1.2029002e+01   1.4690190e+02
   1.2029000e+01   1.4698278e+02
