         249
  -260421.422         195382.438    
  -260507.375         187653.422    
  -260587.016         180217.297    
  -260666.922         173074.000    
  -260740.578         166223.750    
  -260812.812         159666.344    
  -260882.078         153401.531    
  -260945.062         147429.672    
  -261008.312         141750.484    
  -261066.922         136364.109    
  -261122.516         131270.438    
  -261175.125         126469.469    
  -261224.703         121961.055    
  -261269.641         117745.391    
  -261313.188         113822.398    
  -261353.781         110192.016    
  -261389.688         106854.258    
  -261422.609         103809.109    
  -261452.516         101056.664    
  -261479.422         98596.7188    
  -261503.344         96429.3672    
  -261522.594         94554.6016    
  -261540.469         92972.5312    
  -261555.359         91683.0469    
  -261565.594         90686.0156    
  -261575.969         89677.0000    
  -261587.969         88668.2266    
  -261599.984         87659.2344    
  -261610.328         86650.3359    
  -261620.703         85641.3359    
  -261632.703         84632.4609    
  -261643.062         83623.5703    
  -261655.062         82614.5938    
  -261665.438         81605.3906    
  -261675.797         80596.0781    
  -261687.797         79586.7891    
  -261698.203         78577.5938    
  -261710.203         77568.4141    
  -261720.547         76559.1094    
  -261730.906         75549.9297    
  -261742.906         74540.6406    
  -261753.281         73531.1328    
  -261765.281         72521.5391    
  -261775.688         71511.9297    
  -261786.047         70502.4297    
  -261798.047         69492.8438    
  -261808.422         68483.1328    
  -261820.422         67473.6562    
  -261830.812         66464.0547    
  -261841.188         65454.2383    
  -261853.219         64444.3438    
  -261865.219         63434.4492    
  -261875.594         62424.6367    
  -261885.953         61414.6172    
  -261896.328         60404.7148    
  -261908.359         59394.9297    
  -261920.359         58385.0391    
  -261930.734         57374.8164    
  -261941.125         56364.5938    
  -261953.141         55354.3906    
  -261963.531         54344.1719    
  -261975.531         53333.9727    
  -261985.906         52323.8633    
  -261996.281         51313.5469    
  -262008.312         50303.3477    
  -262018.688         49292.9219    
  -262029.078         48282.2891    
  -262041.078         47271.8828    
  -262051.453         46261.2539    
  -262063.484         45250.7422    
  -262073.891         44240.2188    
  -262084.250         43229.6992    
  -262096.266         42219.1953    
  -262106.656         41208.3555    
  -262118.688         40197.5312    
  -262129.094         39186.5898    
  -262139.438         38175.8594    
  -262151.469         37164.9375    
  -262163.531         36154.1172    
  -262173.875         35143.2852    
  -262184.281         34132.4531    
  -262194.625         33121.2031    
  -262206.688         32110.1738    
  -262218.719         31098.9355    
  -262229.094         30087.7910    
  -262239.500         29076.5371    
  -262251.500         28065.5176    
  -262261.906         27054.2656    
  -262273.938         26043.1387    
  -262284.312         25031.5703    
  -262294.750         24020.1074    
  -262306.750         23008.6660    
  -262317.156         21997.0996    
  -262329.188         20985.6602    
  -262339.594         19974.3066    
  -262349.969         18962.7422    
  -262362.000         17951.3008    
  -262372.406         16939.4199    
  -262384.469         15927.6631    
  -262394.844         14915.7812    
  -262405.219         13904.0078    
  -262417.281         12892.1445    
  -262429.312         11880.3887    
  -262439.688         10868.6162    
  -262450.094         9856.73730    
  -262462.125         8844.66309    
  -262472.531         7832.57275    
  -262484.594         6820.49951    
  -262494.969         5808.30273    
  -262505.375         4796.10693    
  -262517.438         3784.03418    
  -262527.812         2771.94482    
  -262538.219         1759.85498    
  -262550.250         747.358276    
  -262560.688        -265.049347    
  -262572.688        -1277.43994    
  -262583.094        -2289.95361    
  -262593.531        -3302.46753    
  -262605.562        -4314.85840    
  -262615.969        -5327.37256    
  -262628.000        -6339.76416    
  -262638.406        -7352.59570    
  -262648.812        -8365.32227    
  -262660.844        -9378.13770    
  -262672.875        -10390.8477    
  -262683.312        -11403.5762    
  -262693.688        -12416.4092    
  -262705.750        -13429.0137    
  -262716.156        -14441.8477    
  -262728.219        -15454.8770    
  -262738.625        -16468.0293    
  -262749.031        -17481.1836    
  -262761.094        -18494.2168    
  -262771.500        -19507.2637    
  -262783.562        -20520.4004    
  -262793.938        -21533.4512    
  -262804.375        -22546.6055    
  -262816.438        -23560.0645    
  -262828.500        -24573.3105    
  -262838.906        -25586.7852    
  -262849.344        -26600.1582    
  -262859.719        -27613.6328    
  -262871.781        -28626.9883    
  -262883.844        -29640.3418    
  -262894.250        -30653.8242    
  -262904.656        -31667.6230    
  -262916.719        -32681.2988    
  -262927.125        -33694.8828    
  -262939.219        -34708.6719    
  -262949.625        -35722.3633    
  -262960.031        -36736.1641    
  -262972.094        -37749.8438    
  -262982.531        -38763.6484    
  -262994.594        -39777.6484    
  -263005.031        -40791.6719    
  -263015.438        -41805.7930    
  -263027.500        -42819.7969    
  -263037.906        -43833.8203    
  -263048.312        -44847.9492    
  -263060.406        -45861.9570    
  -263072.438        -46875.9648    
  -263082.875        -47890.3047    
  -263093.281        -48904.6523    
  -263103.719        -49919.1094    
  -263115.812        -50933.5430    
  -263127.875        -51947.8750    
  -263138.312        -52962.2305    
  -263148.719        -53976.5781    
  -263160.781        -54990.9180    
  -263171.188        -56005.6953    
  -263183.281        -57020.3477    
  -263193.719        -58035.0234    
  -263204.125        -59049.7070    
  -263216.219        -60064.3711    
  -263228.281        -61079.0312    
  -263238.719        -62093.8203    
  -263249.125        -63108.5000    
  -263259.562        -64123.5000    
  -263271.625        -65138.4883    
  -263283.719        -66153.4844    
  -263294.156        -67168.5938    
  -263304.594        -68183.5000    
  -263316.688        -69198.4922    
  -263327.094        -70213.6172    
  -263339.188        -71228.5078    
  -263349.625        -72243.9375    
  -263360.031        -73259.1719    
  -263372.156        -74274.5000    
  -263384.219        -75289.9219    
  -263394.656        -76305.1641    
  -263405.094        -77320.6094    
  -263415.500        -78335.8594    
  -263427.594        -79351.2891    
  -263439.719        -80366.9453    
  -263450.125        -81382.5078    
  -263460.562        -82398.1719    
  -263472.656        -83413.8359    
  -263483.062        -84429.3984    
  -263495.156        -85445.0703    
  -263505.594        -86460.8516    
  -263516.031        -87476.4297    
  -263528.156        -88492.4219    
  -263538.562        -89508.4297    
  -263549.031        -90524.3281    
  -263561.094        -91540.3203    
  -263571.562        -92556.3281    
  -263583.625        -93572.2266    
  -263594.094        -94588.2500    
  -263604.531        -95604.2656    
  -263616.625        -96620.5859    
  -263628.750        -97636.8047    
  -263639.156        -98653.1562    
  -263649.625        -99669.3906    
  -263661.688        -100685.727    
  -263672.156        -101702.078    
  -263684.219        -102718.312    
  -263694.688        -103734.672    
  -263705.156        -104751.242    
  -263717.250        -105767.805    
  -263729.344        -106784.469    
  -263739.781        -107801.055    
  -263750.250        -108817.633    
  -263760.688        -109834.328    
  -263772.781        -110851.000    
  -263784.906        -111867.586    
  -263795.250        -112876.547    
  -263808.656        -114181.711    
  -263826.750        -115782.836    
  -263847.938        -117680.188    
  -263872.125        -119873.641    
  -263899.375        -122363.211    
  -263929.656        -125149.000    
  -263962.969        -128231.039    
  -264001.031        -131608.953    
  -264040.438        -135283.188    
  -264084.562        -139253.656    
  -264131.719        -143520.281    
  -264181.938        -148083.125    
  -264235.188        -152942.141    
  -264291.531        -158097.422    
  -264350.875        -163549.016    
  -264413.281        -169296.781    
  -264480.406        -175341.062    
  -264548.906        -181681.547    
  -264623.781        -188318.484    
  -264698.375        -195251.734    
  -264779.375        -202481.469    
  -264860.094        -210007.703    
  -264947.188        -217830.516    
         241
  -264947.188        -217830.516    
  -256994.547        -217911.094    
  -249344.062        -217986.375    
  -241994.047        -218056.562    
  -234947.844        -218121.812    
  -228198.828        -218182.594    
  -221753.625        -218238.859    
  -215608.922        -218291.156    
  -209764.703        -218339.406    
  -204222.625        -218383.906    
  -198979.438        -218425.062    
  -194038.391        -218462.766    
  -189399.500        -218497.406    
  -185061.141        -218528.922    
  -181023.266        -218557.625    
  -177287.578        -218583.750    
  -173852.406        -218607.125    
  -170717.750        -218628.094    
  -167885.250        -218646.719    
  -165353.266        -218663.203    
  -163123.469        -218677.406    
  -161194.172        -218689.562    
  -159565.406        -218699.703    
  -158238.828        -218707.906    
  -157212.734        -218714.172    
  -156176.703        -218720.562    
  -155140.656        -218726.828    
  -154104.609        -218733.047    
  -153068.594        -218739.234    
  -152032.547        -218745.359    
  -150996.516        -218751.469    
  -149960.453        -218757.516    
  -148924.438        -218763.531    
  -147888.391        -218769.484    
  -146852.359        -218775.453    
  -145816.297        -218781.328    
  -144781.922        -218787.250    
  -143745.891        -218793.062    
  -142709.828        -218798.828    
  -141673.781        -218804.531    
  -140637.734        -218810.203    
  -139601.703        -218815.859    
  -138565.672        -218821.469    
  -137529.625        -218827.016    
  -136493.578        -218832.516    
  -135457.531        -218837.984    
  -134423.156        -218843.500    
  -133387.109        -218848.906    
  -132351.047        -218854.234    
  -131315.016        -218859.547    
  -130277.312        -218864.812    
  -129241.273        -218870.031    
  -128205.219        -218875.234    
  -127170.828        -218880.344    
  -126134.789        -218885.422    
  -125098.742        -218890.469    
  -124062.703        -218895.594    
  -123026.648        -218900.578    
  -121990.594        -218905.500    
  -120954.555        -218910.375    
  -119918.516        -218915.234    
  -118882.453        -218920.031    
  -117846.414        -218924.781    
  -116812.016        -218929.500    
  -115775.977        -218934.188    
  -114739.922        -218938.812    
  -113703.883        -218943.500    
  -112667.828        -218948.078    
  -111631.789        -218952.578    
  -110595.734        -218957.047    
  -109559.680        -218961.484    
  -108523.633        -218965.891    
  -107487.578        -218970.219    
  -106451.539        -218974.500    
  -105415.484        -218978.781    
  -104379.430        -218982.984    
  -103343.375        -218987.266    
  -102307.328        -218991.406    
  -101271.281        -218995.531    
  -100235.234        -218999.547    
  -99200.8359        -219003.547    
  -98164.7812        -219007.531    
  -97128.7344        -219011.453    
  -96092.6875        -219015.359    
  -95056.6328        -219019.203    
  -94020.5781        -219023.203    
  -92984.5234        -219026.969    
  -91948.4766        -219030.672    
  -90912.4219        -219034.359    
  -89876.3672        -219037.984    
  -88840.3125        -219041.594    
  -87804.2656        -219045.125    
  -86768.2109        -219048.656    
  -85732.1484        -219052.141    
  -84696.0938        -219055.641    
  -83660.0391        -219059.047    
  -82623.9922        -219062.406    
  -81589.5938        -219065.703    
  -80553.5391        -219068.953    
  -79517.4922        -219072.172    
  -78481.4297        -219075.344    
  -77445.3750        -219078.484    
  -76409.3203        -219081.594    
  -75373.2734        -219084.750    
  -74337.2188        -219087.781    
  -73301.1562        -219090.734    
  -72265.1016        -219093.672    
  -71230.7031        -219096.531    
  -70194.6484        -219099.375    
  -69158.5938        -219102.188    
  -68120.8750        -219104.938    
  -67084.8203        -219107.656    
  -66048.7656        -219110.438    
  -65012.7070        -219113.078    
  -63978.3125        -219115.672    
  -62942.2500        -219118.234    
  -61906.1992        -219120.734    
  -60870.1445        -219123.188    
  -59834.0859        -219125.625    
  -58798.0352        -219128.016    
  -57761.9688        -219130.453    
  -56725.9180        -219132.781    
  -55689.8555        -219135.047    
  -54653.8008        -219137.250    
  -53619.4023        -219139.422    
  -52583.3398        -219141.578    
  -51547.2852        -219143.656    
  -50511.2227        -219145.719    
  -49475.1641        -219147.719    
  -48437.4531        -219149.781    
  -47401.3906        -219151.734    
  -46366.9922        -219153.609    
  -45330.9336        -219155.453    
  -44294.8789        -219157.250    
  -43258.8164        -219159.016    
  -42222.7617        -219160.734    
  -41186.6992        -219162.422    
  -40150.6406        -219164.156    
  -39114.5820        -219165.750    
  -38078.5234        -219167.328    
  -37042.4648        -219168.812    
  -36008.0664        -219170.281    
  -34972.0078        -219171.703    
  -33935.9492        -219173.109    
  -32899.8906        -219174.438    
  -31863.8301        -219175.859    
  -30827.7695        -219177.109    
  -29791.7109        -219178.312    
  -28755.6465        -219179.516    
  -27719.5918        -219180.656    
  -26683.5293        -219181.750    
  -25647.4688        -219182.781    
  -24611.4082        -219183.922    
  -23575.3516        -219184.859    
  -22539.2910        -219185.797    
  -21503.2285        -219186.672    
  -20467.1719        -219187.547    
  -19431.1113        -219188.328    
  -18396.7109        -219189.094    
  -17360.6504        -219189.812    
  -16324.5908        -219190.594    
  -15288.5312        -219191.250    
  -14252.4717        -219191.828    
  -13216.4102        -219192.359    
  -12180.3506        -219192.891    
  -11144.2900        -219193.344    
  -10108.2295        -219193.781    
  -9072.16992        -219194.281    
  -8036.10938        -219194.641    
  -7000.04834        -219194.922    
  -5963.98877        -219195.172    
  -4927.92822        -219195.406    
  -3891.86768        -219195.578    
  -2855.80737        -219195.719    
  -1819.74719        -219195.812    
  -785.347046        -219195.953    
   250.713333        -219195.984    
   1286.77368        -219195.953    
   2322.83423        -219195.906    
   3358.89453        -219195.766    
   4394.95459        -219195.594    
   5431.01514        -219195.406    
   6467.07617        -219195.281    
   7503.13574        -219194.984    
   8539.19531        -219194.688    
   9575.25684        -219194.312    
   10611.3164        -219193.906    
   11647.3770        -219193.453    
   12683.4375        -219192.969    
   13719.4980        -219192.547    
   14755.5586        -219191.969    
   15791.6182        -219191.344    
   16826.0176        -219190.688    
   17868.7188        -219190.016    
   18911.4199        -219189.250    
   19952.4609        -219188.594    
   20995.1621        -219187.766    
   22036.2031        -219186.859    
   23077.2461        -219185.969    
   24119.9453        -219185.000    
   25160.9863        -219184.016    
   26213.6504        -219182.969    
   27267.9766        -219181.984    
   28320.6367        -219180.859    
   29373.2988        -219179.656    
   30427.6250        -219178.453    
   31481.9492        -219177.156    
   32534.6133        -219175.859    
   33588.9375        -219174.500    
   34653.2227        -219173.203    
   35717.5039        -219171.766    
   36783.4531        -219170.250    
   37847.7344        -219168.719    
   38913.6797        -219167.125    
   39979.6250        -219165.500    
   41043.9102        -219163.922    
   42108.1953        -219162.203    
   43243.8789        -219160.297    
   44713.2891        -219157.797    
   46514.7695        -219154.609    
   48649.9766        -219150.766    
   51118.9141        -219146.000    
   53921.5938        -219140.297    
   57056.3281        -219133.641    
   60524.7969        -219125.719    
   64326.9844        -219116.719    
   68461.2578        -219106.156    
   72929.2422        -219093.922    
   77730.9609        -219079.953    
   82866.4062        -219064.062    
   88333.9219        -219046.000    
   94136.8047        -219025.547    
   100270.109        -219002.484    
   106738.781        -218976.625    
   113539.516        -218947.656    
   120673.969        -218915.281    
   128142.148        -218879.344    
   135942.375        -218839.578    
   144076.312        -218795.438    
   152543.953        -218746.828    
   161343.641        -218693.391    
         249
   161343.641        -218693.391    
   161304.594        -210870.578    
   161265.750        -203344.078    
   161228.750        -196114.156    
   161191.969        -189180.688    
   161157.016        -182543.734    
   161125.578        -176203.000    
   161094.344        -170158.750    
   161064.969        -164410.797    
   161035.781        -158959.125    
   161008.469        -153803.734    
   160982.984        -148944.547    
   160961.016        -144381.594    
   160937.609        -140114.953    
   160917.703        -136144.500    
   160897.984        -132470.219    
   160880.125        -129091.992    
   160864.125        -126010.133    
   160849.984        -123224.312    
   160837.688        -120734.609    
   160827.250        -118541.141    
   160817.016        -116643.711    
   160808.641        -115042.484    
   160800.469        -113737.383    
   160795.781        -112728.383    
   160791.078        -111711.633    
   160784.703        -110695.000    
   160779.984        -109678.375    
   160775.281        -108661.742    
   160770.562        -107645.117    
   160765.828        -106628.492    
   160759.469        -105611.883    
   160754.750        -104595.266    
   160748.391        -103578.883    
   160743.672        -102562.578    
   160738.953        -101546.281    
   160732.578        -100529.883    
   160727.875        -99513.6016    
   160723.156        -98497.3203    
   160716.781        -97480.9453    
   160712.078        -96464.6562    
   160707.344        -95448.5938    
   160701.000        -94432.6484    
   160696.266        -93416.6953    
   160691.562        -92400.6406    
   160685.188        -91384.5859    
   160680.484        -90368.6406    
   160675.766        -89352.5859    
   160669.406        -88336.6562    
   160664.703        -87321.0312    
   160659.969        -86305.3047    
   160653.609        -85289.6953    
   160648.891        -84273.9688    
   160644.188        -83258.2500    
   160637.812        -82242.6484    
   160633.094        -81226.9375    
   160628.391        -80211.2188    
   160622.031        -79195.9375    
   160617.328        -78180.5547    
   160612.609        -77165.0547    
   160606.250        -76149.7812    
   160601.531        -75134.3984    
   160595.172        -74119.1328    
   160590.453        -73103.7500    
   160585.734        -72088.3672    
   160579.391        -71073.3203    
   160574.672        -70058.2578    
   160569.953        -69043.2031    
   160563.609        -68028.2656    
   160558.875        -67013.2109    
   160554.172        -65998.1562    
   160547.812        -64983.1172    
   160543.109        -63968.0742    
   160538.391        -62953.3438    
   160532.031        -61938.6250    
   160527.328        -60923.9023    
   160522.625        -59909.1758    
   160516.250        -58894.4609    
   160511.562        -57879.8516    
   160506.844        -56865.0234    
   160500.500        -55850.3164    
   160497.422        -54836.0117    
   160491.078        -53821.6289    
   160486.344        -52807.2305    
   160481.656        -51792.7266    
   160475.281        -50778.3398    
   160470.594        -49763.9570    
   160465.875        -48749.5625    
   160459.516        -47735.1836    
   160454.812        -46721.1133    
   160450.109        -45707.0430    
   160443.750        -44692.9883    
   160439.047        -43678.9219    
   160432.688        -42664.8672    
   160427.984        -41650.8047    
   160423.266        -40636.7383    
   160416.922        -39622.5820    
   160412.203        -38608.8398    
   160407.516        -37595.0938    
   160401.156        -36581.3672    
   160396.453        -35567.5195    
   160391.734        -34553.7812    
   160385.406        -33540.0508    
   160380.672        -32526.2090    
   160375.969        -31512.5762    
   160369.625        -30499.1738    
   160364.922        -29485.6484    
   160360.203        -28472.2324    
   160353.875        -27458.8262    
   160349.141        -26445.4102    
   160344.453        -25431.8906    
   160338.094        -24418.4863    
   160333.391        -23405.0762    
   160328.688        -22391.9824    
   160322.344        -21378.7910    
   160317.641        -20365.6992    
   160312.922        -19352.6055    
   160306.594        -18339.5234    
   160301.875        -17326.4336    
   160297.172        -16313.2344    
   160290.828        -15300.1533    
   160286.109        -14287.3828    
   160279.766        -13274.6211    
   160275.078        -12261.7432    
   160270.359        -11248.9707    
   160264.031        -10236.1055    
   160259.328        -9223.44043    
   160254.609        -8210.56348    
   160248.266        -7197.80371    
   160243.562        -6185.35156    
   160238.859        -5172.79395    
   160232.516        -4160.35303    
   160227.828        -3147.90088    
   160223.125        -2135.44922    
   160216.766        -1123.00806    
   160212.078        -110.556656    
   160207.359         902.000793    
   160201.016         1914.12366    
   160196.328         2926.25708    
   160191.625         3938.39062    
   160185.266         4950.51416    
   160180.578         5962.75439    
   160175.891         6974.88818    
   160171.172         7987.02197    
   160166.469         8999.15625    
   160160.125         10011.0684    
   160155.438         11022.8848    
   160150.734         12034.7021    
   160144.391         13046.5088    
   160139.688         14058.3271    
   160133.344         15070.1338    
   160128.656         16082.1641    
   160123.953         17093.9824    
   160117.594         18105.3652    
   160112.891         19116.8672    
   160108.203         20128.3711    
   160101.859         21139.9688    
   160097.172         22151.4727    
   160092.469         23162.9746    
   160086.141         24174.4688    
   160081.422         25186.0781    
   160076.734         26197.2676    
   160070.406         27208.3398    
   160065.688         28219.5273    
   160061.000         29230.8242    
   160054.656         30242.0039    
   160049.969         31253.0879    
   160045.266         32264.3848    
   160038.922         33275.5664    
   160034.234         34286.4414    
   160029.531         35297.3203    
   160023.188         36308.1836    
   160018.500         37319.0625    
   160013.812         38329.9414    
   160007.453         39340.8086    
   160002.766         40351.6914    
   159998.062         41362.5742    
   159991.734         42373.1289    
   159987.031         43383.6953    
   159980.703         44394.1445    
   159976.016         45404.8164    
   159971.312         46415.2812    
   159964.969         47425.9492    
   159960.281         48436.4102    
   159955.594         49447.0898    
   159949.250         50457.2266    
   159944.547         51467.4844    
   159939.859         52477.7461    
   159933.531         53487.9922    
   159928.828         54498.1484    
   159924.141         55508.4102    
   159917.812         56518.6602    
   159913.109         57528.8242    
   159908.422         58538.8789    
   159902.078         59548.7109    
   159897.391         60558.6680    
   159892.703         61568.5078    
   159886.359         62578.4570    
   159881.672         63588.4023    
   159876.969         64598.3672    
   159870.656         65608.2109    
   159865.953         66617.8594    
   159861.250         67627.3984    
   159854.938         68637.0234    
   159850.250         69646.5703    
   159845.547         70656.2109    
   159839.219         71665.7500    
   159834.531         72675.4062    
   159828.188         73685.0547    
   159823.500         74694.2812    
   159818.812         75703.6172    
   159812.484         76712.8516    
   159807.797         77722.1953    
   159803.094         78731.4375    
   159796.766         79740.7734    
   159792.078         80750.0156    
   159787.375         81759.3750    
   159781.062         82768.1875    
   159776.375         83777.2188    
   159771.688         84786.1562    
   159765.344         85795.1953    
   159760.656         86804.0234    
   159755.969         87813.0781    
   159749.641         88822.0078    
   159746.594         89831.0625    
   159740.344         90827.9141    
   159733.891         92117.4688    
   159725.594         93699.7109    
   159715.469         95574.5625    
   159703.531         97741.7891    
   159691.359         100201.859    
   159677.359         102954.406    
   159661.547         105999.789    
   159643.875         109337.594    
   159626.016         112968.039    
   159604.672         116891.219    
   159583.125         121107.180    
   159559.734         125615.555    
   159534.531         130416.742    
   159507.469         135510.641    
   159480.203         140897.234    
   159449.469         146576.578    
   159418.531         152548.797    
   159385.750         158813.656    
   159352.750         165371.375    
   159316.266         172221.891    
   159279.609         179365.312    
   159241.062         186801.703    
   159200.703         194530.984    
         241
   159200.703         194530.984    
   150537.203         194478.344    
   142202.047         194430.547    
   134195.266         194387.203    
   126516.844         194348.141    
   119165.148         194312.844    
   112141.836         194281.000    
   105446.875         194252.578    
   99080.3125         194227.109    
   93042.0938         194204.438    
   87332.2500         194184.328    
   81949.1484         194166.578    
   76894.4297         194150.938    
   72168.0781         194137.156    
   67770.1094         194125.328    
   63698.8789         194114.875    
   59957.6562         194105.953    
   56543.1758         194098.219    
   53455.4414         194091.641    
   50697.7227         194086.062    
   48268.3750         194081.422    
   46165.7734         194077.500    
   44393.1875         194074.453    
   42945.7070         194072.062    
   41828.2422         194070.203    
   40779.3945         194068.500    
   39732.1758         194066.938    
   38683.3242         194065.312    
   37634.4766         194063.734    
   36585.6211         194062.297    
   35538.4062         194060.797    
   34489.5547         194059.359    
   33440.7070         194058.062    
   32403.2891         194056.703    
   31365.8770         194055.422    
   30330.0957         194054.250    
   29292.6836         194053.031    
   28256.8984         194051.984    
   27219.4844         194050.828    
   26182.0723         194049.734    
   25146.2891         194048.781    
   24120.3105         194047.812    
   23094.3320         194046.828    
   22068.3516         194046.016    
   21042.3730         194045.172    
   20018.0293         194044.328    
   18992.0508         194043.641    
   17967.7051         194042.906    
   16941.7246         194042.203    
   15922.2803         194041.641    
   14901.2021         194041.031    
   13881.7578         194040.438    
   12862.3164         194040.000    
   11842.8701         194039.516    
   10821.7939         194039.047    
   9802.34863         194038.844    
   8784.53809         194038.484    
   7763.46045         194038.141    
   6744.01611         194037.969    
   5724.57129         194037.703    
   4705.12744         194037.500    
   3684.04980         194037.438    
   2664.60498         194037.297    
   1645.16077         194037.219    
   625.716553         194037.297    
  -393.727692         194037.266    
  -1414.80566         194037.297    
  -2434.25000         194037.500    
  -3453.69434         194037.609    
  -4473.13818         194037.781    
  -5494.21631         194038.078    
  -6513.66016         194038.328    
  -7533.10498         194038.609    
  -8552.54980         194039.031    
  -9571.99316         194039.391    
  -10591.4375         194039.828    
  -11610.8818         194040.359    
  -12631.9590         194040.844    
  -13651.4033         194041.375    
  -14670.8467         194042.047    
  -15690.2910         194042.656    
  -16709.7344         194043.312    
  -17730.8125         194044.109    
  -18750.2578         194044.828    
  -19769.7012         194045.609    
  -20789.1465         194046.531    
  -21810.2227         194047.406    
  -22829.6680         194048.297    
  -23849.1094         194049.328    
  -24868.5547         194050.312    
  -25888.0000         194051.328    
  -26909.0762         194052.516    
  -27926.8867         194053.594    
  -28947.9648         194054.766    
  -29967.4043         194056.047    
  -30986.8496         194057.281    
  -32006.2949         194058.547    
  -33027.3711         194059.859    
  -34046.8164         194061.328    
  -35066.2578         194062.703    
  -36085.7031         194064.125    
  -37105.1445         194065.703    
  -38126.2188         194067.219    
  -39145.6641         194068.781    
  -40165.1094         194070.484    
  -41184.5469         194072.109    
  -42203.9922         194073.781    
  -43225.0703         194075.625    
  -44242.8789         194077.359    
  -45263.9570         194079.172    
  -46283.3984         194081.109    
  -47302.8398         194083.016    
  -48322.2812         194084.922    
  -49343.3594         194086.906    
  -50362.7969         194089.000    
  -51382.2422         194091.047    
  -52401.6914         194093.141    
  -53421.1328         194095.375    
  -54442.2031         194097.547    
  -55461.6484         194099.766    
  -56481.0859         194102.219    
  -57500.5273         194104.516    
  -58519.9727         194106.859    
  -59541.0508         194109.234    
  -60558.8477         194111.734    
  -61579.9258         194114.203    
  -62599.3711         194116.719    
  -63618.8125         194119.344    
  -64638.2539         194121.922    
  -65657.7031         194124.547    
  -66678.7734         194127.312    
  -67698.2109         194130.016    
  -68717.6484         194132.750    
  -69737.0938         194135.562    
  -70758.1641         194138.500    
  -71777.6172         194141.359    
  -72797.0469         194144.266    
  -73816.4844         194147.312    
  -74835.9297         194150.297    
  -75857.0000         194153.328    
  -76876.4453         194156.422    
  -77895.8828         194159.625    
  -78915.3203         194162.781    
  -79936.3906         194165.984    
  -80954.2031         194169.328    
  -81973.6406         194172.578    
  -82994.7109         194175.922    
  -84014.1484         194179.281    
  -85033.5938         194182.797    
  -86053.0312         194186.203    
  -87074.1016         194189.719    
  -88093.5391         194193.344    
  -89112.9844         194196.891    
  -90132.4297         194200.500    
  -91151.8594         194204.141    
  -92172.9297         194207.938    
  -93192.3594         194211.672    
  -94211.8125         194215.438    
  -95231.2422         194219.250    
  -96250.6797         194223.188    
  -97270.1250         194227.109    
  -98289.5547         194231.031    
  -99310.6328         194235.125    
  -100330.055         194239.141    
  -101349.492         194243.188    
  -102368.938         194247.297    
  -103388.367         194251.516    
  -104409.453         194255.734    
  -105428.883         194259.938    
  -106448.320         194264.281    
  -107467.750         194268.594    
  -108487.195         194272.953    
  -109508.250         194277.344    
  -110526.062         194281.859    
  -111547.133         194286.344    
  -112566.555         194290.844    
  -113586.008         194295.391    
  -114605.430         194300.078    
  -115624.867         194304.734    
  -116645.945         194309.406    
  -117665.367         194314.078    
  -118684.812         194318.953    
  -119704.250         194323.766    
  -120725.305         194328.609    
  -121744.727         194333.594    
  -122764.172         194338.516    
  -123783.609         194343.453    
  -124803.031         194348.453    
  -125824.102         194353.609    
  -126841.914         194358.688    
  -127862.977         194363.812    
  -128882.406         194368.969    
  -129901.828         194374.391    
  -130921.266         194379.641    
  -131940.719         194384.922    
  -132961.766         194390.266    
  -133981.203         194395.719    
  -135000.641         194401.141    
  -136020.062         194406.578    
  -137039.484         194412.094    
  -138060.562         194417.734    
  -139079.984         194423.297    
  -140099.406         194428.922    
  -141118.844         194434.562    
  -142138.281         194440.391    
  -143159.344         194446.125    
  -144177.141         194451.891    
  -145198.203         194457.719    
  -146217.625         194463.688    
  -147237.062         194469.594    
  -148256.484         194475.516    
  -149275.906         194481.516    
  -150296.984         194487.656    
  -151316.406         194493.703    
  -152335.844         194499.828    
  -153355.266         194505.969    
  -154374.672         194512.250    
  -155385.953         194518.438    
  -156691.281         194526.484    
  -158293.922         194536.531    
  -160193.922         194548.484    
  -162389.609         194562.562    
  -164880.984         194578.625    
  -167669.703         194597.031    
  -170754.109         194617.750    
  -174135.859         194640.734    
  -177813.297         194666.391    
  -181788.031         194694.688    
  -186056.891         194725.766    
  -190624.656         194759.797    
  -195488.109         194796.938    
  -200647.297         194837.344    
  -206103.781         194881.359    
  -211855.922         194928.891    
  -217905.438         194980.266    
  -224250.609         195035.922    
  -230891.453         195095.656    
  -237829.641         195159.906    
  -245065.094         195229.016    
  -252596.234         195303.047    
  -260421.422         195382.438    
