         249
  -260421.422         195382.438    
  -260507.375         187653.422    
  -260587.016         180217.297    
  -260666.922         173074.000    
  -260740.578         166223.750    
  -260812.812         159666.344    
  -260882.078         153401.531    
  -260945.062         147429.672    
  -261008.312         141750.484    
  -261066.922         136364.109    
  -261122.516         131270.438    
  -261175.125         126469.469    
  -261224.703         121961.055    
  -261269.641         117745.391    
  -261313.188         113822.398    
  -261353.781         110192.016    
  -261389.688         106854.258    
  -261422.609         103809.109    
  -261452.516         101056.664    
  -261479.422         98596.7188    
  -261503.344         96429.3672    
  -261522.594         94554.6016    
  -261540.469         92972.5312    
  -261555.359         91683.0469    
  -261565.594         90686.0156    
  -261575.969         89677.0000    
  -261587.969         88668.2266    
  -261599.984         87659.2344    
  -261610.328         86650.3359    
  -261620.703         85641.3359    
  -261632.703         84632.4609    
  -261643.062         83623.5703    
  -261655.062         82614.5938    
  -261665.438         81605.3906    
  -261675.797         80596.0781    
  -261687.797         79586.7891    
  -261698.203         78577.5938    
  -261710.203         77568.4141    
  -261720.547         76559.1094    
  -261730.906         75549.9297    
  -261742.906         74540.6406    
  -261753.281         73531.1328    
  -261765.281         72521.5391    
  -261775.688         71511.9297    
  -261786.047         70502.4297    
  -261798.047         69492.8438    
  -261808.422         68483.1328    
  -261820.422         67473.6562    
  -261830.812         66464.0547    
  -261841.188         65454.2383    
  -261853.219         64444.3438    
  -261865.219         63434.4492    
  -261875.594         62424.6367    
  -261885.953         61414.6172    
  -261896.328         60404.7148    
  -261908.359         59394.9297    
  -261920.359         58385.0391    
  -261930.734         57374.8164    
  -261941.125         56364.5938    
  -261953.141         55354.3906    
  -261963.531         54344.1719    
  -261975.531         53333.9727    
  -261985.906         52323.8633    
  -261996.281         51313.5469    
  -262008.312         50303.3477    
  -262018.688         49292.9219    
  -262029.078         48282.2891    
  -262041.078         47271.8828    
  -262051.453         46261.2539    
  -262063.484         45250.7422    
  -262073.891         44240.2188    
  -262084.250         43229.6992    
  -262096.266         42219.1953    
  -262106.656         41208.3555    
  -262118.688         40197.5312    
  -262129.094         39186.5898    
  -262139.438         38175.8594    
  -262151.469         37164.9375    
  -262163.531         36154.1172    
  -262173.875         35143.2852    
  -262184.281         34132.4531    
  -262194.625         33121.2031    
  -262206.688         32110.1738    
  -262218.719         31098.9355    
  -262229.094         30087.7910    
  -262239.500         29076.5371    
  -262251.500         28065.5176    
  -262261.906         27054.2656    
  -262273.938         26043.1387    
  -262284.312         25031.5703    
  -262294.750         24020.1074    
  -262306.750         23008.6660    
  -262317.156         21997.0996    
  -262329.188         20985.6602    
  -262339.594         19974.3066    
  -262349.969         18962.7422    
  -262362.000         17951.3008    
  -262372.406         16939.4199    
  -262384.469         15927.6631    
  -262394.844         14915.7812    
  -262405.219         13904.0078    
  -262417.281         12892.1445    
  -262429.312         11880.3887    
  -262439.688         10868.6162    
  -262450.094         9856.73730    
  -262462.125         8844.66309    
  -262472.531         7832.57275    
  -262484.594         6820.49951    
  -262494.969         5808.30273    
  -262505.375         4796.10693    
  -262517.438         3784.03418    
  -262527.812         2771.94482    
  -262538.219         1759.85498    
  -262550.250         747.358276    
  -262560.688        -265.049347    
  -262572.688        -1277.43994    
  -262583.094        -2289.95361    
  -262593.531        -3302.46753    
  -262605.562        -4314.85840    
  -262615.969        -5327.37256    
  -262628.000        -6339.76416    
  -262638.406        -7352.59570    
  -262648.812        -8365.32227    
  -262660.844        -9378.13770    
  -262672.875        -10390.8477    
  -262683.312        -11403.5762    
  -262693.688        -12416.4092    
  -262705.750        -13429.0137    
  -262716.156        -14441.8477    
  -262728.219        -15454.8770    
  -262738.625        -16468.0293    
  -262749.031        -17481.1836    
  -262761.094        -18494.2168    
  -262771.500        -19507.2637    
  -262783.562        -20520.4004    
  -262793.938        -21533.4512    
  -262804.375        -22546.6055    
  -262816.438        -23560.0645    
  -262828.500        -24573.3105    
  -262838.906        -25586.7852    
  -262849.344        -26600.1582    
  -262859.719        -27613.6328    
  -262871.781        -28626.9883    
  -262883.844        -29640.3418    
  -262894.250        -30653.8242    
  -262904.656        -31667.6230    
  -262916.719        -32681.2988    
  -262927.125        -33694.8828    
  -262939.219        -34708.6719    
  -262949.625        -35722.3633    
  -262960.031        -36736.1641    
  -262972.094        -37749.8438    
  -262982.531        -38763.6484    
  -262994.594        -39777.6484    
  -263005.031        -40791.6719    
  -263015.438        -41805.7930    
  -263027.500        -42819.7969    
  -263037.906        -43833.8203    
  -263048.312        -44847.9492    
  -263060.406        -45861.9570    
  -263072.438        -46875.9648    
  -263082.875        -47890.3047    
  -263093.281        -48904.6523    
  -263103.719        -49919.1094    
  -263115.812        -50933.5430    
  -263127.875        -51947.8750    
  -263138.312        -52962.2305    
  -263148.719        -53976.5781    
  -263160.781        -54990.9180    
  -263171.188        -56005.6953    
  -263183.281        -57020.3477    
  -263193.719        -58035.0234    
  -263204.125        -59049.7070    
  -263216.219        -60064.3711    
  -263228.281        -61079.0312    
  -263238.719        -62093.8203    
  -263249.125        -63108.5000    
  -263259.562        -64123.5000    
  -263271.625        -65138.4883    
  -263283.719        -66153.4844    
  -263294.156        -67168.5938    
  -263304.594        -68183.5000    
  -263316.688        -69198.4922    
  -263327.094        -70213.6172    
  -263339.188        -71228.5078    
  -263349.625        -72243.9375    
  -263360.031        -73259.1719    
  -263372.156        -74274.5000    
  -263384.219        -75289.9219    
  -263394.656        -76305.1641    
  -263405.094        -77320.6094    
  -263415.500        -78335.8594    
  -263427.594        -79351.2891    
  -263439.719        -80366.9453    
  -263450.125        -81382.5078    
  -263460.562        -82398.1719    
  -263472.656        -83413.8359    
  -263483.062        -84429.3984    
  -263495.156        -85445.0703    
  -263505.594        -86460.8516    
  -263516.031        -87476.4297    
  -263528.156        -88492.4219    
  -263538.562        -89508.4297    
  -263549.031        -90524.3281    
  -263561.094        -91540.3203    
  -263571.562        -92556.3281    
  -263583.625        -93572.2266    
  -263594.094        -94588.2500    
  -263604.531        -95604.2656    
  -263616.625        -96620.5859    
  -263628.750        -97636.8047    
  -263639.156        -98653.1562    
  -263649.625        -99669.3906    
  -263661.688        -100685.727    
  -263672.156        -101702.078    
  -263684.219        -102718.312    
  -263694.688        -103734.672    
  -263705.156        -104751.242    
  -263717.250        -105767.805    
  -263729.344        -106784.469    
  -263739.781        -107801.055    
  -263750.250        -108817.633    
  -263760.688        -109834.328    
  -263772.781        -110851.000    
  -263784.906        -111867.586    
  -263795.250        -112876.547    
  -263808.656        -114181.711    
  -263826.750        -115782.836    
  -263847.938        -117680.188    
  -263872.125        -119873.641    
  -263899.375        -122363.211    
  -263929.656        -125149.000    
  -263962.969        -128231.039    
  -264001.031        -131608.953    
  -264040.438        -135283.188    
  -264084.562        -139253.656    
  -264131.719        -143520.281    
  -264181.938        -148083.125    
  -264235.188        -152942.141    
  -264291.531        -158097.422    
  -264350.875        -163549.016    
  -264413.281        -169296.781    
  -264480.406        -175341.062    
  -264548.906        -181681.547    
  -264623.781        -188318.484    
  -264698.375        -195251.734    
  -264779.375        -202481.469    
  -264860.094        -210007.703    
  -264947.188        -217830.516    
