   4.3479591e+05  -3.1125091e+06
   4.3732804e+05  -3.1094126e+06
   4.3986018e+05  -3.1063161e+06
   4.4239231e+05  -3.1032197e+06
   4.4492445e+05  -3.1001232e+06
   4.4745658e+05  -3.0970267e+06
   4.4998872e+05  -3.0939302e+06
   4.5252085e+05  -3.0908337e+06
   4.5505299e+05  -3.0877372e+06
   4.5758512e+05  -3.0846407e+06
   4.6011725e+05  -3.0815442e+06
   4.6264939e+05  -3.0784477e+06
   4.6518152e+05  -3.0753512e+06
   4.6771366e+05  -3.0722547e+06
   4.7024579e+05  -3.0691582e+06
   4.7277793e+05  -3.0660617e+06
   4.7531006e+05  -3.0629652e+06
   4.7784220e+05  -3.0598687e+06
   4.8037433e+05  -3.0567722e+06
   4.8290646e+05  -3.0536757e+06
   4.8543860e+05  -3.0505792e+06
   4.8797073e+05  -3.0474827e+06
   4.9050287e+05  -3.0443862e+06
   4.9303500e+05  -3.0412897e+06
   4.9556714e+05  -3.0381932e+06
   4.9809927e+05  -3.0350967e+06
   5.0063141e+05  -3.0320002e+06
   5.0316354e+05  -3.0289037e+06
   5.0569568e+05  -3.0258072e+06
   5.0822781e+05  -3.0227107e+06
   5.1075994e+05  -3.0196142e+06
   5.1329208e+05  -3.0165177e+06
   5.1582421e+05  -3.0134212e+06
   5.1835635e+05  -3.0103247e+06
   5.2088848e+05  -3.0072282e+06
   5.2342062e+05  -3.0041317e+06
   5.2595275e+05  -3.0010352e+06
   5.2848489e+05  -2.9979387e+06
   5.3101702e+05  -2.9948422e+06
   5.3354915e+05  -2.9917458e+06
   5.3608129e+05  -2.9886493e+06
   5.3861342e+05  -2.9855528e+06
   5.4114556e+05  -2.9824563e+06
   5.4367769e+05  -2.9793598e+06
   5.4620983e+05  -2.9762633e+06
   5.4874196e+05  -2.9731668e+06
   5.5127410e+05  -2.9700703e+06
   5.5380623e+05  -2.9669738e+06
   5.5633837e+05  -2.9638773e+06
   5.5887050e+05  -2.9607808e+06
   5.6140263e+05  -2.9576843e+06
   5.6393477e+05  -2.9545878e+06
   5.6646690e+05  -2.9514913e+06
   5.6899904e+05  -2.9483948e+06
   5.7153117e+05  -2.9452983e+06
   5.7406331e+05  -2.9422018e+06
   5.7659544e+05  -2.9391053e+06
   5.7912758e+05  -2.9360088e+06
   5.8165971e+05  -2.9329123e+06
   5.8419184e+05  -2.9298158e+06
   5.8672398e+05  -2.9267193e+06
   5.8925611e+05  -2.9236228e+06
   5.9178825e+05  -2.9205263e+06
   5.9432038e+05  -2.9174298e+06
   5.9685252e+05  -2.9143333e+06
   5.9938465e+05  -2.9112368e+06
   6.0191679e+05  -2.9081403e+06
   6.0444892e+05  -2.9050438e+06
   6.0698105e+05  -2.9019473e+06
   6.0951319e+05  -2.8988508e+06
   6.1204532e+05  -2.8957543e+06
   6.1457746e+05  -2.8926578e+06
   6.1710959e+05  -2.8895613e+06
   6.1964173e+05  -2.8864648e+06
   6.2217386e+05  -2.8833683e+06
   6.2470600e+05  -2.8802719e+06
   6.2723813e+05  -2.8771754e+06
   6.2977027e+05  -2.8740789e+06
   6.3230240e+05  -2.8709824e+06
   6.3483453e+05  -2.8678859e+06
   6.3736667e+05  -2.8647894e+06
   6.3989880e+05  -2.8616929e+06
   6.4243094e+05  -2.8585964e+06
   6.4496307e+05  -2.8554999e+06
   6.4749521e+05  -2.8524034e+06
   6.5002734e+05  -2.8493069e+06
   6.5255948e+05  -2.8462104e+06
   6.5509161e+05  -2.8431139e+06
   6.5762374e+05  -2.8400174e+06
   6.6015588e+05  -2.8369209e+06
   6.6268801e+05  -2.8338244e+06
   6.6522015e+05  -2.8307279e+06
   6.6775228e+05  -2.8276314e+06
   6.7028442e+05  -2.8245349e+06
   6.7281655e+05  -2.8214384e+06
   6.7534869e+05  -2.8183419e+06
   6.7788082e+05  -2.8152454e+06
   6.8041295e+05  -2.8121489e+06
   6.8294509e+05  -2.8090524e+06
   6.8547722e+05  -2.8059559e+06
   6.8800936e+05  -2.8028594e+06
   6.9054149e+05  -2.7997629e+06
   6.9307363e+05  -2.7966664e+06
   6.9560576e+05  -2.7935699e+06
   6.9813790e+05  -2.7904734e+06
   7.0067003e+05  -2.7873769e+06
   7.0320217e+05  -2.7842804e+06
   7.0573430e+05  -2.7811839e+06
   7.0826643e+05  -2.7780874e+06
   7.1079857e+05  -2.7749909e+06
   7.1333070e+05  -2.7718945e+06
   7.1586284e+05  -2.7687980e+06
   7.1839497e+05  -2.7657015e+06
   7.2092711e+05  -2.7626050e+06
   7.2345924e+05  -2.7595085e+06
   7.2599138e+05  -2.7564120e+06
   7.2852351e+05  -2.7533155e+06
   7.3105564e+05  -2.7502190e+06
   7.3358778e+05  -2.7471225e+06
   7.3611991e+05  -2.7440260e+06
   7.3865205e+05  -2.7409295e+06
   7.4118418e+05  -2.7378330e+06
   7.4371632e+05  -2.7347365e+06
   7.4624845e+05  -2.7316400e+06
   7.4878059e+05  -2.7285435e+06
   7.5131272e+05  -2.7254470e+06
   7.5384485e+05  -2.7223505e+06
   7.5637699e+05  -2.7192540e+06
   7.5890912e+05  -2.7161575e+06
   7.6144126e+05  -2.7130610e+06
   7.6397339e+05  -2.7099645e+06
   7.6650553e+05  -2.7068680e+06
   7.6903766e+05  -2.7037715e+06
   7.7156980e+05  -2.7006750e+06
   7.7410193e+05  -2.6975785e+06
   7.7663407e+05  -2.6944820e+06
   7.7916620e+05  -2.6913855e+06
   7.8169833e+05  -2.6882890e+06
   7.8423047e+05  -2.6851925e+06
   7.8676260e+05  -2.6820960e+06
   7.8929474e+05  -2.6789995e+06
   7.9182687e+05  -2.6759030e+06
   7.9435901e+05  -2.6728065e+06
   7.9689114e+05  -2.6697100e+06
   7.9942328e+05  -2.6666135e+06
   8.0195541e+05  -2.6635170e+06
   8.0448754e+05  -2.6604206e+06
   8.0701968e+05  -2.6573241e+06
   8.0955181e+05  -2.6542276e+06
   8.1208395e+05  -2.6511311e+06
   8.1461608e+05  -2.6480346e+06
   8.1714822e+05  -2.6449381e+06
   8.1968035e+05  -2.6418416e+06
   8.2221249e+05  -2.6387451e+06
   8.2474462e+05  -2.6356486e+06
   8.2727676e+05  -2.6325521e+06
   8.2980889e+05  -2.6294556e+06
   8.3234102e+05  -2.6263591e+06
   8.3487316e+05  -2.6232626e+06
   8.3740529e+05  -2.6201661e+06
   8.3993743e+05  -2.6170696e+06
   8.4246956e+05  -2.6139731e+06
   8.4500170e+05  -2.6108766e+06
   8.4753383e+05  -2.6077801e+06
   8.5006597e+05  -2.6046836e+06
   8.5259810e+05  -2.6015871e+06
   8.5513023e+05  -2.5984906e+06
   8.5766237e+05  -2.5953941e+06
   8.6019450e+05  -2.5922976e+06
   8.6272664e+05  -2.5892011e+06
   8.6525877e+05  -2.5861046e+06
   8.6779091e+05  -2.5830081e+06
   8.7032304e+05  -2.5799116e+06
   8.7285518e+05  -2.5768151e+06
   8.7538731e+05  -2.5737186e+06
   8.7791944e+05  -2.5706221e+06
   8.8045158e+05  -2.5675256e+06
   8.8298371e+05  -2.5644291e+06
   8.8551585e+05  -2.5613326e+06
   8.8804798e+05  -2.5582361e+06
   8.9058012e+05  -2.5551396e+06
   8.9311225e+05  -2.5520431e+06
   8.9564439e+05  -2.5489467e+06
   8.9817652e+05  -2.5458502e+06
   9.0070866e+05  -2.5427537e+06
   9.0324079e+05  -2.5396572e+06
   9.0577292e+05  -2.5365607e+06
   9.0830506e+05  -2.5334642e+06
   9.1083719e+05  -2.5303677e+06
   9.1336933e+05  -2.5272712e+06
   9.1590146e+05  -2.5241747e+06
   9.1843360e+05  -2.5210782e+06
   9.2096573e+05  -2.5179817e+06
   9.2349787e+05  -2.5148852e+06
   9.2603000e+05  -2.5117887e+06
   9.2856213e+05  -2.5086922e+06
   9.3109427e+05  -2.5055957e+06
   9.3362640e+05  -2.5024992e+06
   9.3615854e+05  -2.4994027e+06
   9.3869067e+05  -2.4963062e+06
   9.4122281e+05  -2.4932097e+06
   9.4375494e+05  -2.4901132e+06
   9.4628708e+05  -2.4870167e+06
   9.4881921e+05  -2.4839202e+06
   9.5135134e+05  -2.4808237e+06
   9.5388348e+05  -2.4777272e+06
   9.5641561e+05  -2.4746307e+06
   9.5894775e+05  -2.4715342e+06
   9.6147988e+05  -2.4684377e+06
   9.6401202e+05  -2.4653412e+06
   9.6654415e+05  -2.4622447e+06
   9.6907629e+05  -2.4591482e+06
   9.7160842e+05  -2.4560517e+06
   9.7414056e+05  -2.4529552e+06
   9.7667269e+05  -2.4498587e+06
   9.7920482e+05  -2.4467622e+06
   9.8173696e+05  -2.4436657e+06
   9.8426909e+05  -2.4405692e+06
   9.8680123e+05  -2.4374728e+06
   9.8933336e+05  -2.4343763e+06
   9.9186550e+05  -2.4312798e+06
   9.9439763e+05  -2.4281833e+06
   9.9692977e+05  -2.4250868e+06
   9.9946190e+05  -2.4219903e+06
   1.0019940e+06  -2.4188938e+06
   1.0045262e+06  -2.4157973e+06
   1.0070583e+06  -2.4127008e+06
   1.0095904e+06  -2.4096043e+06
   1.0121226e+06  -2.4065078e+06
   1.0146547e+06  -2.4034113e+06
   1.0171868e+06  -2.4003148e+06
   1.0197190e+06  -2.3972183e+06
   1.0222511e+06  -2.3941218e+06
   1.0247832e+06  -2.3910253e+06
   1.0273154e+06  -2.3879288e+06
   1.0298475e+06  -2.3848323e+06
   1.0323796e+06  -2.3817358e+06
   1.0349118e+06  -2.3786393e+06
   1.0374439e+06  -2.3755428e+06
   1.0399761e+06  -2.3724463e+06
   1.0425082e+06  -2.3693498e+06
   1.0450403e+06  -2.3662533e+06
   1.0475725e+06  -2.3631568e+06
   1.0501046e+06  -2.3600603e+06
   1.0526367e+06  -2.3569638e+06
   1.0551689e+06  -2.3538673e+06
   1.0577010e+06  -2.3507708e+06
   1.0602331e+06  -2.3476743e+06
   1.0627653e+06  -2.3445778e+06
   1.0652974e+06  -2.3414813e+06
   1.0678295e+06  -2.3383848e+06
   1.0703617e+06  -2.3352883e+06
   1.0728938e+06  -2.3321918e+06
   1.0754259e+06  -2.3290953e+06
   1.0779581e+06  -2.3259989e+06
   1.0804902e+06  -2.3229024e+06
   1.0830223e+06  -2.3198059e+06
   1.0855545e+06  -2.3167094e+06
   1.0880866e+06  -2.3136129e+06
   1.0906187e+06  -2.3105164e+06
   1.0931509e+06  -2.3074199e+06
   1.0956830e+06  -2.3043234e+06
   1.0982151e+06  -2.3012269e+06
   1.1007473e+06  -2.2981304e+06
   1.1032794e+06  -2.2950339e+06
   1.1058115e+06  -2.2919374e+06
   1.1083437e+06  -2.2888409e+06
