   1.1083437e+06  -2.2888409e+06
   1.1048835e+06  -2.2868342e+06
   1.1014233e+06  -2.2848274e+06
   1.0979630e+06  -2.2828207e+06
   1.0945028e+06  -2.2808140e+06
   1.0910426e+06  -2.2788073e+06
   1.0875824e+06  -2.2768006e+06
   1.0841222e+06  -2.2747939e+06
   1.0806620e+06  -2.2727871e+06
   1.0772018e+06  -2.2707804e+06
   1.0737415e+06  -2.2687737e+06
   1.0702813e+06  -2.2667670e+06
   1.0668211e+06  -2.2647603e+06
   1.0633609e+06  -2.2627535e+06
   1.0599007e+06  -2.2607468e+06
   1.0564405e+06  -2.2587401e+06
   1.0529803e+06  -2.2567334e+06
   1.0495201e+06  -2.2547267e+06
   1.0460598e+06  -2.2527199e+06
   1.0425996e+06  -2.2507132e+06
   1.0391394e+06  -2.2487065e+06
   1.0356792e+06  -2.2466998e+06
   1.0322190e+06  -2.2446931e+06
   1.0287588e+06  -2.2426863e+06
   1.0252986e+06  -2.2406796e+06
   1.0218383e+06  -2.2386729e+06
   1.0183781e+06  -2.2366662e+06
   1.0149179e+06  -2.2346595e+06
   1.0114577e+06  -2.2326527e+06
   1.0079975e+06  -2.2306460e+06
   1.0045373e+06  -2.2286393e+06
   1.0010771e+06  -2.2266326e+06
   9.9761685e+05  -2.2246259e+06
   9.9415663e+05  -2.2226192e+06
   9.9069642e+05  -2.2206124e+06
   9.8723621e+05  -2.2186057e+06
   9.8377599e+05  -2.2165990e+06
   9.8031578e+05  -2.2145923e+06
   9.7685557e+05  -2.2125856e+06
   9.7339535e+05  -2.2105788e+06
   9.6993514e+05  -2.2085721e+06
   9.6647493e+05  -2.2065654e+06
   9.6301471e+05  -2.2045587e+06
   9.5955450e+05  -2.2025520e+06
   9.5609429e+05  -2.2005452e+06
   9.5263407e+05  -2.1985385e+06
   9.4917386e+05  -2.1965318e+06
   9.4571364e+05  -2.1945251e+06
   9.4225343e+05  -2.1925184e+06
   9.3879322e+05  -2.1905116e+06
   9.3533300e+05  -2.1885049e+06
   9.3187279e+05  -2.1864982e+06
   9.2841258e+05  -2.1844915e+06
   9.2495236e+05  -2.1824848e+06
   9.2149215e+05  -2.1804780e+06
   9.1803194e+05  -2.1784713e+06
   9.1457172e+05  -2.1764646e+06
   9.1111151e+05  -2.1744579e+06
   9.0765129e+05  -2.1724512e+06
   9.0419108e+05  -2.1704445e+06
   9.0073087e+05  -2.1684377e+06
   8.9727065e+05  -2.1664310e+06
   8.9381044e+05  -2.1644243e+06
   8.9035023e+05  -2.1624176e+06
   8.8689001e+05  -2.1604109e+06
   8.8342980e+05  -2.1584041e+06
   8.7996959e+05  -2.1563974e+06
   8.7650937e+05  -2.1543907e+06
   8.7304916e+05  -2.1523840e+06
   8.6958895e+05  -2.1503773e+06
   8.6612873e+05  -2.1483705e+06
   8.6266852e+05  -2.1463638e+06
   8.5920830e+05  -2.1443571e+06
   8.5574809e+05  -2.1423504e+06
   8.5228788e+05  -2.1403437e+06
   8.4882766e+05  -2.1383369e+06
   8.4536745e+05  -2.1363302e+06
   8.4190724e+05  -2.1343235e+06
   8.3844702e+05  -2.1323168e+06
   8.3498681e+05  -2.1303101e+06
   8.3152660e+05  -2.1283034e+06
   8.2806638e+05  -2.1262966e+06
   8.2460617e+05  -2.1242899e+06
   8.2114596e+05  -2.1222832e+06
   8.1768574e+05  -2.1202765e+06
   8.1422553e+05  -2.1182698e+06
   8.1076531e+05  -2.1162630e+06
   8.0730510e+05  -2.1142563e+06
   8.0384489e+05  -2.1122496e+06
   8.0038467e+05  -2.1102429e+06
   7.9692446e+05  -2.1082362e+06
   7.9346425e+05  -2.1062294e+06
   7.9000403e+05  -2.1042227e+06
   7.8654382e+05  -2.1022160e+06
   7.8308361e+05  -2.1002093e+06
   7.7962339e+05  -2.0982026e+06
   7.7616318e+05  -2.0961958e+06
   7.7270297e+05  -2.0941891e+06
   7.6924275e+05  -2.0921824e+06
   7.6578254e+05  -2.0901757e+06
   7.6232232e+05  -2.0881690e+06
   7.5886211e+05  -2.0861622e+06
   7.5540190e+05  -2.0841555e+06
   7.5194168e+05  -2.0821488e+06
   7.4848147e+05  -2.0801421e+06
   7.4502126e+05  -2.0781354e+06
   7.4156104e+05  -2.0761287e+06
   7.3810083e+05  -2.0741219e+06
   7.3464062e+05  -2.0721152e+06
   7.3118040e+05  -2.0701085e+06
   7.2772019e+05  -2.0681018e+06
   7.2425997e+05  -2.0660951e+06
   7.2079976e+05  -2.0640883e+06
   7.1733955e+05  -2.0620816e+06
   7.1387933e+05  -2.0600749e+06
   7.1041912e+05  -2.0580682e+06
   7.0695891e+05  -2.0560615e+06
   7.0349869e+05  -2.0540547e+06
   7.0003848e+05  -2.0520480e+06
   6.9657827e+05  -2.0500413e+06
   6.9311805e+05  -2.0480346e+06
   6.8965784e+05  -2.0460279e+06
   6.8619763e+05  -2.0440211e+06
   6.8273741e+05  -2.0420144e+06
   6.7927720e+05  -2.0400077e+06
   6.7581698e+05  -2.0380010e+06
   6.7235677e+05  -2.0359943e+06
   6.6889656e+05  -2.0339875e+06
   6.6543634e+05  -2.0319808e+06
   6.6197613e+05  -2.0299741e+06
   6.5851592e+05  -2.0279674e+06
   6.5505570e+05  -2.0259607e+06
   6.5159549e+05  -2.0239540e+06
   6.4813528e+05  -2.0219472e+06
   6.4467506e+05  -2.0199405e+06
   6.4121485e+05  -2.0179338e+06
   6.3775464e+05  -2.0159271e+06
   6.3429442e+05  -2.0139204e+06
   6.3083421e+05  -2.0119136e+06
   6.2737399e+05  -2.0099069e+06
   6.2391378e+05  -2.0079002e+06
   6.2045357e+05  -2.0058935e+06
   6.1699335e+05  -2.0038868e+06
   6.1353314e+05  -2.0018800e+06
   6.1007293e+05  -1.9998733e+06
   6.0661271e+05  -1.9978666e+06
   6.0315250e+05  -1.9958599e+06
   5.9969229e+05  -1.9938532e+06
   5.9623207e+05  -1.9918464e+06
   5.9277186e+05  -1.9898397e+06
   5.8931164e+05  -1.9878330e+06
   5.8585143e+05  -1.9858263e+06
   5.8239122e+05  -1.9838196e+06
   5.7893100e+05  -1.9818128e+06
   5.7547079e+05  -1.9798061e+06
   5.7201058e+05  -1.9777994e+06
   5.6855036e+05  -1.9757927e+06
   5.6509015e+05  -1.9737860e+06
   5.6162994e+05  -1.9717793e+06
   5.5816972e+05  -1.9697725e+06
   5.5470951e+05  -1.9677658e+06
   5.5124930e+05  -1.9657591e+06
   5.4778908e+05  -1.9637524e+06
   5.4432887e+05  -1.9617457e+06
   5.4086865e+05  -1.9597389e+06
   5.3740844e+05  -1.9577322e+06
   5.3394823e+05  -1.9557255e+06
   5.3048801e+05  -1.9537188e+06
   5.2702780e+05  -1.9517121e+06
   5.2356759e+05  -1.9497053e+06
   5.2010737e+05  -1.9476986e+06
   5.1664716e+05  -1.9456919e+06
   5.1318695e+05  -1.9436852e+06
   5.0972673e+05  -1.9416785e+06
   5.0626652e+05  -1.9396717e+06
   5.0280631e+05  -1.9376650e+06
   4.9934609e+05  -1.9356583e+06
   4.9588588e+05  -1.9336516e+06
   4.9242566e+05  -1.9316449e+06
   4.8896545e+05  -1.9296382e+06
   4.8550524e+05  -1.9276314e+06
   4.8204502e+05  -1.9256247e+06
   4.7858481e+05  -1.9236180e+06
   4.7512460e+05  -1.9216113e+06
   4.7166438e+05  -1.9196046e+06
   4.6820417e+05  -1.9175978e+06
   4.6474396e+05  -1.9155911e+06
   4.6128374e+05  -1.9135844e+06
   4.5782353e+05  -1.9115777e+06
   4.5436332e+05  -1.9095710e+06
   4.5090310e+05  -1.9075642e+06
   4.4744289e+05  -1.9055575e+06
   4.4398267e+05  -1.9035508e+06
   4.4052246e+05  -1.9015441e+06
   4.3706225e+05  -1.8995374e+06
   4.3360203e+05  -1.8975306e+06
   4.3014182e+05  -1.8955239e+06
   4.2668161e+05  -1.8935172e+06
   4.2322139e+05  -1.8915105e+06
   4.1976118e+05  -1.8895038e+06
   4.1630097e+05  -1.8874970e+06
   4.1284075e+05  -1.8854903e+06
   4.0938054e+05  -1.8834836e+06
   4.0592032e+05  -1.8814769e+06
   4.0246011e+05  -1.8794702e+06
   3.9899990e+05  -1.8774635e+06
   3.9553968e+05  -1.8754567e+06
   3.9207947e+05  -1.8734500e+06
   3.8861926e+05  -1.8714433e+06
   3.8515904e+05  -1.8694366e+06
   3.8169883e+05  -1.8674299e+06
   3.7823862e+05  -1.8654231e+06
   3.7477840e+05  -1.8634164e+06
   3.7131819e+05  -1.8614097e+06
   3.6785798e+05  -1.8594030e+06
   3.6439776e+05  -1.8573963e+06
   3.6093755e+05  -1.8553895e+06
   3.5747733e+05  -1.8533828e+06
   3.5401712e+05  -1.8513761e+06
   3.5055691e+05  -1.8493694e+06
   3.4709669e+05  -1.8473627e+06
   3.4363648e+05  -1.8453559e+06
   3.4017627e+05  -1.8433492e+06
   3.3671605e+05  -1.8413425e+06
   3.3325584e+05  -1.8393358e+06
   3.2979563e+05  -1.8373291e+06
   3.2633541e+05  -1.8353223e+06
   3.2287520e+05  -1.8333156e+06
   3.1941499e+05  -1.8313089e+06
   3.1595477e+05  -1.8293022e+06
   3.1249456e+05  -1.8272955e+06
   3.0903434e+05  -1.8252888e+06
   3.0557413e+05  -1.8232820e+06
   3.0211392e+05  -1.8212753e+06
   2.9865370e+05  -1.8192686e+06
   2.9519349e+05  -1.8172619e+06
   2.9173328e+05  -1.8152552e+06
   2.8827306e+05  -1.8132484e+06
   2.8481285e+05  -1.8112417e+06
   2.8135264e+05  -1.8092350e+06
   2.7789242e+05  -1.8072283e+06
   2.7443221e+05  -1.8052216e+06
   2.7097200e+05  -1.8032148e+06
   2.6751178e+05  -1.8012081e+06
   2.6405157e+05  -1.7992014e+06
   2.6059135e+05  -1.7971947e+06
   2.5713114e+05  -1.7951880e+06
   2.5367093e+05  -1.7931812e+06
   2.5021071e+05  -1.7911745e+06
   2.4675050e+05  -1.7891678e+06
   2.4329029e+05  -1.7871611e+06
   2.3983007e+05  -1.7851544e+06
   2.3636986e+05  -1.7831476e+06
   2.3290965e+05  -1.7811409e+06
   2.2944943e+05  -1.7791342e+06
   2.2598922e+05  -1.7771275e+06
   2.2252900e+05  -1.7751208e+06
   2.1906879e+05  -1.7731141e+06
   2.1560858e+05  -1.7711073e+06
   2.1214836e+05  -1.7691006e+06
   2.0868815e+05  -1.7670939e+06
   2.0522794e+05  -1.7650872e+06
   2.0176772e+05  -1.7630805e+06
   1.9830751e+05  -1.7610737e+06
   1.9484730e+05  -1.7590670e+06
   1.9138708e+05  -1.7570603e+06
   1.8792687e+05  -1.7550536e+06
   1.8446666e+05  -1.7530469e+06
   1.8100644e+05  -1.7510401e+06
   1.7754623e+05  -1.7490334e+06
   1.7408601e+05  -1.7470267e+06
   1.7062580e+05  -1.7450200e+06
   1.6716559e+05  -1.7430133e+06
   1.6370537e+05  -1.7410065e+06
   1.6024516e+05  -1.7389998e+06
   1.5678495e+05  -1.7369931e+06
   1.5332473e+05  -1.7349864e+06
   1.4986452e+05  -1.7329797e+06
   1.4640431e+05  -1.7309729e+06
   1.4294409e+05  -1.7289662e+06
   1.3948388e+05  -1.7269595e+06
   1.3602367e+05  -1.7249528e+06
   1.3256345e+05  -1.7229461e+06
   1.2910324e+05  -1.7209394e+06
   1.2564302e+05  -1.7189326e+06
   1.2218281e+05  -1.7169259e+06
   1.1872260e+05  -1.7149192e+06
   1.1526238e+05  -1.7129125e+06
   1.1180217e+05  -1.7109058e+06
   1.0834196e+05  -1.7088990e+06
   1.0488174e+05  -1.7068923e+06
   1.0142153e+05  -1.7048856e+06
   9.7961316e+04  -1.7028789e+06
   9.4501102e+04  -1.7008722e+06
   9.1040889e+04  -1.6988654e+06
   8.7580675e+04  -1.6968587e+06
   8.4120461e+04  -1.6948520e+06
   8.0660248e+04  -1.6928453e+06
   7.7200034e+04  -1.6908386e+06
   7.3739821e+04  -1.6888318e+06
   7.0279607e+04  -1.6868251e+06
   6.6819393e+04  -1.6848184e+06
   6.3359180e+04  -1.6828117e+06
   5.9898966e+04  -1.6808050e+06
   5.6438753e+04  -1.6787983e+06
   5.2978539e+04  -1.6767915e+06
   4.9518325e+04  -1.6747848e+06
   4.6058112e+04  -1.6727781e+06
   4.2597898e+04  -1.6707714e+06
   3.9137685e+04  -1.6687647e+06
   3.5677471e+04  -1.6667579e+06
   3.2217258e+04  -1.6647512e+06
   2.8757044e+04  -1.6627445e+06
   2.5296830e+04  -1.6607378e+06
   2.1836617e+04  -1.6587311e+06
   1.8376403e+04  -1.6567243e+06
   1.4916190e+04  -1.6547176e+06
   1.1455976e+04  -1.6527109e+06
   7.9957624e+03  -1.6507042e+06
   4.5355489e+03  -1.6486975e+06
   1.0753353e+03  -1.6466907e+06
