  -6.7247244e+05  -2.4703590e+06
  -6.6901222e+05  -2.4723657e+06
  -6.6555201e+05  -2.4743724e+06
  -6.6209180e+05  -2.4763792e+06
  -6.5863158e+05  -2.4783859e+06
  -6.5517137e+05  -2.4803926e+06
  -6.5171116e+05  -2.4823993e+06
  -6.4825094e+05  -2.4844060e+06
  -6.4479073e+05  -2.4864128e+06
  -6.4133052e+05  -2.4884195e+06
  -6.3787030e+05  -2.4904262e+06
  -6.3441009e+05  -2.4924329e+06
  -6.3094987e+05  -2.4944396e+06
  -6.2748966e+05  -2.4964463e+06
  -6.2402945e+05  -2.4984531e+06
  -6.2056923e+05  -2.5004598e+06
  -6.1710902e+05  -2.5024665e+06
  -6.1364881e+05  -2.5044732e+06
  -6.1018859e+05  -2.5064799e+06
  -6.0672838e+05  -2.5084867e+06
  -6.0326817e+05  -2.5104934e+06
  -5.9980795e+05  -2.5125001e+06
  -5.9634774e+05  -2.5145068e+06
  -5.9288753e+05  -2.5165135e+06
  -5.8942731e+05  -2.5185203e+06
  -5.8596710e+05  -2.5205270e+06
  -5.8250688e+05  -2.5225337e+06
  -5.7904667e+05  -2.5245404e+06
  -5.7558646e+05  -2.5265471e+06
  -5.7212624e+05  -2.5285539e+06
  -5.6866603e+05  -2.5305606e+06
  -5.6520582e+05  -2.5325673e+06
  -5.6174560e+05  -2.5345740e+06
  -5.5828539e+05  -2.5365807e+06
  -5.5482518e+05  -2.5385875e+06
  -5.5136496e+05  -2.5405942e+06
  -5.4790475e+05  -2.5426009e+06
  -5.4444454e+05  -2.5446076e+06
  -5.4098432e+05  -2.5466143e+06
  -5.3752411e+05  -2.5486210e+06
  -5.3406389e+05  -2.5506278e+06
  -5.3060368e+05  -2.5526345e+06
  -5.2714347e+05  -2.5546412e+06
  -5.2368325e+05  -2.5566479e+06
  -5.2022304e+05  -2.5586546e+06
  -5.1676283e+05  -2.5606614e+06
  -5.1330261e+05  -2.5626681e+06
  -5.0984240e+05  -2.5646748e+06
  -5.0638219e+05  -2.5666815e+06
  -5.0292197e+05  -2.5686882e+06
  -4.9946176e+05  -2.5706950e+06
  -4.9600155e+05  -2.5727017e+06
  -4.9254133e+05  -2.5747084e+06
  -4.8908112e+05  -2.5767151e+06
  -4.8562090e+05  -2.5787218e+06
  -4.8216069e+05  -2.5807286e+06
  -4.7870048e+05  -2.5827353e+06
  -4.7524026e+05  -2.5847420e+06
  -4.7178005e+05  -2.5867487e+06
  -4.6831984e+05  -2.5887554e+06
  -4.6485962e+05  -2.5907622e+06
  -4.6139941e+05  -2.5927689e+06
  -4.5793920e+05  -2.5947756e+06
  -4.5447898e+05  -2.5967823e+06
  -4.5101877e+05  -2.5987890e+06
  -4.4755855e+05  -2.6007957e+06
  -4.4409834e+05  -2.6028025e+06
  -4.4063813e+05  -2.6048092e+06
  -4.3717791e+05  -2.6068159e+06
  -4.3371770e+05  -2.6088226e+06
  -4.3025749e+05  -2.6108293e+06
  -4.2679727e+05  -2.6128361e+06
  -4.2333706e+05  -2.6148428e+06
  -4.1987685e+05  -2.6168495e+06
  -4.1641663e+05  -2.6188562e+06
  -4.1295642e+05  -2.6208629e+06
  -4.0949621e+05  -2.6228697e+06
  -4.0603599e+05  -2.6248764e+06
  -4.0257578e+05  -2.6268831e+06
  -3.9911556e+05  -2.6288898e+06
  -3.9565535e+05  -2.6308965e+06
  -3.9219514e+05  -2.6329033e+06
  -3.8873492e+05  -2.6349100e+06
  -3.8527471e+05  -2.6369167e+06
  -3.8181450e+05  -2.6389234e+06
  -3.7835428e+05  -2.6409301e+06
  -3.7489407e+05  -2.6429369e+06
  -3.7143386e+05  -2.6449436e+06
  -3.6797364e+05  -2.6469503e+06
  -3.6451343e+05  -2.6489570e+06
  -3.6105322e+05  -2.6509637e+06
  -3.5759300e+05  -2.6529704e+06
  -3.5413279e+05  -2.6549772e+06
  -3.5067257e+05  -2.6569839e+06
  -3.4721236e+05  -2.6589906e+06
  -3.4375215e+05  -2.6609973e+06
  -3.4029193e+05  -2.6630040e+06
  -3.3683172e+05  -2.6650108e+06
  -3.3337151e+05  -2.6670175e+06
  -3.2991129e+05  -2.6690242e+06
  -3.2645108e+05  -2.6710309e+06
  -3.2299087e+05  -2.6730376e+06
  -3.1953065e+05  -2.6750444e+06
  -3.1607044e+05  -2.6770511e+06
  -3.1261022e+05  -2.6790578e+06
  -3.0915001e+05  -2.6810645e+06
  -3.0568980e+05  -2.6830712e+06
  -3.0222958e+05  -2.6850780e+06
  -2.9876937e+05  -2.6870847e+06
  -2.9530916e+05  -2.6890914e+06
  -2.9184894e+05  -2.6910981e+06
  -2.8838873e+05  -2.6931048e+06
  -2.8492852e+05  -2.6951116e+06
  -2.8146830e+05  -2.6971183e+06
  -2.7800809e+05  -2.6991250e+06
  -2.7454788e+05  -2.7011317e+06
  -2.7108766e+05  -2.7031384e+06
  -2.6762745e+05  -2.7051451e+06
  -2.6416723e+05  -2.7071519e+06
  -2.6070702e+05  -2.7091586e+06
  -2.5724681e+05  -2.7111653e+06
  -2.5378659e+05  -2.7131720e+06
  -2.5032638e+05  -2.7151787e+06
  -2.4686617e+05  -2.7171855e+06
  -2.4340595e+05  -2.7191922e+06
  -2.3994574e+05  -2.7211989e+06
  -2.3648553e+05  -2.7232056e+06
  -2.3302531e+05  -2.7252123e+06
  -2.2956510e+05  -2.7272191e+06
  -2.2610489e+05  -2.7292258e+06
  -2.2264467e+05  -2.7312325e+06
  -2.1918446e+05  -2.7332392e+06
  -2.1572424e+05  -2.7352459e+06
  -2.1226403e+05  -2.7372527e+06
  -2.0880382e+05  -2.7392594e+06
  -2.0534360e+05  -2.7412661e+06
  -2.0188339e+05  -2.7432728e+06
  -1.9842318e+05  -2.7452795e+06
  -1.9496296e+05  -2.7472862e+06
  -1.9150275e+05  -2.7492930e+06
  -1.8804254e+05  -2.7512997e+06
  -1.8458232e+05  -2.7533064e+06
  -1.8112211e+05  -2.7553131e+06
  -1.7766190e+05  -2.7573198e+06
  -1.7420168e+05  -2.7593266e+06
  -1.7074147e+05  -2.7613333e+06
  -1.6728125e+05  -2.7633400e+06
  -1.6382104e+05  -2.7653467e+06
  -1.6036083e+05  -2.7673534e+06
  -1.5690061e+05  -2.7693602e+06
  -1.5344040e+05  -2.7713669e+06
  -1.4998019e+05  -2.7733736e+06
  -1.4651997e+05  -2.7753803e+06
  -1.4305976e+05  -2.7773870e+06
  -1.3959955e+05  -2.7793938e+06
  -1.3613933e+05  -2.7814005e+06
  -1.3267912e+05  -2.7834072e+06
  -1.2921890e+05  -2.7854139e+06
  -1.2575869e+05  -2.7874206e+06
  -1.2229848e+05  -2.7894274e+06
  -1.1883826e+05  -2.7914341e+06
  -1.1537805e+05  -2.7934408e+06
  -1.1191784e+05  -2.7954475e+06
  -1.0845762e+05  -2.7974542e+06
  -1.0499741e+05  -2.7994609e+06
  -1.0153720e+05  -2.8014677e+06
  -9.8076983e+04  -2.8034744e+06
  -9.4616769e+04  -2.8054811e+06
  -9.1156555e+04  -2.8074878e+06
  -8.7696342e+04  -2.8094945e+06
  -8.4236128e+04  -2.8115013e+06
  -8.0775915e+04  -2.8135080e+06
  -7.7315701e+04  -2.8155147e+06
  -7.3855488e+04  -2.8175214e+06
  -7.0395274e+04  -2.8195281e+06
  -6.6935060e+04  -2.8215349e+06
  -6.3474847e+04  -2.8235416e+06
  -6.0014633e+04  -2.8255483e+06
  -5.6554420e+04  -2.8275550e+06
  -5.3094206e+04  -2.8295617e+06
  -4.9633992e+04  -2.8315685e+06
  -4.6173779e+04  -2.8335752e+06
  -4.2713565e+04  -2.8355819e+06
  -3.9253352e+04  -2.8375886e+06
  -3.5793138e+04  -2.8395953e+06
  -3.2332924e+04  -2.8416021e+06
  -2.8872711e+04  -2.8436088e+06
  -2.5412497e+04  -2.8456155e+06
  -2.1952284e+04  -2.8476222e+06
  -1.8492070e+04  -2.8496289e+06
  -1.5031857e+04  -2.8516356e+06
  -1.1571643e+04  -2.8536424e+06
  -8.1114294e+03  -2.8556491e+06
  -4.6512158e+03  -2.8576558e+06
  -1.1910022e+03  -2.8596625e+06
   2.2692114e+03  -2.8616692e+06
   5.7294250e+03  -2.8636760e+06
   9.1896386e+03  -2.8656827e+06
   1.2649852e+04  -2.8676894e+06
   1.6110066e+04  -2.8696961e+06
   1.9570279e+04  -2.8717028e+06
   2.3030493e+04  -2.8737096e+06
   2.6490706e+04  -2.8757163e+06
   2.9950920e+04  -2.8777230e+06
   3.3411134e+04  -2.8797297e+06
   3.6871347e+04  -2.8817364e+06
   4.0331561e+04  -2.8837432e+06
   4.3791774e+04  -2.8857499e+06
   4.7251988e+04  -2.8877566e+06
   5.0712202e+04  -2.8897633e+06
   5.4172415e+04  -2.8917700e+06
   5.7632629e+04  -2.8937768e+06
   6.1092842e+04  -2.8957835e+06
   6.4553056e+04  -2.8977902e+06
   6.8013270e+04  -2.8997969e+06
   7.1473483e+04  -2.9018036e+06
   7.4933697e+04  -2.9038103e+06
   7.8393910e+04  -2.9058171e+06
   8.1854124e+04  -2.9078238e+06
   8.5314337e+04  -2.9098305e+06
   8.8774551e+04  -2.9118372e+06
   9.2234765e+04  -2.9138439e+06
   9.5694978e+04  -2.9158507e+06
   9.9155192e+04  -2.9178574e+06
   1.0261541e+05  -2.9198641e+06
   1.0607562e+05  -2.9218708e+06
   1.0953583e+05  -2.9238775e+06
   1.1299605e+05  -2.9258843e+06
   1.1645626e+05  -2.9278910e+06
   1.1991647e+05  -2.9298977e+06
   1.2337669e+05  -2.9319044e+06
   1.2683690e+05  -2.9339111e+06
   1.3029711e+05  -2.9359179e+06
   1.3375733e+05  -2.9379246e+06
   1.3721754e+05  -2.9399313e+06
   1.4067775e+05  -2.9419380e+06
   1.4413797e+05  -2.9439447e+06
   1.4759818e+05  -2.9459514e+06
   1.5105840e+05  -2.9479582e+06
   1.5451861e+05  -2.9499649e+06
   1.5797882e+05  -2.9519716e+06
   1.6143904e+05  -2.9539783e+06
   1.6489925e+05  -2.9559850e+06
   1.6835946e+05  -2.9579918e+06
   1.7181968e+05  -2.9599985e+06
   1.7527989e+05  -2.9620052e+06
   1.7874010e+05  -2.9640119e+06
   1.8220032e+05  -2.9660186e+06
   1.8566053e+05  -2.9680254e+06
   1.8912075e+05  -2.9700321e+06
   1.9258096e+05  -2.9720388e+06
   1.9604117e+05  -2.9740455e+06
   1.9950139e+05  -2.9760522e+06
   2.0296160e+05  -2.9780590e+06
   2.0642181e+05  -2.9800657e+06
   2.0988203e+05  -2.9820724e+06
   2.1334224e+05  -2.9840791e+06
   2.1680245e+05  -2.9860858e+06
   2.2026267e+05  -2.9880926e+06
   2.2372288e+05  -2.9900993e+06
   2.2718309e+05  -2.9921060e+06
   2.3064331e+05  -2.9941127e+06
   2.3410352e+05  -2.9961194e+06
   2.3756374e+05  -2.9981261e+06
   2.4102395e+05  -3.0001329e+06
   2.4448416e+05  -3.0021396e+06
   2.4794438e+05  -3.0041463e+06
   2.5140459e+05  -3.0061530e+06
   2.5486480e+05  -3.0081597e+06
   2.5832502e+05  -3.0101665e+06
   2.6178523e+05  -3.0121732e+06
   2.6524544e+05  -3.0141799e+06
   2.6870566e+05  -3.0161866e+06
   2.7216587e+05  -3.0181933e+06
   2.7562608e+05  -3.0202001e+06
   2.7908630e+05  -3.0222068e+06
   2.8254651e+05  -3.0242135e+06
   2.8600673e+05  -3.0262202e+06
   2.8946694e+05  -3.0282269e+06
   2.9292715e+05  -3.0302337e+06
   2.9638737e+05  -3.0322404e+06
   2.9984758e+05  -3.0342471e+06
   3.0330779e+05  -3.0362538e+06
   3.0676801e+05  -3.0382605e+06
   3.1022822e+05  -3.0402673e+06
   3.1368843e+05  -3.0422740e+06
   3.1714865e+05  -3.0442807e+06
   3.2060886e+05  -3.0462874e+06
   3.2406907e+05  -3.0482941e+06
   3.2752929e+05  -3.0503008e+06
   3.3098950e+05  -3.0523076e+06
   3.3444972e+05  -3.0543143e+06
   3.3790993e+05  -3.0563210e+06
   3.4137014e+05  -3.0583277e+06
   3.4483036e+05  -3.0603344e+06
   3.4829057e+05  -3.0623412e+06
   3.5175078e+05  -3.0643479e+06
   3.5521100e+05  -3.0663546e+06
   3.5867121e+05  -3.0683613e+06
   3.6213142e+05  -3.0703680e+06
   3.6559164e+05  -3.0723748e+06
   3.6905185e+05  -3.0743815e+06
   3.7251207e+05  -3.0763882e+06
   3.7597228e+05  -3.0783949e+06
   3.7943249e+05  -3.0804016e+06
   3.8289271e+05  -3.0824084e+06
   3.8635292e+05  -3.0844151e+06
   3.8981313e+05  -3.0864218e+06
   3.9327335e+05  -3.0884285e+06
   3.9673356e+05  -3.0904352e+06
   4.0019377e+05  -3.0924420e+06
   4.0365399e+05  -3.0944487e+06
   4.0711420e+05  -3.0964554e+06
   4.1057441e+05  -3.0984621e+06
   4.1403463e+05  -3.1004688e+06
   4.1749484e+05  -3.1024755e+06
   4.2095506e+05  -3.1044823e+06
   4.2441527e+05  -3.1064890e+06
   4.2787548e+05  -3.1084957e+06
   4.3133570e+05  -3.1105024e+06
   4.3479591e+05  -3.1125091e+06
