267 
   1.0753353e+03  -1.6466907e+06
  -1.4567992e+03  -1.6497872e+06
  -3.9889337e+03  -1.6528837e+06
  -6.5210682e+03  -1.6559802e+06
  -9.0532027e+03  -1.6590767e+06
  -1.1585337e+04  -1.6621732e+06
  -1.4117472e+04  -1.6652697e+06
  -1.6649606e+04  -1.6683662e+06
  -1.9181741e+04  -1.6714627e+06
  -2.1713875e+04  -1.6745592e+06
  -2.4246010e+04  -1.6776557e+06
  -2.6778144e+04  -1.6807522e+06
  -2.9310279e+04  -1.6838487e+06
  -3.1842413e+04  -1.6869452e+06
  -3.4374548e+04  -1.6900417e+06
  -3.6906682e+04  -1.6931382e+06
  -3.9438817e+04  -1.6962347e+06
  -4.1970951e+04  -1.6993312e+06
  -4.4503085e+04  -1.7024277e+06
  -4.7035220e+04  -1.7055242e+06
  -4.9567354e+04  -1.7086207e+06
  -5.2099489e+04  -1.7117172e+06
  -5.4631623e+04  -1.7148137e+06
  -5.7163758e+04  -1.7179102e+06
  -5.9695892e+04  -1.7210067e+06
  -6.2228027e+04  -1.7241032e+06
  -6.4760161e+04  -1.7271997e+06
  -6.7292296e+04  -1.7302962e+06
  -6.9824430e+04  -1.7333927e+06
  -7.2356565e+04  -1.7364892e+06
  -7.4888699e+04  -1.7395857e+06
  -7.7420834e+04  -1.7426822e+06
  -7.9952968e+04  -1.7457787e+06
  -8.2485103e+04  -1.7488752e+06
  -8.5017237e+04  -1.7519716e+06
  -8.7549372e+04  -1.7550681e+06
  -9.0081506e+04  -1.7581646e+06
  -9.2613641e+04  -1.7612611e+06
  -9.5145775e+04  -1.7643576e+06
  -9.7677910e+04  -1.7674541e+06
  -1.0021004e+05  -1.7705506e+06
  -1.0274218e+05  -1.7736471e+06
  -1.0527431e+05  -1.7767436e+06
  -1.0780645e+05  -1.7798401e+06
  -1.1033858e+05  -1.7829366e+06
  -1.1287072e+05  -1.7860331e+06
  -1.1540285e+05  -1.7891296e+06
  -1.1793499e+05  -1.7922261e+06
  -1.2046712e+05  -1.7953226e+06
  -1.2299925e+05  -1.7984191e+06
  -1.2553139e+05  -1.8015156e+06
  -1.2806352e+05  -1.8046121e+06
  -1.3059566e+05  -1.8077086e+06
  -1.3312779e+05  -1.8108051e+06
  -1.3565993e+05  -1.8139016e+06
  -1.3819206e+05  -1.8169981e+06
  -1.4072420e+05  -1.8200946e+06
  -1.4325633e+05  -1.8231911e+06
  -1.4578846e+05  -1.8262876e+06
  -1.4832060e+05  -1.8293841e+06
  -1.5085273e+05  -1.8324806e+06
  -1.5338487e+05  -1.8355771e+06
  -1.5591700e+05  -1.8386736e+06
  -1.5844914e+05  -1.8417701e+06
  -1.6098127e+05  -1.8448666e+06
  -1.6351341e+05  -1.8479631e+06
  -1.6604554e+05  -1.8510596e+06
  -1.6857768e+05  -1.8541561e+06
  -1.7110981e+05  -1.8572526e+06
  -1.7364194e+05  -1.8603491e+06
  -1.7617408e+05  -1.8634455e+06
  -1.7870621e+05  -1.8665420e+06
  -1.8123835e+05  -1.8696385e+06
  -1.8377048e+05  -1.8727350e+06
  -1.8630262e+05  -1.8758315e+06
  -1.8883475e+05  -1.8789280e+06
  -1.9136689e+05  -1.8820245e+06
  -1.9389902e+05  -1.8851210e+06
  -1.9643115e+05  -1.8882175e+06
  -1.9896329e+05  -1.8913140e+06
  -2.0149542e+05  -1.8944105e+06
  -2.0402756e+05  -1.8975070e+06
  -2.0655969e+05  -1.9006035e+06
  -2.0909183e+05  -1.9037000e+06
  -2.1162396e+05  -1.9067965e+06
  -2.1415610e+05  -1.9098930e+06
  -2.1668823e+05  -1.9129895e+06
  -2.1922037e+05  -1.9160860e+06
  -2.2175250e+05  -1.9191825e+06
  -2.2428463e+05  -1.9222790e+06
  -2.2681677e+05  -1.9253755e+06
  -2.2934890e+05  -1.9284720e+06
  -2.3188104e+05  -1.9315685e+06
  -2.3441317e+05  -1.9346650e+06
  -2.3694531e+05  -1.9377615e+06
  -2.3947744e+05  -1.9408580e+06
  -2.4200958e+05  -1.9439545e+06
  -2.4454171e+05  -1.9470510e+06
  -2.4707384e+05  -1.9501475e+06
  -2.4960598e+05  -1.9532440e+06
  -2.5213811e+05  -1.9563405e+06
  -2.5467025e+05  -1.9594370e+06
  -2.5720238e+05  -1.9625335e+06
  -2.5973452e+05  -1.9656300e+06
  -2.6226665e+05  -1.9687265e+06
  -2.6479879e+05  -1.9718229e+06
  -2.6733092e+05  -1.9749194e+06
  -2.6986305e+05  -1.9780159e+06
  -2.7239519e+05  -1.9811124e+06
  -2.7492732e+05  -1.9842089e+06
  -2.7745946e+05  -1.9873054e+06
  -2.7999159e+05  -1.9904019e+06
  -2.8252373e+05  -1.9934984e+06
  -2.8505586e+05  -1.9965949e+06
  -2.8758800e+05  -1.9996914e+06
  -2.9012013e+05  -2.0027879e+06
  -2.9265227e+05  -2.0058844e+06
  -2.9518440e+05  -2.0089809e+06
  -2.9771653e+05  -2.0120774e+06
  -3.0024867e+05  -2.0151739e+06
  -3.0278080e+05  -2.0182704e+06
  -3.0531294e+05  -2.0213669e+06
  -3.0784507e+05  -2.0244634e+06
  -3.1037721e+05  -2.0275599e+06
  -3.1290934e+05  -2.0306564e+06
  -3.1544148e+05  -2.0337529e+06
  -3.1797361e+05  -2.0368494e+06
  -3.2050574e+05  -2.0399459e+06
  -3.2303788e+05  -2.0430424e+06
  -3.2557001e+05  -2.0461389e+06
  -3.2810215e+05  -2.0492354e+06
  -3.3063428e+05  -2.0523319e+06
  -3.3316642e+05  -2.0554284e+06
  -3.3569855e+05  -2.0585249e+06
  -3.3823069e+05  -2.0616214e+06
  -3.4076282e+05  -2.0647179e+06
  -3.4329495e+05  -2.0678144e+06
  -3.4582709e+05  -2.0709109e+06
  -3.4835922e+05  -2.0740074e+06
  -3.5089136e+05  -2.0771039e+06
  -3.5342349e+05  -2.0802004e+06
  -3.5595563e+05  -2.0832968e+06
  -3.5848776e+05  -2.0863933e+06
  -3.6101990e+05  -2.0894898e+06
  -3.6355203e+05  -2.0925863e+06
  -3.6608417e+05  -2.0956828e+06
  -3.6861630e+05  -2.0987793e+06
  -3.7114843e+05  -2.1018758e+06
  -3.7368057e+05  -2.1049723e+06
  -3.7621270e+05  -2.1080688e+06
  -3.7874484e+05  -2.1111653e+06
  -3.8127697e+05  -2.1142618e+06
  -3.8380911e+05  -2.1173583e+06
  -3.8634124e+05  -2.1204548e+06
  -3.8887338e+05  -2.1235513e+06
  -3.9140551e+05  -2.1266478e+06
  -3.9393764e+05  -2.1297443e+06
  -3.9646978e+05  -2.1328408e+06
  -3.9900191e+05  -2.1359373e+06
  -4.0153405e+05  -2.1390338e+06
  -4.0406618e+05  -2.1421303e+06
  -4.0659832e+05  -2.1452268e+06
  -4.0913045e+05  -2.1483233e+06
  -4.1166259e+05  -2.1514198e+06
  -4.1419472e+05  -2.1545163e+06
  -4.1672685e+05  -2.1576128e+06
  -4.1925899e+05  -2.1607093e+06
  -4.2179112e+05  -2.1638058e+06
  -4.2432326e+05  -2.1669023e+06
  -4.2685539e+05  -2.1699988e+06
  -4.2938753e+05  -2.1730953e+06
  -4.3191966e+05  -2.1761918e+06
  -4.3445180e+05  -2.1792883e+06
  -4.3698393e+05  -2.1823848e+06
  -4.3951607e+05  -2.1854813e+06
  -4.4204820e+05  -2.1885778e+06
  -4.4458033e+05  -2.1916743e+06
  -4.4711247e+05  -2.1947707e+06
  -4.4964460e+05  -2.1978672e+06
  -4.5217674e+05  -2.2009637e+06
  -4.5470887e+05  -2.2040602e+06
  -4.5724101e+05  -2.2071567e+06
  -4.5977314e+05  -2.2102532e+06
  -4.6230528e+05  -2.2133497e+06
  -4.6483741e+05  -2.2164462e+06
  -4.6736954e+05  -2.2195427e+06
  -4.6990168e+05  -2.2226392e+06
  -4.7243381e+05  -2.2257357e+06
  -4.7496595e+05  -2.2288322e+06
  -4.7749808e+05  -2.2319287e+06
  -4.8003022e+05  -2.2350252e+06
  -4.8256235e+05  -2.2381217e+06
  -4.8509449e+05  -2.2412182e+06
  -4.8762662e+05  -2.2443147e+06
  -4.9015876e+05  -2.2474112e+06
  -4.9269089e+05  -2.2505077e+06
  -4.9522302e+05  -2.2536042e+06
  -4.9775516e+05  -2.2567007e+06
  -5.0028729e+05  -2.2597972e+06
  -5.0281943e+05  -2.2628937e+06
  -5.0535156e+05  -2.2659902e+06
  -5.0788370e+05  -2.2690867e+06
  -5.1041583e+05  -2.2721832e+06
  -5.1294797e+05  -2.2752797e+06
  -5.1548010e+05  -2.2783762e+06
  -5.1801223e+05  -2.2814727e+06
  -5.2054437e+05  -2.2845692e+06
  -5.2307650e+05  -2.2876657e+06
  -5.2560864e+05  -2.2907622e+06
  -5.2814077e+05  -2.2938587e+06
  -5.3067291e+05  -2.2969552e+06
  -5.3320504e+05  -2.3000517e+06
  -5.3573718e+05  -2.3031482e+06
  -5.3826931e+05  -2.3062446e+06
  -5.4080144e+05  -2.3093411e+06
  -5.4333358e+05  -2.3124376e+06
  -5.4586571e+05  -2.3155341e+06
  -5.4839785e+05  -2.3186306e+06
  -5.5092998e+05  -2.3217271e+06
  -5.5346212e+05  -2.3248236e+06
  -5.5599425e+05  -2.3279201e+06
  -5.5852639e+05  -2.3310166e+06
  -5.6105852e+05  -2.3341131e+06
  -5.6359066e+05  -2.3372096e+06
  -5.6612279e+05  -2.3403061e+06
  -5.6865492e+05  -2.3434026e+06
  -5.7118706e+05  -2.3464991e+06
  -5.7371919e+05  -2.3495956e+06
  -5.7625133e+05  -2.3526921e+06
  -5.7878346e+05  -2.3557886e+06
  -5.8131560e+05  -2.3588851e+06
  -5.8384773e+05  -2.3619816e+06
  -5.8637987e+05  -2.3650781e+06
  -5.8891200e+05  -2.3681746e+06
  -5.9144413e+05  -2.3712711e+06
  -5.9397627e+05  -2.3743676e+06
  -5.9650840e+05  -2.3774641e+06
  -5.9904054e+05  -2.3805606e+06
  -6.0157267e+05  -2.3836571e+06
  -6.0410481e+05  -2.3867536e+06
  -6.0663694e+05  -2.3898501e+06
  -6.0916908e+05  -2.3929466e+06
  -6.1170121e+05  -2.3960431e+06
  -6.1423334e+05  -2.3991396e+06
  -6.1676548e+05  -2.4022361e+06
  -6.1929761e+05  -2.4053326e+06
  -6.2182975e+05  -2.4084291e+06
  -6.2436188e+05  -2.4115256e+06
  -6.2689402e+05  -2.4146221e+06
  -6.2942615e+05  -2.4177185e+06
  -6.3195829e+05  -2.4208150e+06
  -6.3449042e+05  -2.4239115e+06
  -6.3702256e+05  -2.4270080e+06
  -6.3955469e+05  -2.4301045e+06
  -6.4208682e+05  -2.4332010e+06
  -6.4461896e+05  -2.4362975e+06
  -6.4715109e+05  -2.4393940e+06
  -6.4968323e+05  -2.4424905e+06
  -6.5221536e+05  -2.4455870e+06
  -6.5474750e+05  -2.4486835e+06
  -6.5727963e+05  -2.4517800e+06
  -6.5981177e+05  -2.4548765e+06
  -6.6234390e+05  -2.4579730e+06
  -6.6487603e+05  -2.4610695e+06
  -6.6740817e+05  -2.4641660e+06
  -6.6994030e+05  -2.4672625e+06
  -6.7247244e+05  -2.4703590e+06
321 
  -6.7247244e+05  -2.4703590e+06
  -6.6901222e+05  -2.4723657e+06
  -6.6555201e+05  -2.4743724e+06
  -6.6209180e+05  -2.4763792e+06
  -6.5863158e+05  -2.4783859e+06
  -6.5517137e+05  -2.4803926e+06
  -6.5171116e+05  -2.4823993e+06
  -6.4825094e+05  -2.4844060e+06
  -6.4479073e+05  -2.4864128e+06
  -6.4133052e+05  -2.4884195e+06
  -6.3787030e+05  -2.4904262e+06
  -6.3441009e+05  -2.4924329e+06
  -6.3094987e+05  -2.4944396e+06
  -6.2748966e+05  -2.4964463e+06
  -6.2402945e+05  -2.4984531e+06
  -6.2056923e+05  -2.5004598e+06
  -6.1710902e+05  -2.5024665e+06
  -6.1364881e+05  -2.5044732e+06
  -6.1018859e+05  -2.5064799e+06
  -6.0672838e+05  -2.5084867e+06
  -6.0326817e+05  -2.5104934e+06
  -5.9980795e+05  -2.5125001e+06
  -5.9634774e+05  -2.5145068e+06
  -5.9288753e+05  -2.5165135e+06
  -5.8942731e+05  -2.5185203e+06
  -5.8596710e+05  -2.5205270e+06
  -5.8250688e+05  -2.5225337e+06
  -5.7904667e+05  -2.5245404e+06
  -5.7558646e+05  -2.5265471e+06
  -5.7212624e+05  -2.5285539e+06
  -5.6866603e+05  -2.5305606e+06
  -5.6520582e+05  -2.5325673e+06
  -5.6174560e+05  -2.5345740e+06
  -5.5828539e+05  -2.5365807e+06
  -5.5482518e+05  -2.5385875e+06
  -5.5136496e+05  -2.5405942e+06
  -5.4790475e+05  -2.5426009e+06
  -5.4444454e+05  -2.5446076e+06
  -5.4098432e+05  -2.5466143e+06
  -5.3752411e+05  -2.5486210e+06
  -5.3406389e+05  -2.5506278e+06
  -5.3060368e+05  -2.5526345e+06
  -5.2714347e+05  -2.5546412e+06
  -5.2368325e+05  -2.5566479e+06
  -5.2022304e+05  -2.5586546e+06
  -5.1676283e+05  -2.5606614e+06
  -5.1330261e+05  -2.5626681e+06
  -5.0984240e+05  -2.5646748e+06
  -5.0638219e+05  -2.5666815e+06
  -5.0292197e+05  -2.5686882e+06
  -4.9946176e+05  -2.5706950e+06
  -4.9600155e+05  -2.5727017e+06
  -4.9254133e+05  -2.5747084e+06
  -4.8908112e+05  -2.5767151e+06
  -4.8562090e+05  -2.5787218e+06
  -4.8216069e+05  -2.5807286e+06
  -4.7870048e+05  -2.5827353e+06
  -4.7524026e+05  -2.5847420e+06
  -4.7178005e+05  -2.5867487e+06
  -4.6831984e+05  -2.5887554e+06
  -4.6485962e+05  -2.5907622e+06
  -4.6139941e+05  -2.5927689e+06
  -4.5793920e+05  -2.5947756e+06
  -4.5447898e+05  -2.5967823e+06
  -4.5101877e+05  -2.5987890e+06
  -4.4755855e+05  -2.6007957e+06
  -4.4409834e+05  -2.6028025e+06
  -4.4063813e+05  -2.6048092e+06
  -4.3717791e+05  -2.6068159e+06
  -4.3371770e+05  -2.6088226e+06
  -4.3025749e+05  -2.6108293e+06
  -4.2679727e+05  -2.6128361e+06
  -4.2333706e+05  -2.6148428e+06
  -4.1987685e+05  -2.6168495e+06
  -4.1641663e+05  -2.6188562e+06
  -4.1295642e+05  -2.6208629e+06
  -4.0949621e+05  -2.6228697e+06
  -4.0603599e+05  -2.6248764e+06
  -4.0257578e+05  -2.6268831e+06
  -3.9911556e+05  -2.6288898e+06
  -3.9565535e+05  -2.6308965e+06
  -3.9219514e+05  -2.6329033e+06
  -3.8873492e+05  -2.6349100e+06
  -3.8527471e+05  -2.6369167e+06
  -3.8181450e+05  -2.6389234e+06
  -3.7835428e+05  -2.6409301e+06
  -3.7489407e+05  -2.6429369e+06
  -3.7143386e+05  -2.6449436e+06
  -3.6797364e+05  -2.6469503e+06
  -3.6451343e+05  -2.6489570e+06
  -3.6105322e+05  -2.6509637e+06
  -3.5759300e+05  -2.6529704e+06
  -3.5413279e+05  -2.6549772e+06
  -3.5067257e+05  -2.6569839e+06
  -3.4721236e+05  -2.6589906e+06
  -3.4375215e+05  -2.6609973e+06
  -3.4029193e+05  -2.6630040e+06
  -3.3683172e+05  -2.6650108e+06
  -3.3337151e+05  -2.6670175e+06
  -3.2991129e+05  -2.6690242e+06
  -3.2645108e+05  -2.6710309e+06
  -3.2299087e+05  -2.6730376e+06
  -3.1953065e+05  -2.6750444e+06
  -3.1607044e+05  -2.6770511e+06
  -3.1261022e+05  -2.6790578e+06
  -3.0915001e+05  -2.6810645e+06
  -3.0568980e+05  -2.6830712e+06
  -3.0222958e+05  -2.6850780e+06
  -2.9876937e+05  -2.6870847e+06
  -2.9530916e+05  -2.6890914e+06
  -2.9184894e+05  -2.6910981e+06
  -2.8838873e+05  -2.6931048e+06
  -2.8492852e+05  -2.6951116e+06
  -2.8146830e+05  -2.6971183e+06
  -2.7800809e+05  -2.6991250e+06
  -2.7454788e+05  -2.7011317e+06
  -2.7108766e+05  -2.7031384e+06
  -2.6762745e+05  -2.7051451e+06
  -2.6416723e+05  -2.7071519e+06
  -2.6070702e+05  -2.7091586e+06
  -2.5724681e+05  -2.7111653e+06
  -2.5378659e+05  -2.7131720e+06
  -2.5032638e+05  -2.7151787e+06
  -2.4686617e+05  -2.7171855e+06
  -2.4340595e+05  -2.7191922e+06
  -2.3994574e+05  -2.7211989e+06
  -2.3648553e+05  -2.7232056e+06
  -2.3302531e+05  -2.7252123e+06
  -2.2956510e+05  -2.7272191e+06
  -2.2610489e+05  -2.7292258e+06
  -2.2264467e+05  -2.7312325e+06
  -2.1918446e+05  -2.7332392e+06
  -2.1572424e+05  -2.7352459e+06
  -2.1226403e+05  -2.7372527e+06
  -2.0880382e+05  -2.7392594e+06
  -2.0534360e+05  -2.7412661e+06
  -2.0188339e+05  -2.7432728e+06
  -1.9842318e+05  -2.7452795e+06
  -1.9496296e+05  -2.7472862e+06
  -1.9150275e+05  -2.7492930e+06
  -1.8804254e+05  -2.7512997e+06
  -1.8458232e+05  -2.7533064e+06
  -1.8112211e+05  -2.7553131e+06
  -1.7766190e+05  -2.7573198e+06
  -1.7420168e+05  -2.7593266e+06
  -1.7074147e+05  -2.7613333e+06
  -1.6728125e+05  -2.7633400e+06
  -1.6382104e+05  -2.7653467e+06
  -1.6036083e+05  -2.7673534e+06
  -1.5690061e+05  -2.7693602e+06
  -1.5344040e+05  -2.7713669e+06
  -1.4998019e+05  -2.7733736e+06
  -1.4651997e+05  -2.7753803e+06
  -1.4305976e+05  -2.7773870e+06
  -1.3959955e+05  -2.7793938e+06
  -1.3613933e+05  -2.7814005e+06
  -1.3267912e+05  -2.7834072e+06
  -1.2921890e+05  -2.7854139e+06
  -1.2575869e+05  -2.7874206e+06
  -1.2229848e+05  -2.7894274e+06
  -1.1883826e+05  -2.7914341e+06
  -1.1537805e+05  -2.7934408e+06
  -1.1191784e+05  -2.7954475e+06
  -1.0845762e+05  -2.7974542e+06
  -1.0499741e+05  -2.7994609e+06
  -1.0153720e+05  -2.8014677e+06
  -9.8076983e+04  -2.8034744e+06
  -9.4616769e+04  -2.8054811e+06
  -9.1156555e+04  -2.8074878e+06
  -8.7696342e+04  -2.8094945e+06
  -8.4236128e+04  -2.8115013e+06
  -8.0775915e+04  -2.8135080e+06
  -7.7315701e+04  -2.8155147e+06
  -7.3855488e+04  -2.8175214e+06
  -7.0395274e+04  -2.8195281e+06
  -6.6935060e+04  -2.8215349e+06
  -6.3474847e+04  -2.8235416e+06
  -6.0014633e+04  -2.8255483e+06
  -5.6554420e+04  -2.8275550e+06
  -5.3094206e+04  -2.8295617e+06
  -4.9633992e+04  -2.8315685e+06
  -4.6173779e+04  -2.8335752e+06
  -4.2713565e+04  -2.8355819e+06
  -3.9253352e+04  -2.8375886e+06
  -3.5793138e+04  -2.8395953e+06
  -3.2332924e+04  -2.8416021e+06
  -2.8872711e+04  -2.8436088e+06
  -2.5412497e+04  -2.8456155e+06
  -2.1952284e+04  -2.8476222e+06
  -1.8492070e+04  -2.8496289e+06
  -1.5031857e+04  -2.8516356e+06
  -1.1571643e+04  -2.8536424e+06
  -8.1114294e+03  -2.8556491e+06
  -4.6512158e+03  -2.8576558e+06
  -1.1910022e+03  -2.8596625e+06
   2.2692114e+03  -2.8616692e+06
   5.7294250e+03  -2.8636760e+06
   9.1896386e+03  -2.8656827e+06
   1.2649852e+04  -2.8676894e+06
   1.6110066e+04  -2.8696961e+06
   1.9570279e+04  -2.8717028e+06
   2.3030493e+04  -2.8737096e+06
   2.6490706e+04  -2.8757163e+06
   2.9950920e+04  -2.8777230e+06
   3.3411134e+04  -2.8797297e+06
   3.6871347e+04  -2.8817364e+06
   4.0331561e+04  -2.8837432e+06
   4.3791774e+04  -2.8857499e+06
   4.7251988e+04  -2.8877566e+06
   5.0712202e+04  -2.8897633e+06
   5.4172415e+04  -2.8917700e+06
   5.7632629e+04  -2.8937768e+06
   6.1092842e+04  -2.8957835e+06
   6.4553056e+04  -2.8977902e+06
   6.8013270e+04  -2.8997969e+06
   7.1473483e+04  -2.9018036e+06
   7.4933697e+04  -2.9038103e+06
   7.8393910e+04  -2.9058171e+06
   8.1854124e+04  -2.9078238e+06
   8.5314337e+04  -2.9098305e+06
   8.8774551e+04  -2.9118372e+06
   9.2234765e+04  -2.9138439e+06
   9.5694978e+04  -2.9158507e+06
   9.9155192e+04  -2.9178574e+06
   1.0261541e+05  -2.9198641e+06
   1.0607562e+05  -2.9218708e+06
   1.0953583e+05  -2.9238775e+06
   1.1299605e+05  -2.9258843e+06
   1.1645626e+05  -2.9278910e+06
   1.1991647e+05  -2.9298977e+06
   1.2337669e+05  -2.9319044e+06
   1.2683690e+05  -2.9339111e+06
   1.3029711e+05  -2.9359179e+06
   1.3375733e+05  -2.9379246e+06
   1.3721754e+05  -2.9399313e+06
   1.4067775e+05  -2.9419380e+06
   1.4413797e+05  -2.9439447e+06
   1.4759818e+05  -2.9459514e+06
   1.5105840e+05  -2.9479582e+06
   1.5451861e+05  -2.9499649e+06
   1.5797882e+05  -2.9519716e+06
   1.6143904e+05  -2.9539783e+06
   1.6489925e+05  -2.9559850e+06
   1.6835946e+05  -2.9579918e+06
   1.7181968e+05  -2.9599985e+06
   1.7527989e+05  -2.9620052e+06
   1.7874010e+05  -2.9640119e+06
   1.8220032e+05  -2.9660186e+06
   1.8566053e+05  -2.9680254e+06
   1.8912075e+05  -2.9700321e+06
   1.9258096e+05  -2.9720388e+06
   1.9604117e+05  -2.9740455e+06
   1.9950139e+05  -2.9760522e+06
   2.0296160e+05  -2.9780590e+06
   2.0642181e+05  -2.9800657e+06
   2.0988203e+05  -2.9820724e+06
   2.1334224e+05  -2.9840791e+06
   2.1680245e+05  -2.9860858e+06
   2.2026267e+05  -2.9880926e+06
   2.2372288e+05  -2.9900993e+06
   2.2718309e+05  -2.9921060e+06
   2.3064331e+05  -2.9941127e+06
   2.3410352e+05  -2.9961194e+06
   2.3756374e+05  -2.9981261e+06
   2.4102395e+05  -3.0001329e+06
   2.4448416e+05  -3.0021396e+06
   2.4794438e+05  -3.0041463e+06
   2.5140459e+05  -3.0061530e+06
   2.5486480e+05  -3.0081597e+06
   2.5832502e+05  -3.0101665e+06
   2.6178523e+05  -3.0121732e+06
   2.6524544e+05  -3.0141799e+06
   2.6870566e+05  -3.0161866e+06
   2.7216587e+05  -3.0181933e+06
   2.7562608e+05  -3.0202001e+06
   2.7908630e+05  -3.0222068e+06
   2.8254651e+05  -3.0242135e+06
   2.8600673e+05  -3.0262202e+06
   2.8946694e+05  -3.0282269e+06
   2.9292715e+05  -3.0302337e+06
   2.9638737e+05  -3.0322404e+06
   2.9984758e+05  -3.0342471e+06
   3.0330779e+05  -3.0362538e+06
   3.0676801e+05  -3.0382605e+06
   3.1022822e+05  -3.0402673e+06
   3.1368843e+05  -3.0422740e+06
   3.1714865e+05  -3.0442807e+06
   3.2060886e+05  -3.0462874e+06
   3.2406907e+05  -3.0482941e+06
   3.2752929e+05  -3.0503008e+06
   3.3098950e+05  -3.0523076e+06
   3.3444972e+05  -3.0543143e+06
   3.3790993e+05  -3.0563210e+06
   3.4137014e+05  -3.0583277e+06
   3.4483036e+05  -3.0603344e+06
   3.4829057e+05  -3.0623412e+06
   3.5175078e+05  -3.0643479e+06
   3.5521100e+05  -3.0663546e+06
   3.5867121e+05  -3.0683613e+06
   3.6213142e+05  -3.0703680e+06
   3.6559164e+05  -3.0723748e+06
   3.6905185e+05  -3.0743815e+06
   3.7251207e+05  -3.0763882e+06
   3.7597228e+05  -3.0783949e+06
   3.7943249e+05  -3.0804016e+06
   3.8289271e+05  -3.0824084e+06
   3.8635292e+05  -3.0844151e+06
   3.8981313e+05  -3.0864218e+06
   3.9327335e+05  -3.0884285e+06
   3.9673356e+05  -3.0904352e+06
   4.0019377e+05  -3.0924420e+06
   4.0365399e+05  -3.0944487e+06
   4.0711420e+05  -3.0964554e+06
   4.1057441e+05  -3.0984621e+06
   4.1403463e+05  -3.1004688e+06
   4.1749484e+05  -3.1024755e+06
   4.2095506e+05  -3.1044823e+06
   4.2441527e+05  -3.1064890e+06
   4.2787548e+05  -3.1084957e+06
   4.3133570e+05  -3.1105024e+06
   4.3479591e+05  -3.1125091e+06
267 
   4.3479591e+05  -3.1125091e+06
   4.3732804e+05  -3.1094126e+06
   4.3986018e+05  -3.1063161e+06
   4.4239231e+05  -3.1032197e+06
   4.4492445e+05  -3.1001232e+06
   4.4745658e+05  -3.0970267e+06
   4.4998872e+05  -3.0939302e+06
   4.5252085e+05  -3.0908337e+06
   4.5505299e+05  -3.0877372e+06
   4.5758512e+05  -3.0846407e+06
   4.6011725e+05  -3.0815442e+06
   4.6264939e+05  -3.0784477e+06
   4.6518152e+05  -3.0753512e+06
   4.6771366e+05  -3.0722547e+06
   4.7024579e+05  -3.0691582e+06
   4.7277793e+05  -3.0660617e+06
   4.7531006e+05  -3.0629652e+06
   4.7784220e+05  -3.0598687e+06
   4.8037433e+05  -3.0567722e+06
   4.8290646e+05  -3.0536757e+06
   4.8543860e+05  -3.0505792e+06
   4.8797073e+05  -3.0474827e+06
   4.9050287e+05  -3.0443862e+06
   4.9303500e+05  -3.0412897e+06
   4.9556714e+05  -3.0381932e+06
   4.9809927e+05  -3.0350967e+06
   5.0063141e+05  -3.0320002e+06
   5.0316354e+05  -3.0289037e+06
   5.0569568e+05  -3.0258072e+06
   5.0822781e+05  -3.0227107e+06
   5.1075994e+05  -3.0196142e+06
   5.1329208e+05  -3.0165177e+06
   5.1582421e+05  -3.0134212e+06
   5.1835635e+05  -3.0103247e+06
   5.2088848e+05  -3.0072282e+06
   5.2342062e+05  -3.0041317e+06
   5.2595275e+05  -3.0010352e+06
   5.2848489e+05  -2.9979387e+06
   5.3101702e+05  -2.9948422e+06
   5.3354915e+05  -2.9917458e+06
   5.3608129e+05  -2.9886493e+06
   5.3861342e+05  -2.9855528e+06
   5.4114556e+05  -2.9824563e+06
   5.4367769e+05  -2.9793598e+06
   5.4620983e+05  -2.9762633e+06
   5.4874196e+05  -2.9731668e+06
   5.5127410e+05  -2.9700703e+06
   5.5380623e+05  -2.9669738e+06
   5.5633837e+05  -2.9638773e+06
   5.5887050e+05  -2.9607808e+06
   5.6140263e+05  -2.9576843e+06
   5.6393477e+05  -2.9545878e+06
   5.6646690e+05  -2.9514913e+06
   5.6899904e+05  -2.9483948e+06
   5.7153117e+05  -2.9452983e+06
   5.7406331e+05  -2.9422018e+06
   5.7659544e+05  -2.9391053e+06
   5.7912758e+05  -2.9360088e+06
   5.8165971e+05  -2.9329123e+06
   5.8419184e+05  -2.9298158e+06
   5.8672398e+05  -2.9267193e+06
   5.8925611e+05  -2.9236228e+06
   5.9178825e+05  -2.9205263e+06
   5.9432038e+05  -2.9174298e+06
   5.9685252e+05  -2.9143333e+06
   5.9938465e+05  -2.9112368e+06
   6.0191679e+05  -2.9081403e+06
   6.0444892e+05  -2.9050438e+06
   6.0698105e+05  -2.9019473e+06
   6.0951319e+05  -2.8988508e+06
   6.1204532e+05  -2.8957543e+06
   6.1457746e+05  -2.8926578e+06
   6.1710959e+05  -2.8895613e+06
   6.1964173e+05  -2.8864648e+06
   6.2217386e+05  -2.8833683e+06
   6.2470600e+05  -2.8802719e+06
   6.2723813e+05  -2.8771754e+06
   6.2977027e+05  -2.8740789e+06
   6.3230240e+05  -2.8709824e+06
   6.3483453e+05  -2.8678859e+06
   6.3736667e+05  -2.8647894e+06
   6.3989880e+05  -2.8616929e+06
   6.4243094e+05  -2.8585964e+06
   6.4496307e+05  -2.8554999e+06
   6.4749521e+05  -2.8524034e+06
   6.5002734e+05  -2.8493069e+06
   6.5255948e+05  -2.8462104e+06
   6.5509161e+05  -2.8431139e+06
   6.5762374e+05  -2.8400174e+06
   6.6015588e+05  -2.8369209e+06
   6.6268801e+05  -2.8338244e+06
   6.6522015e+05  -2.8307279e+06
   6.6775228e+05  -2.8276314e+06
   6.7028442e+05  -2.8245349e+06
   6.7281655e+05  -2.8214384e+06
   6.7534869e+05  -2.8183419e+06
   6.7788082e+05  -2.8152454e+06
   6.8041295e+05  -2.8121489e+06
   6.8294509e+05  -2.8090524e+06
   6.8547722e+05  -2.8059559e+06
   6.8800936e+05  -2.8028594e+06
   6.9054149e+05  -2.7997629e+06
   6.9307363e+05  -2.7966664e+06
   6.9560576e+05  -2.7935699e+06
   6.9813790e+05  -2.7904734e+06
   7.0067003e+05  -2.7873769e+06
   7.0320217e+05  -2.7842804e+06
   7.0573430e+05  -2.7811839e+06
   7.0826643e+05  -2.7780874e+06
   7.1079857e+05  -2.7749909e+06
   7.1333070e+05  -2.7718945e+06
   7.1586284e+05  -2.7687980e+06
   7.1839497e+05  -2.7657015e+06
   7.2092711e+05  -2.7626050e+06
   7.2345924e+05  -2.7595085e+06
   7.2599138e+05  -2.7564120e+06
   7.2852351e+05  -2.7533155e+06
   7.3105564e+05  -2.7502190e+06
   7.3358778e+05  -2.7471225e+06
   7.3611991e+05  -2.7440260e+06
   7.3865205e+05  -2.7409295e+06
   7.4118418e+05  -2.7378330e+06
   7.4371632e+05  -2.7347365e+06
   7.4624845e+05  -2.7316400e+06
   7.4878059e+05  -2.7285435e+06
   7.5131272e+05  -2.7254470e+06
   7.5384485e+05  -2.7223505e+06
   7.5637699e+05  -2.7192540e+06
   7.5890912e+05  -2.7161575e+06
   7.6144126e+05  -2.7130610e+06
   7.6397339e+05  -2.7099645e+06
   7.6650553e+05  -2.7068680e+06
   7.6903766e+05  -2.7037715e+06
   7.7156980e+05  -2.7006750e+06
   7.7410193e+05  -2.6975785e+06
   7.7663407e+05  -2.6944820e+06
   7.7916620e+05  -2.6913855e+06
   7.8169833e+05  -2.6882890e+06
   7.8423047e+05  -2.6851925e+06
   7.8676260e+05  -2.6820960e+06
   7.8929474e+05  -2.6789995e+06
   7.9182687e+05  -2.6759030e+06
   7.9435901e+05  -2.6728065e+06
   7.9689114e+05  -2.6697100e+06
   7.9942328e+05  -2.6666135e+06
   8.0195541e+05  -2.6635170e+06
   8.0448754e+05  -2.6604206e+06
   8.0701968e+05  -2.6573241e+06
   8.0955181e+05  -2.6542276e+06
   8.1208395e+05  -2.6511311e+06
   8.1461608e+05  -2.6480346e+06
   8.1714822e+05  -2.6449381e+06
   8.1968035e+05  -2.6418416e+06
   8.2221249e+05  -2.6387451e+06
   8.2474462e+05  -2.6356486e+06
   8.2727676e+05  -2.6325521e+06
   8.2980889e+05  -2.6294556e+06
   8.3234102e+05  -2.6263591e+06
   8.3487316e+05  -2.6232626e+06
   8.3740529e+05  -2.6201661e+06
   8.3993743e+05  -2.6170696e+06
   8.4246956e+05  -2.6139731e+06
   8.4500170e+05  -2.6108766e+06
   8.4753383e+05  -2.6077801e+06
   8.5006597e+05  -2.6046836e+06
   8.5259810e+05  -2.6015871e+06
   8.5513023e+05  -2.5984906e+06
   8.5766237e+05  -2.5953941e+06
   8.6019450e+05  -2.5922976e+06
   8.6272664e+05  -2.5892011e+06
   8.6525877e+05  -2.5861046e+06
   8.6779091e+05  -2.5830081e+06
   8.7032304e+05  -2.5799116e+06
   8.7285518e+05  -2.5768151e+06
   8.7538731e+05  -2.5737186e+06
   8.7791944e+05  -2.5706221e+06
   8.8045158e+05  -2.5675256e+06
   8.8298371e+05  -2.5644291e+06
   8.8551585e+05  -2.5613326e+06
   8.8804798e+05  -2.5582361e+06
   8.9058012e+05  -2.5551396e+06
   8.9311225e+05  -2.5520431e+06
   8.9564439e+05  -2.5489467e+06
   8.9817652e+05  -2.5458502e+06
   9.0070866e+05  -2.5427537e+06
   9.0324079e+05  -2.5396572e+06
   9.0577292e+05  -2.5365607e+06
   9.0830506e+05  -2.5334642e+06
   9.1083719e+05  -2.5303677e+06
   9.1336933e+05  -2.5272712e+06
   9.1590146e+05  -2.5241747e+06
   9.1843360e+05  -2.5210782e+06
   9.2096573e+05  -2.5179817e+06
   9.2349787e+05  -2.5148852e+06
   9.2603000e+05  -2.5117887e+06
   9.2856213e+05  -2.5086922e+06
   9.3109427e+05  -2.5055957e+06
   9.3362640e+05  -2.5024992e+06
   9.3615854e+05  -2.4994027e+06
   9.3869067e+05  -2.4963062e+06
   9.4122281e+05  -2.4932097e+06
   9.4375494e+05  -2.4901132e+06
   9.4628708e+05  -2.4870167e+06
   9.4881921e+05  -2.4839202e+06
   9.5135134e+05  -2.4808237e+06
   9.5388348e+05  -2.4777272e+06
   9.5641561e+05  -2.4746307e+06
   9.5894775e+05  -2.4715342e+06
   9.6147988e+05  -2.4684377e+06
   9.6401202e+05  -2.4653412e+06
   9.6654415e+05  -2.4622447e+06
   9.6907629e+05  -2.4591482e+06
   9.7160842e+05  -2.4560517e+06
   9.7414056e+05  -2.4529552e+06
   9.7667269e+05  -2.4498587e+06
   9.7920482e+05  -2.4467622e+06
   9.8173696e+05  -2.4436657e+06
   9.8426909e+05  -2.4405692e+06
   9.8680123e+05  -2.4374728e+06
   9.8933336e+05  -2.4343763e+06
   9.9186550e+05  -2.4312798e+06
   9.9439763e+05  -2.4281833e+06
   9.9692977e+05  -2.4250868e+06
   9.9946190e+05  -2.4219903e+06
   1.0019940e+06  -2.4188938e+06
   1.0045262e+06  -2.4157973e+06
   1.0070583e+06  -2.4127008e+06
   1.0095904e+06  -2.4096043e+06
   1.0121226e+06  -2.4065078e+06
   1.0146547e+06  -2.4034113e+06
   1.0171868e+06  -2.4003148e+06
   1.0197190e+06  -2.3972183e+06
   1.0222511e+06  -2.3941218e+06
   1.0247832e+06  -2.3910253e+06
   1.0273154e+06  -2.3879288e+06
   1.0298475e+06  -2.3848323e+06
   1.0323796e+06  -2.3817358e+06
   1.0349118e+06  -2.3786393e+06
   1.0374439e+06  -2.3755428e+06
   1.0399761e+06  -2.3724463e+06
   1.0425082e+06  -2.3693498e+06
   1.0450403e+06  -2.3662533e+06
   1.0475725e+06  -2.3631568e+06
   1.0501046e+06  -2.3600603e+06
   1.0526367e+06  -2.3569638e+06
   1.0551689e+06  -2.3538673e+06
   1.0577010e+06  -2.3507708e+06
   1.0602331e+06  -2.3476743e+06
   1.0627653e+06  -2.3445778e+06
   1.0652974e+06  -2.3414813e+06
   1.0678295e+06  -2.3383848e+06
   1.0703617e+06  -2.3352883e+06
   1.0728938e+06  -2.3321918e+06
   1.0754259e+06  -2.3290953e+06
   1.0779581e+06  -2.3259989e+06
   1.0804902e+06  -2.3229024e+06
   1.0830223e+06  -2.3198059e+06
   1.0855545e+06  -2.3167094e+06
   1.0880866e+06  -2.3136129e+06
   1.0906187e+06  -2.3105164e+06
   1.0931509e+06  -2.3074199e+06
   1.0956830e+06  -2.3043234e+06
   1.0982151e+06  -2.3012269e+06
   1.1007473e+06  -2.2981304e+06
   1.1032794e+06  -2.2950339e+06
   1.1058115e+06  -2.2919374e+06
   1.1083437e+06  -2.2888409e+06
321 
   1.1083437e+06  -2.2888409e+06
   1.1048835e+06  -2.2868342e+06
   1.1014233e+06  -2.2848274e+06
   1.0979630e+06  -2.2828207e+06
   1.0945028e+06  -2.2808140e+06
   1.0910426e+06  -2.2788073e+06
   1.0875824e+06  -2.2768006e+06
   1.0841222e+06  -2.2747939e+06
   1.0806620e+06  -2.2727871e+06
   1.0772018e+06  -2.2707804e+06
   1.0737415e+06  -2.2687737e+06
   1.0702813e+06  -2.2667670e+06
   1.0668211e+06  -2.2647603e+06
   1.0633609e+06  -2.2627535e+06
   1.0599007e+06  -2.2607468e+06
   1.0564405e+06  -2.2587401e+06
   1.0529803e+06  -2.2567334e+06
   1.0495201e+06  -2.2547267e+06
   1.0460598e+06  -2.2527199e+06
   1.0425996e+06  -2.2507132e+06
   1.0391394e+06  -2.2487065e+06
   1.0356792e+06  -2.2466998e+06
   1.0322190e+06  -2.2446931e+06
   1.0287588e+06  -2.2426863e+06
   1.0252986e+06  -2.2406796e+06
   1.0218383e+06  -2.2386729e+06
   1.0183781e+06  -2.2366662e+06
   1.0149179e+06  -2.2346595e+06
   1.0114577e+06  -2.2326527e+06
   1.0079975e+06  -2.2306460e+06
   1.0045373e+06  -2.2286393e+06
   1.0010771e+06  -2.2266326e+06
   9.9761685e+05  -2.2246259e+06
   9.9415663e+05  -2.2226192e+06
   9.9069642e+05  -2.2206124e+06
   9.8723621e+05  -2.2186057e+06
   9.8377599e+05  -2.2165990e+06
   9.8031578e+05  -2.2145923e+06
   9.7685557e+05  -2.2125856e+06
   9.7339535e+05  -2.2105788e+06
   9.6993514e+05  -2.2085721e+06
   9.6647493e+05  -2.2065654e+06
   9.6301471e+05  -2.2045587e+06
   9.5955450e+05  -2.2025520e+06
   9.5609429e+05  -2.2005452e+06
   9.5263407e+05  -2.1985385e+06
   9.4917386e+05  -2.1965318e+06
   9.4571364e+05  -2.1945251e+06
   9.4225343e+05  -2.1925184e+06
   9.3879322e+05  -2.1905116e+06
   9.3533300e+05  -2.1885049e+06
   9.3187279e+05  -2.1864982e+06
   9.2841258e+05  -2.1844915e+06
   9.2495236e+05  -2.1824848e+06
   9.2149215e+05  -2.1804780e+06
   9.1803194e+05  -2.1784713e+06
   9.1457172e+05  -2.1764646e+06
   9.1111151e+05  -2.1744579e+06
   9.0765129e+05  -2.1724512e+06
   9.0419108e+05  -2.1704445e+06
   9.0073087e+05  -2.1684377e+06
   8.9727065e+05  -2.1664310e+06
   8.9381044e+05  -2.1644243e+06
   8.9035023e+05  -2.1624176e+06
   8.8689001e+05  -2.1604109e+06
   8.8342980e+05  -2.1584041e+06
   8.7996959e+05  -2.1563974e+06
   8.7650937e+05  -2.1543907e+06
   8.7304916e+05  -2.1523840e+06
   8.6958895e+05  -2.1503773e+06
   8.6612873e+05  -2.1483705e+06
   8.6266852e+05  -2.1463638e+06
   8.5920830e+05  -2.1443571e+06
   8.5574809e+05  -2.1423504e+06
   8.5228788e+05  -2.1403437e+06
   8.4882766e+05  -2.1383369e+06
   8.4536745e+05  -2.1363302e+06
   8.4190724e+05  -2.1343235e+06
   8.3844702e+05  -2.1323168e+06
   8.3498681e+05  -2.1303101e+06
   8.3152660e+05  -2.1283034e+06
   8.2806638e+05  -2.1262966e+06
   8.2460617e+05  -2.1242899e+06
   8.2114596e+05  -2.1222832e+06
   8.1768574e+05  -2.1202765e+06
   8.1422553e+05  -2.1182698e+06
   8.1076531e+05  -2.1162630e+06
   8.0730510e+05  -2.1142563e+06
   8.0384489e+05  -2.1122496e+06
   8.0038467e+05  -2.1102429e+06
   7.9692446e+05  -2.1082362e+06
   7.9346425e+05  -2.1062294e+06
   7.9000403e+05  -2.1042227e+06
   7.8654382e+05  -2.1022160e+06
   7.8308361e+05  -2.1002093e+06
   7.7962339e+05  -2.0982026e+06
   7.7616318e+05  -2.0961958e+06
   7.7270297e+05  -2.0941891e+06
   7.6924275e+05  -2.0921824e+06
   7.6578254e+05  -2.0901757e+06
   7.6232232e+05  -2.0881690e+06
   7.5886211e+05  -2.0861622e+06
   7.5540190e+05  -2.0841555e+06
   7.5194168e+05  -2.0821488e+06
   7.4848147e+05  -2.0801421e+06
   7.4502126e+05  -2.0781354e+06
   7.4156104e+05  -2.0761287e+06
   7.3810083e+05  -2.0741219e+06
   7.3464062e+05  -2.0721152e+06
   7.3118040e+05  -2.0701085e+06
   7.2772019e+05  -2.0681018e+06
   7.2425997e+05  -2.0660951e+06
   7.2079976e+05  -2.0640883e+06
   7.1733955e+05  -2.0620816e+06
   7.1387933e+05  -2.0600749e+06
   7.1041912e+05  -2.0580682e+06
   7.0695891e+05  -2.0560615e+06
   7.0349869e+05  -2.0540547e+06
   7.0003848e+05  -2.0520480e+06
   6.9657827e+05  -2.0500413e+06
   6.9311805e+05  -2.0480346e+06
   6.8965784e+05  -2.0460279e+06
   6.8619763e+05  -2.0440211e+06
   6.8273741e+05  -2.0420144e+06
   6.7927720e+05  -2.0400077e+06
   6.7581698e+05  -2.0380010e+06
   6.7235677e+05  -2.0359943e+06
   6.6889656e+05  -2.0339875e+06
   6.6543634e+05  -2.0319808e+06
   6.6197613e+05  -2.0299741e+06
   6.5851592e+05  -2.0279674e+06
   6.5505570e+05  -2.0259607e+06
   6.5159549e+05  -2.0239540e+06
   6.4813528e+05  -2.0219472e+06
   6.4467506e+05  -2.0199405e+06
   6.4121485e+05  -2.0179338e+06
   6.3775464e+05  -2.0159271e+06
   6.3429442e+05  -2.0139204e+06
   6.3083421e+05  -2.0119136e+06
   6.2737399e+05  -2.0099069e+06
   6.2391378e+05  -2.0079002e+06
   6.2045357e+05  -2.0058935e+06
   6.1699335e+05  -2.0038868e+06
   6.1353314e+05  -2.0018800e+06
   6.1007293e+05  -1.9998733e+06
   6.0661271e+05  -1.9978666e+06
   6.0315250e+05  -1.9958599e+06
   5.9969229e+05  -1.9938532e+06
   5.9623207e+05  -1.9918464e+06
   5.9277186e+05  -1.9898397e+06
   5.8931164e+05  -1.9878330e+06
   5.8585143e+05  -1.9858263e+06
   5.8239122e+05  -1.9838196e+06
   5.7893100e+05  -1.9818128e+06
   5.7547079e+05  -1.9798061e+06
   5.7201058e+05  -1.9777994e+06
   5.6855036e+05  -1.9757927e+06
   5.6509015e+05  -1.9737860e+06
   5.6162994e+05  -1.9717793e+06
   5.5816972e+05  -1.9697725e+06
   5.5470951e+05  -1.9677658e+06
   5.5124930e+05  -1.9657591e+06
   5.4778908e+05  -1.9637524e+06
   5.4432887e+05  -1.9617457e+06
   5.4086865e+05  -1.9597389e+06
   5.3740844e+05  -1.9577322e+06
   5.3394823e+05  -1.9557255e+06
   5.3048801e+05  -1.9537188e+06
   5.2702780e+05  -1.9517121e+06
   5.2356759e+05  -1.9497053e+06
   5.2010737e+05  -1.9476986e+06
   5.1664716e+05  -1.9456919e+06
   5.1318695e+05  -1.9436852e+06
   5.0972673e+05  -1.9416785e+06
   5.0626652e+05  -1.9396717e+06
   5.0280631e+05  -1.9376650e+06
   4.9934609e+05  -1.9356583e+06
   4.9588588e+05  -1.9336516e+06
   4.9242566e+05  -1.9316449e+06
   4.8896545e+05  -1.9296382e+06
   4.8550524e+05  -1.9276314e+06
   4.8204502e+05  -1.9256247e+06
   4.7858481e+05  -1.9236180e+06
   4.7512460e+05  -1.9216113e+06
   4.7166438e+05  -1.9196046e+06
   4.6820417e+05  -1.9175978e+06
   4.6474396e+05  -1.9155911e+06
   4.6128374e+05  -1.9135844e+06
   4.5782353e+05  -1.9115777e+06
   4.5436332e+05  -1.9095710e+06
   4.5090310e+05  -1.9075642e+06
   4.4744289e+05  -1.9055575e+06
   4.4398267e+05  -1.9035508e+06
   4.4052246e+05  -1.9015441e+06
   4.3706225e+05  -1.8995374e+06
   4.3360203e+05  -1.8975306e+06
   4.3014182e+05  -1.8955239e+06
   4.2668161e+05  -1.8935172e+06
   4.2322139e+05  -1.8915105e+06
   4.1976118e+05  -1.8895038e+06
   4.1630097e+05  -1.8874970e+06
   4.1284075e+05  -1.8854903e+06
   4.0938054e+05  -1.8834836e+06
   4.0592032e+05  -1.8814769e+06
   4.0246011e+05  -1.8794702e+06
   3.9899990e+05  -1.8774635e+06
   3.9553968e+05  -1.8754567e+06
   3.9207947e+05  -1.8734500e+06
   3.8861926e+05  -1.8714433e+06
   3.8515904e+05  -1.8694366e+06
   3.8169883e+05  -1.8674299e+06
   3.7823862e+05  -1.8654231e+06
   3.7477840e+05  -1.8634164e+06
   3.7131819e+05  -1.8614097e+06
   3.6785798e+05  -1.8594030e+06
   3.6439776e+05  -1.8573963e+06
   3.6093755e+05  -1.8553895e+06
   3.5747733e+05  -1.8533828e+06
   3.5401712e+05  -1.8513761e+06
   3.5055691e+05  -1.8493694e+06
   3.4709669e+05  -1.8473627e+06
   3.4363648e+05  -1.8453559e+06
   3.4017627e+05  -1.8433492e+06
   3.3671605e+05  -1.8413425e+06
   3.3325584e+05  -1.8393358e+06
   3.2979563e+05  -1.8373291e+06
   3.2633541e+05  -1.8353223e+06
   3.2287520e+05  -1.8333156e+06
   3.1941499e+05  -1.8313089e+06
   3.1595477e+05  -1.8293022e+06
   3.1249456e+05  -1.8272955e+06
   3.0903434e+05  -1.8252888e+06
   3.0557413e+05  -1.8232820e+06
   3.0211392e+05  -1.8212753e+06
   2.9865370e+05  -1.8192686e+06
   2.9519349e+05  -1.8172619e+06
   2.9173328e+05  -1.8152552e+06
   2.8827306e+05  -1.8132484e+06
   2.8481285e+05  -1.8112417e+06
   2.8135264e+05  -1.8092350e+06
   2.7789242e+05  -1.8072283e+06
   2.7443221e+05  -1.8052216e+06
   2.7097200e+05  -1.8032148e+06
   2.6751178e+05  -1.8012081e+06
   2.6405157e+05  -1.7992014e+06
   2.6059135e+05  -1.7971947e+06
   2.5713114e+05  -1.7951880e+06
   2.5367093e+05  -1.7931812e+06
   2.5021071e+05  -1.7911745e+06
   2.4675050e+05  -1.7891678e+06
   2.4329029e+05  -1.7871611e+06
   2.3983007e+05  -1.7851544e+06
   2.3636986e+05  -1.7831476e+06
   2.3290965e+05  -1.7811409e+06
   2.2944943e+05  -1.7791342e+06
   2.2598922e+05  -1.7771275e+06
   2.2252900e+05  -1.7751208e+06
   2.1906879e+05  -1.7731141e+06
   2.1560858e+05  -1.7711073e+06
   2.1214836e+05  -1.7691006e+06
   2.0868815e+05  -1.7670939e+06
   2.0522794e+05  -1.7650872e+06
   2.0176772e+05  -1.7630805e+06
   1.9830751e+05  -1.7610737e+06
   1.9484730e+05  -1.7590670e+06
   1.9138708e+05  -1.7570603e+06
   1.8792687e+05  -1.7550536e+06
   1.8446666e+05  -1.7530469e+06
   1.8100644e+05  -1.7510401e+06
   1.7754623e+05  -1.7490334e+06
   1.7408601e+05  -1.7470267e+06
   1.7062580e+05  -1.7450200e+06
   1.6716559e+05  -1.7430133e+06
   1.6370537e+05  -1.7410065e+06
   1.6024516e+05  -1.7389998e+06
   1.5678495e+05  -1.7369931e+06
   1.5332473e+05  -1.7349864e+06
   1.4986452e+05  -1.7329797e+06
   1.4640431e+05  -1.7309729e+06
   1.4294409e+05  -1.7289662e+06
   1.3948388e+05  -1.7269595e+06
   1.3602367e+05  -1.7249528e+06
   1.3256345e+05  -1.7229461e+06
   1.2910324e+05  -1.7209394e+06
   1.2564302e+05  -1.7189326e+06
   1.2218281e+05  -1.7169259e+06
   1.1872260e+05  -1.7149192e+06
   1.1526238e+05  -1.7129125e+06
   1.1180217e+05  -1.7109058e+06
   1.0834196e+05  -1.7088990e+06
   1.0488174e+05  -1.7068923e+06
   1.0142153e+05  -1.7048856e+06
   9.7961316e+04  -1.7028789e+06
   9.4501102e+04  -1.7008722e+06
   9.1040889e+04  -1.6988654e+06
   8.7580675e+04  -1.6968587e+06
   8.4120461e+04  -1.6948520e+06
   8.0660248e+04  -1.6928453e+06
   7.7200034e+04  -1.6908386e+06
   7.3739821e+04  -1.6888318e+06
   7.0279607e+04  -1.6868251e+06
   6.6819393e+04  -1.6848184e+06
   6.3359180e+04  -1.6828117e+06
   5.9898966e+04  -1.6808050e+06
   5.6438753e+04  -1.6787983e+06
   5.2978539e+04  -1.6767915e+06
   4.9518325e+04  -1.6747848e+06
   4.6058112e+04  -1.6727781e+06
   4.2597898e+04  -1.6707714e+06
   3.9137685e+04  -1.6687647e+06
   3.5677471e+04  -1.6667579e+06
   3.2217258e+04  -1.6647512e+06
   2.8757044e+04  -1.6627445e+06
   2.5296830e+04  -1.6607378e+06
   2.1836617e+04  -1.6587311e+06
   1.8376403e+04  -1.6567243e+06
   1.4916190e+04  -1.6547176e+06
   1.1455976e+04  -1.6527109e+06
   7.9957624e+03  -1.6507042e+06
   4.5355489e+03  -1.6486975e+06
   1.0753353e+03  -1.6466907e+06
