   1.0753353e+03  -1.6466907e+06
  -1.4567992e+03  -1.6497872e+06
  -3.9889337e+03  -1.6528837e+06
  -6.5210682e+03  -1.6559802e+06
  -9.0532027e+03  -1.6590767e+06
  -1.1585337e+04  -1.6621732e+06
  -1.4117472e+04  -1.6652697e+06
  -1.6649606e+04  -1.6683662e+06
  -1.9181741e+04  -1.6714627e+06
  -2.1713875e+04  -1.6745592e+06
  -2.4246010e+04  -1.6776557e+06
  -2.6778144e+04  -1.6807522e+06
  -2.9310279e+04  -1.6838487e+06
  -3.1842413e+04  -1.6869452e+06
  -3.4374548e+04  -1.6900417e+06
  -3.6906682e+04  -1.6931382e+06
  -3.9438817e+04  -1.6962347e+06
  -4.1970951e+04  -1.6993312e+06
  -4.4503085e+04  -1.7024277e+06
  -4.7035220e+04  -1.7055242e+06
  -4.9567354e+04  -1.7086207e+06
  -5.2099489e+04  -1.7117172e+06
  -5.4631623e+04  -1.7148137e+06
  -5.7163758e+04  -1.7179102e+06
  -5.9695892e+04  -1.7210067e+06
  -6.2228027e+04  -1.7241032e+06
  -6.4760161e+04  -1.7271997e+06
  -6.7292296e+04  -1.7302962e+06
  -6.9824430e+04  -1.7333927e+06
  -7.2356565e+04  -1.7364892e+06
  -7.4888699e+04  -1.7395857e+06
  -7.7420834e+04  -1.7426822e+06
  -7.9952968e+04  -1.7457787e+06
  -8.2485103e+04  -1.7488752e+06
  -8.5017237e+04  -1.7519716e+06
  -8.7549372e+04  -1.7550681e+06
  -9.0081506e+04  -1.7581646e+06
  -9.2613641e+04  -1.7612611e+06
  -9.5145775e+04  -1.7643576e+06
  -9.7677910e+04  -1.7674541e+06
  -1.0021004e+05  -1.7705506e+06
  -1.0274218e+05  -1.7736471e+06
  -1.0527431e+05  -1.7767436e+06
  -1.0780645e+05  -1.7798401e+06
  -1.1033858e+05  -1.7829366e+06
  -1.1287072e+05  -1.7860331e+06
  -1.1540285e+05  -1.7891296e+06
  -1.1793499e+05  -1.7922261e+06
  -1.2046712e+05  -1.7953226e+06
  -1.2299925e+05  -1.7984191e+06
  -1.2553139e+05  -1.8015156e+06
  -1.2806352e+05  -1.8046121e+06
  -1.3059566e+05  -1.8077086e+06
  -1.3312779e+05  -1.8108051e+06
  -1.3565993e+05  -1.8139016e+06
  -1.3819206e+05  -1.8169981e+06
  -1.4072420e+05  -1.8200946e+06
  -1.4325633e+05  -1.8231911e+06
  -1.4578846e+05  -1.8262876e+06
  -1.4832060e+05  -1.8293841e+06
  -1.5085273e+05  -1.8324806e+06
  -1.5338487e+05  -1.8355771e+06
  -1.5591700e+05  -1.8386736e+06
  -1.5844914e+05  -1.8417701e+06
  -1.6098127e+05  -1.8448666e+06
  -1.6351341e+05  -1.8479631e+06
  -1.6604554e+05  -1.8510596e+06
  -1.6857768e+05  -1.8541561e+06
  -1.7110981e+05  -1.8572526e+06
  -1.7364194e+05  -1.8603491e+06
  -1.7617408e+05  -1.8634455e+06
  -1.7870621e+05  -1.8665420e+06
  -1.8123835e+05  -1.8696385e+06
  -1.8377048e+05  -1.8727350e+06
  -1.8630262e+05  -1.8758315e+06
  -1.8883475e+05  -1.8789280e+06
  -1.9136689e+05  -1.8820245e+06
  -1.9389902e+05  -1.8851210e+06
  -1.9643115e+05  -1.8882175e+06
  -1.9896329e+05  -1.8913140e+06
  -2.0149542e+05  -1.8944105e+06
  -2.0402756e+05  -1.8975070e+06
  -2.0655969e+05  -1.9006035e+06
  -2.0909183e+05  -1.9037000e+06
  -2.1162396e+05  -1.9067965e+06
  -2.1415610e+05  -1.9098930e+06
  -2.1668823e+05  -1.9129895e+06
  -2.1922037e+05  -1.9160860e+06
  -2.2175250e+05  -1.9191825e+06
  -2.2428463e+05  -1.9222790e+06
  -2.2681677e+05  -1.9253755e+06
  -2.2934890e+05  -1.9284720e+06
  -2.3188104e+05  -1.9315685e+06
  -2.3441317e+05  -1.9346650e+06
  -2.3694531e+05  -1.9377615e+06
  -2.3947744e+05  -1.9408580e+06
  -2.4200958e+05  -1.9439545e+06
  -2.4454171e+05  -1.9470510e+06
  -2.4707384e+05  -1.9501475e+06
  -2.4960598e+05  -1.9532440e+06
  -2.5213811e+05  -1.9563405e+06
  -2.5467025e+05  -1.9594370e+06
  -2.5720238e+05  -1.9625335e+06
  -2.5973452e+05  -1.9656300e+06
  -2.6226665e+05  -1.9687265e+06
  -2.6479879e+05  -1.9718229e+06
  -2.6733092e+05  -1.9749194e+06
  -2.6986305e+05  -1.9780159e+06
  -2.7239519e+05  -1.9811124e+06
  -2.7492732e+05  -1.9842089e+06
  -2.7745946e+05  -1.9873054e+06
  -2.7999159e+05  -1.9904019e+06
  -2.8252373e+05  -1.9934984e+06
  -2.8505586e+05  -1.9965949e+06
  -2.8758800e+05  -1.9996914e+06
  -2.9012013e+05  -2.0027879e+06
  -2.9265227e+05  -2.0058844e+06
  -2.9518440e+05  -2.0089809e+06
  -2.9771653e+05  -2.0120774e+06
  -3.0024867e+05  -2.0151739e+06
  -3.0278080e+05  -2.0182704e+06
  -3.0531294e+05  -2.0213669e+06
  -3.0784507e+05  -2.0244634e+06
  -3.1037721e+05  -2.0275599e+06
  -3.1290934e+05  -2.0306564e+06
  -3.1544148e+05  -2.0337529e+06
  -3.1797361e+05  -2.0368494e+06
  -3.2050574e+05  -2.0399459e+06
  -3.2303788e+05  -2.0430424e+06
  -3.2557001e+05  -2.0461389e+06
  -3.2810215e+05  -2.0492354e+06
  -3.3063428e+05  -2.0523319e+06
  -3.3316642e+05  -2.0554284e+06
  -3.3569855e+05  -2.0585249e+06
  -3.3823069e+05  -2.0616214e+06
  -3.4076282e+05  -2.0647179e+06
  -3.4329495e+05  -2.0678144e+06
  -3.4582709e+05  -2.0709109e+06
  -3.4835922e+05  -2.0740074e+06
  -3.5089136e+05  -2.0771039e+06
  -3.5342349e+05  -2.0802004e+06
  -3.5595563e+05  -2.0832968e+06
  -3.5848776e+05  -2.0863933e+06
  -3.6101990e+05  -2.0894898e+06
  -3.6355203e+05  -2.0925863e+06
  -3.6608417e+05  -2.0956828e+06
  -3.6861630e+05  -2.0987793e+06
  -3.7114843e+05  -2.1018758e+06
  -3.7368057e+05  -2.1049723e+06
  -3.7621270e+05  -2.1080688e+06
  -3.7874484e+05  -2.1111653e+06
  -3.8127697e+05  -2.1142618e+06
  -3.8380911e+05  -2.1173583e+06
  -3.8634124e+05  -2.1204548e+06
  -3.8887338e+05  -2.1235513e+06
  -3.9140551e+05  -2.1266478e+06
  -3.9393764e+05  -2.1297443e+06
  -3.9646978e+05  -2.1328408e+06
  -3.9900191e+05  -2.1359373e+06
  -4.0153405e+05  -2.1390338e+06
  -4.0406618e+05  -2.1421303e+06
  -4.0659832e+05  -2.1452268e+06
  -4.0913045e+05  -2.1483233e+06
  -4.1166259e+05  -2.1514198e+06
  -4.1419472e+05  -2.1545163e+06
  -4.1672685e+05  -2.1576128e+06
  -4.1925899e+05  -2.1607093e+06
  -4.2179112e+05  -2.1638058e+06
  -4.2432326e+05  -2.1669023e+06
  -4.2685539e+05  -2.1699988e+06
  -4.2938753e+05  -2.1730953e+06
  -4.3191966e+05  -2.1761918e+06
  -4.3445180e+05  -2.1792883e+06
  -4.3698393e+05  -2.1823848e+06
  -4.3951607e+05  -2.1854813e+06
  -4.4204820e+05  -2.1885778e+06
  -4.4458033e+05  -2.1916743e+06
  -4.4711247e+05  -2.1947707e+06
  -4.4964460e+05  -2.1978672e+06
  -4.5217674e+05  -2.2009637e+06
  -4.5470887e+05  -2.2040602e+06
  -4.5724101e+05  -2.2071567e+06
  -4.5977314e+05  -2.2102532e+06
  -4.6230528e+05  -2.2133497e+06
  -4.6483741e+05  -2.2164462e+06
  -4.6736954e+05  -2.2195427e+06
  -4.6990168e+05  -2.2226392e+06
  -4.7243381e+05  -2.2257357e+06
  -4.7496595e+05  -2.2288322e+06
  -4.7749808e+05  -2.2319287e+06
  -4.8003022e+05  -2.2350252e+06
  -4.8256235e+05  -2.2381217e+06
  -4.8509449e+05  -2.2412182e+06
  -4.8762662e+05  -2.2443147e+06
  -4.9015876e+05  -2.2474112e+06
  -4.9269089e+05  -2.2505077e+06
  -4.9522302e+05  -2.2536042e+06
  -4.9775516e+05  -2.2567007e+06
  -5.0028729e+05  -2.2597972e+06
  -5.0281943e+05  -2.2628937e+06
  -5.0535156e+05  -2.2659902e+06
  -5.0788370e+05  -2.2690867e+06
  -5.1041583e+05  -2.2721832e+06
  -5.1294797e+05  -2.2752797e+06
  -5.1548010e+05  -2.2783762e+06
  -5.1801223e+05  -2.2814727e+06
  -5.2054437e+05  -2.2845692e+06
  -5.2307650e+05  -2.2876657e+06
  -5.2560864e+05  -2.2907622e+06
  -5.2814077e+05  -2.2938587e+06
  -5.3067291e+05  -2.2969552e+06
  -5.3320504e+05  -2.3000517e+06
  -5.3573718e+05  -2.3031482e+06
  -5.3826931e+05  -2.3062446e+06
  -5.4080144e+05  -2.3093411e+06
  -5.4333358e+05  -2.3124376e+06
  -5.4586571e+05  -2.3155341e+06
  -5.4839785e+05  -2.3186306e+06
  -5.5092998e+05  -2.3217271e+06
  -5.5346212e+05  -2.3248236e+06
  -5.5599425e+05  -2.3279201e+06
  -5.5852639e+05  -2.3310166e+06
  -5.6105852e+05  -2.3341131e+06
  -5.6359066e+05  -2.3372096e+06
  -5.6612279e+05  -2.3403061e+06
  -5.6865492e+05  -2.3434026e+06
  -5.7118706e+05  -2.3464991e+06
  -5.7371919e+05  -2.3495956e+06
  -5.7625133e+05  -2.3526921e+06
  -5.7878346e+05  -2.3557886e+06
  -5.8131560e+05  -2.3588851e+06
  -5.8384773e+05  -2.3619816e+06
  -5.8637987e+05  -2.3650781e+06
  -5.8891200e+05  -2.3681746e+06
  -5.9144413e+05  -2.3712711e+06
  -5.9397627e+05  -2.3743676e+06
  -5.9650840e+05  -2.3774641e+06
  -5.9904054e+05  -2.3805606e+06
  -6.0157267e+05  -2.3836571e+06
  -6.0410481e+05  -2.3867536e+06
  -6.0663694e+05  -2.3898501e+06
  -6.0916908e+05  -2.3929466e+06
  -6.1170121e+05  -2.3960431e+06
  -6.1423334e+05  -2.3991396e+06
  -6.1676548e+05  -2.4022361e+06
  -6.1929761e+05  -2.4053326e+06
  -6.2182975e+05  -2.4084291e+06
  -6.2436188e+05  -2.4115256e+06
  -6.2689402e+05  -2.4146221e+06
  -6.2942615e+05  -2.4177185e+06
  -6.3195829e+05  -2.4208150e+06
  -6.3449042e+05  -2.4239115e+06
  -6.3702256e+05  -2.4270080e+06
  -6.3955469e+05  -2.4301045e+06
  -6.4208682e+05  -2.4332010e+06
  -6.4461896e+05  -2.4362975e+06
  -6.4715109e+05  -2.4393940e+06
  -6.4968323e+05  -2.4424905e+06
  -6.5221536e+05  -2.4455870e+06
  -6.5474750e+05  -2.4486835e+06
  -6.5727963e+05  -2.4517800e+06
  -6.5981177e+05  -2.4548765e+06
  -6.6234390e+05  -2.4579730e+06
  -6.6487603e+05  -2.4610695e+06
  -6.6740817e+05  -2.4641660e+06
  -6.6994030e+05  -2.4672625e+06
  -6.7247244e+05  -2.4703590e+06
