   1.1955564e+01   1.4744266e+02
   1.2034667e+01   1.4744275e+02
   1.2113195e+01   1.4744284e+02
   1.2191067e+01   1.4744293e+02
   1.2268190e+01   1.4744302e+02
   1.2344463e+01   1.4744311e+02
   1.2419771e+01   1.4744320e+02
   1.2493991e+01   1.4744329e+02
   1.2566988e+01   1.4744337e+02
   1.2638614e+01   1.4744345e+02
   1.2708717e+01   1.4744354e+02
   1.2777131e+01   1.4744361e+02
   1.2843690e+01   1.4744369e+02
   1.2908221e+01   1.4744377e+02
   1.2970555e+01   1.4744384e+02
   1.3030528e+01   1.4744391e+02
   1.3087985e+01   1.4744398e+02
   1.3142789e+01   1.4744404e+02
   1.3194820e+01   1.4744410e+02
   1.3243985e+01   1.4744416e+02
   1.3290221e+01   1.4744421e+02
   1.3333492e+01   1.4744426e+02
   1.3373801e+01   1.4744431e+02
   1.3411179e+01   1.4744435e+02
   1.3445691e+01   1.4744439e+02
   1.3477431e+01   1.4744443e+02
   1.3506517e+01   1.4744446e+02
   1.3533087e+01   1.4744450e+02
   1.3557296e+01   1.4744452e+02
   1.3579308e+01   1.4744455e+02
   1.3599293e+01   1.4744457e+02
   1.3617422e+01   1.4744459e+02
   1.3633863e+01   1.4744461e+02
   1.3648780e+01   1.4744463e+02
   1.3662327e+01   1.4744465e+02
   1.3674650e+01   1.4744466e+02
   1.3685885e+01   1.4744467e+02
   1.3696156e+01   1.4744469e+02
   1.3705576e+01   1.4744470e+02
   1.3714248e+01   1.4744471e+02
   1.3722263e+01   1.4744472e+02
   1.3729704e+01   1.4744472e+02
   1.3736643e+01   1.4744473e+02
   1.3743145e+01   1.4744474e+02
   1.3749267e+01   1.4744475e+02
   1.3755059e+01   1.4744475e+02
   1.3760564e+01   1.4744476e+02
   1.3765821e+01   1.4744477e+02
   1.3770862e+01   1.4744477e+02
   1.3775718e+01   1.4744478e+02
   1.3780413e+01   1.4744478e+02
   1.3784968e+01   1.4744479e+02
   1.3789524e+01   1.4744479e+02
   1.3794080e+01   1.4744480e+02
   1.3798636e+01   1.4744480e+02
   1.3803192e+01   1.4744481e+02
   1.3807747e+01   1.4744482e+02
   1.3812303e+01   1.4744482e+02
   1.3816859e+01   1.4744483e+02
   1.3821415e+01   1.4744483e+02
   1.3825971e+01   1.4744484e+02
   1.3830527e+01   1.4744484e+02
   1.3835082e+01   1.4744485e+02
   1.3839638e+01   1.4744485e+02
   1.3844194e+01   1.4744486e+02
   1.3848750e+01   1.4744486e+02
   1.3853306e+01   1.4744487e+02
   1.3857861e+01   1.4744487e+02
   1.3862416e+01   1.4744488e+02
   1.3866970e+01   1.4744488e+02
   1.3871524e+01   1.4744489e+02
   1.3876079e+01   1.4744490e+02
   1.3880633e+01   1.4744490e+02
   1.3885188e+01   1.4744491e+02
   1.3889742e+01   1.4744491e+02
   1.3894296e+01   1.4744492e+02
   1.3898851e+01   1.4744492e+02
   1.3903405e+01   1.4744493e+02
   1.3907960e+01   1.4744493e+02
   1.3912514e+01   1.4744494e+02
   1.3917068e+01   1.4744494e+02
   1.3921623e+01   1.4744495e+02
   1.3926177e+01   1.4744495e+02
   1.3930731e+01   1.4744496e+02
   1.3935284e+01   1.4744496e+02
   1.3939837e+01   1.4744497e+02
   1.3944390e+01   1.4744497e+02
   1.3948943e+01   1.4744498e+02
   1.3953496e+01   1.4744499e+02
   1.3958049e+01   1.4744499e+02
   1.3962602e+01   1.4744500e+02
   1.3967155e+01   1.4744500e+02
   1.3971708e+01   1.4744501e+02
   1.3976261e+01   1.4744501e+02
   1.3980814e+01   1.4744502e+02
   1.3985367e+01   1.4744502e+02
   1.3989920e+01   1.4744503e+02
   1.3994473e+01   1.4744503e+02
   1.3999026e+01   1.4744504e+02
   1.4003579e+01   1.4744504e+02
   1.4008130e+01   1.4744505e+02
   1.4012682e+01   1.4744505e+02
   1.4017233e+01   1.4744506e+02
   1.4021785e+01   1.4744506e+02
   1.4026336e+01   1.4744507e+02
   1.4030888e+01   1.4744508e+02
   1.4035439e+01   1.4744508e+02
   1.4039991e+01   1.4744509e+02
   1.4044542e+01   1.4744509e+02
   1.4049094e+01   1.4744510e+02
   1.4053645e+01   1.4744510e+02
   1.4058197e+01   1.4744511e+02
   1.4062748e+01   1.4744511e+02
   1.4067300e+01   1.4744512e+02
   1.4071851e+01   1.4744512e+02
   1.4076403e+01   1.4744513e+02
   1.4080953e+01   1.4744513e+02
   1.4085503e+01   1.4744514e+02
   1.4090053e+01   1.4744514e+02
   1.4094603e+01   1.4744515e+02
   1.4099153e+01   1.4744516e+02
   1.4103703e+01   1.4744516e+02
   1.4108253e+01   1.4744517e+02
   1.4112803e+01   1.4744517e+02
   1.4117353e+01   1.4744518e+02
   1.4121903e+01   1.4744518e+02
   1.4126453e+01   1.4744519e+02
   1.4131003e+01   1.4744519e+02
   1.4135554e+01   1.4744520e+02
   1.4140104e+01   1.4744520e+02
   1.4144654e+01   1.4744521e+02
   1.4149204e+01   1.4744521e+02
   1.4153752e+01   1.4744522e+02
   1.4158301e+01   1.4744522e+02
   1.4162850e+01   1.4744523e+02
   1.4167398e+01   1.4744523e+02
   1.4171947e+01   1.4744524e+02
   1.4176495e+01   1.4744525e+02
   1.4181044e+01   1.4744525e+02
   1.4185593e+01   1.4744526e+02
   1.4190141e+01   1.4744526e+02
   1.4194690e+01   1.4744527e+02
   1.4199238e+01   1.4744527e+02
   1.4203787e+01   1.4744528e+02
   1.4208336e+01   1.4744528e+02
   1.4212884e+01   1.4744529e+02
   1.4217433e+01   1.4744529e+02
   1.4221982e+01   1.4744530e+02
   1.4226529e+01   1.4744530e+02
   1.4231076e+01   1.4744531e+02
   1.4235623e+01   1.4744531e+02
   1.4240170e+01   1.4744532e+02
   1.4244717e+01   1.4744532e+02
   1.4249264e+01   1.4744533e+02
   1.4253812e+01   1.4744534e+02
   1.4258359e+01   1.4744534e+02
   1.4262906e+01   1.4744535e+02
   1.4267453e+01   1.4744535e+02
   1.4272000e+01   1.4744536e+02
   1.4276547e+01   1.4744536e+02
   1.4281094e+01   1.4744537e+02
   1.4285642e+01   1.4744537e+02
   1.4290189e+01   1.4744538e+02
   1.4294736e+01   1.4744538e+02
   1.4299282e+01   1.4744539e+02
   1.4303827e+01   1.4744539e+02
   1.4308373e+01   1.4744540e+02
   1.4312919e+01   1.4744540e+02
   1.4317464e+01   1.4744541e+02
   1.4322010e+01   1.4744541e+02
   1.4326556e+01   1.4744542e+02
   1.4331101e+01   1.4744543e+02
   1.4335647e+01   1.4744543e+02
   1.4340193e+01   1.4744544e+02
   1.4344738e+01   1.4744544e+02
   1.4349284e+01   1.4744545e+02
   1.4353830e+01   1.4744545e+02
   1.4358376e+01   1.4744546e+02
   1.4362921e+01   1.4744546e+02
   1.4367467e+01   1.4744547e+02
   1.4372011e+01   1.4744547e+02
   1.4376555e+01   1.4744548e+02
   1.4381100e+01   1.4744548e+02
   1.4385644e+01   1.4744549e+02
   1.4390188e+01   1.4744549e+02
   1.4394732e+01   1.4744550e+02
   1.4399276e+01   1.4744550e+02
   1.4403821e+01   1.4744551e+02
   1.4408365e+01   1.4744552e+02
   1.4412909e+01   1.4744552e+02
   1.4417453e+01   1.4744553e+02
   1.4421997e+01   1.4744553e+02
   1.4426542e+01   1.4744554e+02
   1.4431086e+01   1.4744554e+02
   1.4435630e+01   1.4744555e+02
   1.4440174e+01   1.4744555e+02
   1.4444717e+01   1.4744556e+02
   1.4449260e+01   1.4744556e+02
   1.4453802e+01   1.4744557e+02
   1.4458345e+01   1.4744557e+02
   1.4462888e+01   1.4744558e+02
   1.4467431e+01   1.4744558e+02
   1.4471973e+01   1.4744559e+02
   1.4476516e+01   1.4744559e+02
   1.4481059e+01   1.4744560e+02
   1.4485602e+01   1.4744561e+02
   1.4490144e+01   1.4744561e+02
   1.4494687e+01   1.4744562e+02
   1.4499230e+01   1.4744562e+02
   1.4503772e+01   1.4744563e+02
   1.4508315e+01   1.4744563e+02
   1.4512858e+01   1.4744564e+02
   1.4517401e+01   1.4744564e+02
   1.4522117e+01   1.4744565e+02
   1.4527043e+01   1.4744565e+02
   1.4532218e+01   1.4744566e+02
   1.4537693e+01   1.4744567e+02
   1.4543527e+01   1.4744567e+02
   1.4549788e+01   1.4744568e+02
   1.4556559e+01   1.4744569e+02
   1.4563935e+01   1.4744570e+02
   1.4572029e+01   1.4744571e+02
   1.4580970e+01   1.4744572e+02
   1.4590908e+01   1.4744573e+02
   1.4602011e+01   1.4744574e+02
   1.4614471e+01   1.4744576e+02
   1.4628499e+01   1.4744577e+02
   1.4644327e+01   1.4744579e+02
   1.4662201e+01   1.4744581e+02
   1.4682381e+01   1.4744583e+02
   1.4705128e+01   1.4744586e+02
   1.4730700e+01   1.4744589e+02
   1.4759337e+01   1.4744592e+02
   1.4791251e+01   1.4744596e+02
   1.4826616e+01   1.4744600e+02
   1.4865552e+01   1.4744605e+02
   1.4908123e+01   1.4744610e+02
   1.4954328e+01   1.4744615e+02
   1.5004105e+01   1.4744621e+02
   1.5057332e+01   1.4744627e+02
   1.5113836e+01   1.4744634e+02
   1.5173406e+01   1.4744641e+02
   1.5235800e+01   1.4744648e+02
   1.5300761e+01   1.4744656e+02
   1.5368028e+01   1.4744663e+02
   1.5437341e+01   1.4744671e+02
   1.5508455e+01   1.4744680e+02
   1.5581136e+01   1.4744688e+02
   1.5655174e+01   1.4744697e+02
   1.5730378e+01   1.4744706e+02
   1.5806578e+01   1.4744714e+02
   1.5883626e+01   1.4744723e+02
   1.5961391e+01   1.4744732e+02
