   1.5961391e+01   1.4744732e+02
   1.5961395e+01   1.4735560e+02
   1.5961398e+01   1.4726461e+02
   1.5961402e+01   1.4717447e+02
   1.5961405e+01   1.4708530e+02
   1.5961409e+01   1.4699725e+02
   1.5961412e+01   1.4691049e+02
   1.5961416e+01   1.4682519e+02
   1.5961419e+01   1.4674154e+02
   1.5961422e+01   1.4665975e+02
   1.5961425e+01   1.4658005e+02
   1.5961428e+01   1.4650267e+02
   1.5961431e+01   1.4642784e+02
   1.5961434e+01   1.4635579e+02
   1.5961436e+01   1.4628676e+02
   1.5961439e+01   1.4622094e+02
   1.5961441e+01   1.4615854e+02
   1.5961444e+01   1.4609969e+02
   1.5961446e+01   1.4604452e+02
   1.5961448e+01   1.4599309e+02
   1.5961449e+01   1.4594542e+02
   1.5961451e+01   1.4590148e+02
   1.5961452e+01   1.4586120e+02
   1.5961454e+01   1.4582445e+02
   1.5961455e+01   1.4579107e+02
   1.5961456e+01   1.4576088e+02
   1.5961457e+01   1.4573365e+02
   1.5961458e+01   1.4570916e+02
   1.5961459e+01   1.4568717e+02
   1.5961460e+01   1.4566746e+02
   1.5961460e+01   1.4564978e+02
   1.5961461e+01   1.4563393e+02
   1.5961461e+01   1.4561969e+02
   1.5961462e+01   1.4560687e+02
   1.5961462e+01   1.4559530e+02
   1.5961463e+01   1.4558482e+02
   1.5961463e+01   1.4557530e+02
   1.5961463e+01   1.4556659e+02
   1.5961463e+01   1.4555860e+02
   1.5961464e+01   1.4555122e+02
   1.5961464e+01   1.4554437e+02
   1.5961464e+01   1.4553797e+02
   1.5961464e+01   1.4553196e+02
   1.5961465e+01   1.4552628e+02
   1.5961465e+01   1.4552089e+02
   1.5961465e+01   1.4551574e+02
   1.5961465e+01   1.4551080e+02
   1.5961465e+01   1.4550604e+02
   1.5961466e+01   1.4550128e+02
   1.5961466e+01   1.4549652e+02
   1.5961466e+01   1.4549175e+02
   1.5961466e+01   1.4548699e+02
   1.5961466e+01   1.4548223e+02
   1.5961466e+01   1.4547747e+02
   1.5961467e+01   1.4547271e+02
   1.5961467e+01   1.4546794e+02
   1.5961467e+01   1.4546318e+02
   1.5961467e+01   1.4545842e+02
   1.5961467e+01   1.4545366e+02
   1.5961467e+01   1.4544889e+02
   1.5961468e+01   1.4544413e+02
   1.5961468e+01   1.4543937e+02
   1.5961468e+01   1.4543461e+02
   1.5961468e+01   1.4542984e+02
   1.5961468e+01   1.4542508e+02
   1.5961468e+01   1.4542032e+02
   1.5961469e+01   1.4541556e+02
   1.5961469e+01   1.4541080e+02
   1.5961469e+01   1.4540603e+02
   1.5961469e+01   1.4540127e+02
   1.5961469e+01   1.4539651e+02
   1.5961469e+01   1.4539175e+02
   1.5961470e+01   1.4538698e+02
   1.5961470e+01   1.4538222e+02
   1.5961470e+01   1.4537746e+02
   1.5961470e+01   1.4537270e+02
   1.5961470e+01   1.4536793e+02
   1.5961470e+01   1.4536317e+02
   1.5961470e+01   1.4535841e+02
   1.5961471e+01   1.4535365e+02
   1.5961471e+01   1.4534888e+02
   1.5961471e+01   1.4534412e+02
   1.5961471e+01   1.4533936e+02
   1.5961471e+01   1.4533460e+02
   1.5961471e+01   1.4532984e+02
   1.5961472e+01   1.4532507e+02
   1.5961472e+01   1.4532031e+02
   1.5961472e+01   1.4531555e+02
   1.5961472e+01   1.4531079e+02
   1.5961472e+01   1.4530602e+02
   1.5961472e+01   1.4530126e+02
   1.5961473e+01   1.4529650e+02
   1.5961473e+01   1.4529174e+02
   1.5961473e+01   1.4528697e+02
   1.5961473e+01   1.4528221e+02
   1.5961473e+01   1.4527745e+02
   1.5961473e+01   1.4527269e+02
   1.5961474e+01   1.4526793e+02
   1.5961474e+01   1.4526316e+02
   1.5961474e+01   1.4525840e+02
   1.5961474e+01   1.4525364e+02
   1.5961474e+01   1.4524888e+02
   1.5961474e+01   1.4524411e+02
   1.5961475e+01   1.4523935e+02
   1.5961475e+01   1.4523459e+02
   1.5961475e+01   1.4522983e+02
   1.5961475e+01   1.4522506e+02
   1.5961475e+01   1.4522030e+02
   1.5961475e+01   1.4521554e+02
   1.5961475e+01   1.4521078e+02
   1.5961476e+01   1.4520602e+02
   1.5961476e+01   1.4520125e+02
   1.5961476e+01   1.4519649e+02
   1.5961476e+01   1.4519173e+02
   1.5961476e+01   1.4518697e+02
   1.5961476e+01   1.4518220e+02
   1.5961477e+01   1.4517744e+02
   1.5961477e+01   1.4517268e+02
   1.5961477e+01   1.4516792e+02
   1.5961477e+01   1.4516315e+02
   1.5961477e+01   1.4515839e+02
   1.5961477e+01   1.4515363e+02
   1.5961478e+01   1.4514887e+02
   1.5961478e+01   1.4514411e+02
   1.5961478e+01   1.4513934e+02
   1.5961478e+01   1.4513458e+02
   1.5961478e+01   1.4512982e+02
   1.5961478e+01   1.4512506e+02
   1.5961478e+01   1.4512029e+02
   1.5961479e+01   1.4511553e+02
   1.5961479e+01   1.4511077e+02
   1.5961479e+01   1.4510601e+02
   1.5961479e+01   1.4510124e+02
   1.5961479e+01   1.4509648e+02
   1.5961479e+01   1.4509172e+02
   1.5961480e+01   1.4508696e+02
   1.5961480e+01   1.4508220e+02
   1.5961480e+01   1.4507743e+02
   1.5961480e+01   1.4507267e+02
   1.5961480e+01   1.4506791e+02
   1.5961480e+01   1.4506315e+02
   1.5961480e+01   1.4505838e+02
   1.5961481e+01   1.4505362e+02
   1.5961481e+01   1.4504886e+02
   1.5961481e+01   1.4504410e+02
   1.5961481e+01   1.4503933e+02
   1.5961481e+01   1.4503457e+02
   1.5961481e+01   1.4502981e+02
   1.5961482e+01   1.4502505e+02
   1.5961482e+01   1.4502029e+02
   1.5961482e+01   1.4501552e+02
   1.5961482e+01   1.4501076e+02
   1.5961482e+01   1.4500600e+02
   1.5961482e+01   1.4500124e+02
   1.5961482e+01   1.4499647e+02
   1.5961483e+01   1.4499171e+02
   1.5961483e+01   1.4498695e+02
   1.5961483e+01   1.4498219e+02
   1.5961483e+01   1.4497742e+02
   1.5961483e+01   1.4497266e+02
   1.5961483e+01   1.4496790e+02
   1.5961484e+01   1.4496314e+02
   1.5961484e+01   1.4495838e+02
   1.5961484e+01   1.4495361e+02
   1.5961484e+01   1.4494885e+02
   1.5961484e+01   1.4494409e+02
   1.5961484e+01   1.4493933e+02
   1.5961484e+01   1.4493456e+02
   1.5961485e+01   1.4492980e+02
   1.5961485e+01   1.4492504e+02
   1.5961485e+01   1.4492028e+02
   1.5961485e+01   1.4491551e+02
   1.5961485e+01   1.4491075e+02
   1.5961485e+01   1.4490599e+02
   1.5961485e+01   1.4490123e+02
   1.5961486e+01   1.4489647e+02
   1.5961486e+01   1.4489170e+02
   1.5961486e+01   1.4488694e+02
   1.5961486e+01   1.4488218e+02
   1.5961486e+01   1.4487742e+02
   1.5961486e+01   1.4487265e+02
   1.5961487e+01   1.4486789e+02
   1.5961487e+01   1.4486313e+02
   1.5961487e+01   1.4485837e+02
   1.5961487e+01   1.4485361e+02
   1.5961487e+01   1.4484884e+02
   1.5961487e+01   1.4484408e+02
   1.5961487e+01   1.4483932e+02
   1.5961488e+01   1.4483456e+02
   1.5961488e+01   1.4482979e+02
   1.5961488e+01   1.4482503e+02
   1.5961488e+01   1.4482027e+02
   1.5961488e+01   1.4481551e+02
   1.5961488e+01   1.4481067e+02
   1.5961488e+01   1.4480577e+02
   1.5961489e+01   1.4480077e+02
   1.5961489e+01   1.4479570e+02
   1.5961489e+01   1.4479052e+02
   1.5961489e+01   1.4478525e+02
   1.5961489e+01   1.4477986e+02
   1.5961489e+01   1.4477436e+02
   1.5961490e+01   1.4476874e+02
   1.5961490e+01   1.4476297e+02
   1.5961490e+01   1.4475706e+02
   1.5961490e+01   1.4475100e+02
   1.5961490e+01   1.4474476e+02
   1.5961491e+01   1.4473835e+02
   1.5961491e+01   1.4473174e+02
   1.5961491e+01   1.4472493e+02
   1.5961491e+01   1.4471789e+02
   1.5961491e+01   1.4471062e+02
   1.5961492e+01   1.4470309e+02
   1.5961492e+01   1.4469528e+02
   1.5961492e+01   1.4468718e+02
   1.5961492e+01   1.4467877e+02
   1.5961493e+01   1.4467003e+02
   1.5961493e+01   1.4466093e+02
   1.5961493e+01   1.4465144e+02
   1.5961493e+01   1.4464155e+02
   1.5961494e+01   1.4463123e+02
   1.5961494e+01   1.4462044e+02
   1.5961494e+01   1.4460916e+02
   1.5961495e+01   1.4459735e+02
   1.5961495e+01   1.4458499e+02
   1.5961495e+01   1.4457204e+02
   1.5961496e+01   1.4455846e+02
   1.5961496e+01   1.4454422e+02
   1.5961497e+01   1.4452927e+02
   1.5961497e+01   1.4451358e+02
   1.5961498e+01   1.4449711e+02
   1.5961498e+01   1.4447982e+02
   1.5961499e+01   1.4446166e+02
   1.5961499e+01   1.4444258e+02
   1.5961500e+01   1.4442255e+02
   1.5961500e+01   1.4440152e+02
   1.5961501e+01   1.4437944e+02
   1.5961502e+01   1.4435627e+02
   1.5961502e+01   1.4433197e+02
   1.5961503e+01   1.4430648e+02
   1.5961504e+01   1.4427977e+02
   1.5961505e+01   1.4425180e+02
   1.5961505e+01   1.4422252e+02
   1.5961506e+01   1.4419189e+02
   1.5961507e+01   1.4415988e+02
   1.5961508e+01   1.4412645e+02
   1.5961509e+01   1.4409158e+02
   1.5961510e+01   1.4405523e+02
   1.5961511e+01   1.4401738e+02
   1.5961512e+01   1.4397801e+02
   1.5961513e+01   1.4393710e+02
   1.5961514e+01   1.4389464e+02
   1.5961515e+01   1.4385062e+02
   1.5961516e+01   1.4380503e+02
   1.5961517e+01   1.4375788e+02
   1.5961519e+01   1.4370917e+02
   1.5961520e+01   1.4365891e+02
   1.5961521e+01   1.4360711e+02
   1.5961522e+01   1.4355379e+02
   1.5961524e+01   1.4349896e+02
   1.5961525e+01   1.4344267e+02
   1.5961526e+01   1.4338492e+02
   1.5961528e+01   1.4332576e+02
   1.5961529e+01   1.4326521e+02
   1.5961530e+01   1.4320332e+02
   1.5961532e+01   1.4314013e+02
   1.5961533e+01   1.4307567e+02
   1.5961535e+01   1.4300998e+02
   1.5961536e+01   1.4294311e+02
   1.5961537e+01   1.4287511e+02
   1.5961539e+01   1.4280602e+02
   1.5961540e+01   1.4273588e+02
   1.5961542e+01   1.4266474e+02
   1.5961543e+01   1.4259264e+02
   1.5961545e+01   1.4251963e+02
   1.5961546e+01   1.4244575e+02
   1.5961547e+01   1.4237105e+02
   1.5961549e+01   1.4229557e+02
   1.5961550e+01   1.4221934e+02
   1.5961552e+01   1.4214241e+02
   1.5961553e+01   1.4206482e+02
   1.5961554e+01   1.4198660e+02
   1.5961556e+01   1.4190779e+02
   1.5961557e+01   1.4182842e+02
   1.5961558e+01   1.4174853e+02
   1.5961560e+01   1.4166815e+02
   1.5961561e+01   1.4158730e+02
   1.5961562e+01   1.4150602e+02
   1.5961564e+01   1.4142433e+02
   1.5961565e+01   1.4134227e+02
   1.5961566e+01   1.4125984e+02
   1.5961567e+01   1.4117708e+02
   1.5961568e+01   1.4109400e+02
   1.5961570e+01   1.4101063e+02
