   1.1955634e+01   1.4100863e+02
   1.1955633e+01   1.4109196e+02
   1.1955633e+01   1.4117500e+02
   1.1955632e+01   1.4125773e+02
   1.1955632e+01   1.4134013e+02
   1.1955632e+01   1.4142217e+02
   1.1955631e+01   1.4150382e+02
   1.1955631e+01   1.4158507e+02
   1.1955630e+01   1.4166588e+02
   1.1955630e+01   1.4174624e+02
   1.1955629e+01   1.4182610e+02
   1.1955629e+01   1.4190543e+02
   1.1955629e+01   1.4198421e+02
   1.1955628e+01   1.4206240e+02
   1.1955628e+01   1.4213996e+02
   1.1955627e+01   1.4221686e+02
   1.1955627e+01   1.4229306e+02
   1.1955626e+01   1.4236851e+02
   1.1955626e+01   1.4244319e+02
   1.1955625e+01   1.4251703e+02
   1.1955625e+01   1.4259001e+02
   1.1955625e+01   1.4266208e+02
   1.1955624e+01   1.4273320e+02
   1.1955624e+01   1.4280331e+02
   1.1955623e+01   1.4287238e+02
   1.1955623e+01   1.4294035e+02
   1.1955622e+01   1.4300719e+02
   1.1955622e+01   1.4307285e+02
   1.1955621e+01   1.4313729e+02
   1.1955621e+01   1.4320046e+02
   1.1955620e+01   1.4326233e+02
   1.1955620e+01   1.4332285e+02
   1.1955619e+01   1.4338199e+02
   1.1955619e+01   1.4343971e+02
   1.1955618e+01   1.4349599e+02
   1.1955618e+01   1.4355079e+02
   1.1955618e+01   1.4360409e+02
   1.1955617e+01   1.4365587e+02
   1.1955617e+01   1.4370611e+02
   1.1955616e+01   1.4375480e+02
   1.1955616e+01   1.4380193e+02
   1.1955616e+01   1.4384750e+02
   1.1955615e+01   1.4389151e+02
   1.1955615e+01   1.4393395e+02
   1.1955614e+01   1.4397484e+02
   1.1955614e+01   1.4401420e+02
   1.1955614e+01   1.4405203e+02
   1.1955613e+01   1.4408837e+02
   1.1955613e+01   1.4412323e+02
   1.1955613e+01   1.4415664e+02
   1.1955612e+01   1.4418864e+02
   1.1955612e+01   1.4421926e+02
   1.1955612e+01   1.4424853e+02
   1.1955612e+01   1.4427649e+02
   1.1955611e+01   1.4430319e+02
   1.1955611e+01   1.4432867e+02
   1.1955611e+01   1.4435296e+02
   1.1955611e+01   1.4437612e+02
   1.1955610e+01   1.4439819e+02
   1.1955610e+01   1.4441921e+02
   1.1955610e+01   1.4443924e+02
   1.1955610e+01   1.4445830e+02
   1.1955610e+01   1.4447646e+02
   1.1955609e+01   1.4449375e+02
   1.1955609e+01   1.4451021e+02
   1.1955609e+01   1.4452589e+02
   1.1955609e+01   1.4454083e+02
   1.1955609e+01   1.4455507e+02
   1.1955609e+01   1.4456864e+02
   1.1955608e+01   1.4458159e+02
   1.1955608e+01   1.4459394e+02
   1.1955608e+01   1.4460574e+02
   1.1955608e+01   1.4461702e+02
   1.1955608e+01   1.4462780e+02
   1.1955608e+01   1.4463813e+02
   1.1955608e+01   1.4464801e+02
   1.1955608e+01   1.4465749e+02
   1.1955608e+01   1.4466659e+02
   1.1955607e+01   1.4467533e+02
   1.1955607e+01   1.4468374e+02
   1.1955607e+01   1.4469183e+02
   1.1955607e+01   1.4469963e+02
   1.1955607e+01   1.4470716e+02
   1.1955607e+01   1.4471443e+02
   1.1955607e+01   1.4472147e+02
   1.1955607e+01   1.4472828e+02
   1.1955607e+01   1.4473488e+02
   1.1955607e+01   1.4474129e+02
   1.1955607e+01   1.4474753e+02
   1.1955607e+01   1.4475359e+02
   1.1955606e+01   1.4475950e+02
   1.1955606e+01   1.4476526e+02
   1.1955606e+01   1.4477088e+02
   1.1955606e+01   1.4477638e+02
   1.1955606e+01   1.4478176e+02
   1.1955606e+01   1.4478703e+02
   1.1955606e+01   1.4479220e+02
   1.1955606e+01   1.4479728e+02
   1.1955606e+01   1.4480227e+02
   1.1955606e+01   1.4480718e+02
   1.1955606e+01   1.4481201e+02
   1.1955606e+01   1.4481677e+02
   1.1955606e+01   1.4482153e+02
   1.1955606e+01   1.4482629e+02
   1.1955606e+01   1.4483105e+02
   1.1955606e+01   1.4483581e+02
   1.1955606e+01   1.4484057e+02
   1.1955606e+01   1.4484533e+02
   1.1955605e+01   1.4485009e+02
   1.1955605e+01   1.4485485e+02
   1.1955605e+01   1.4485961e+02
   1.1955605e+01   1.4486437e+02
   1.1955605e+01   1.4486913e+02
   1.1955605e+01   1.4487389e+02
   1.1955605e+01   1.4487865e+02
   1.1955605e+01   1.4488341e+02
   1.1955605e+01   1.4488817e+02
   1.1955605e+01   1.4489293e+02
   1.1955605e+01   1.4489769e+02
   1.1955605e+01   1.4490245e+02
   1.1955605e+01   1.4490721e+02
   1.1955605e+01   1.4491197e+02
   1.1955605e+01   1.4491673e+02
   1.1955605e+01   1.4492149e+02
   1.1955605e+01   1.4492625e+02
   1.1955605e+01   1.4493101e+02
   1.1955604e+01   1.4493577e+02
   1.1955604e+01   1.4494053e+02
   1.1955604e+01   1.4494529e+02
   1.1955604e+01   1.4495005e+02
   1.1955604e+01   1.4495481e+02
   1.1955604e+01   1.4495957e+02
   1.1955604e+01   1.4496433e+02
   1.1955604e+01   1.4496909e+02
   1.1955604e+01   1.4497385e+02
   1.1955604e+01   1.4497861e+02
   1.1955604e+01   1.4498338e+02
   1.1955604e+01   1.4498814e+02
   1.1955604e+01   1.4499290e+02
   1.1955604e+01   1.4499766e+02
   1.1955604e+01   1.4500242e+02
   1.1955604e+01   1.4500718e+02
   1.1955604e+01   1.4501194e+02
   1.1955604e+01   1.4501670e+02
   1.1955603e+01   1.4502146e+02
   1.1955603e+01   1.4502622e+02
   1.1955603e+01   1.4503098e+02
   1.1955603e+01   1.4503574e+02
   1.1955603e+01   1.4504050e+02
   1.1955603e+01   1.4504526e+02
   1.1955603e+01   1.4505002e+02
   1.1955603e+01   1.4505478e+02
   1.1955603e+01   1.4505954e+02
   1.1955603e+01   1.4506430e+02
   1.1955603e+01   1.4506906e+02
   1.1955603e+01   1.4507382e+02
   1.1955603e+01   1.4507858e+02
   1.1955603e+01   1.4508334e+02
   1.1955603e+01   1.4508810e+02
   1.1955603e+01   1.4509286e+02
   1.1955603e+01   1.4509762e+02
   1.1955602e+01   1.4510238e+02
   1.1955602e+01   1.4510714e+02
   1.1955602e+01   1.4511190e+02
   1.1955602e+01   1.4511666e+02
   1.1955602e+01   1.4512142e+02
   1.1955602e+01   1.4512618e+02
   1.1955602e+01   1.4513094e+02
   1.1955602e+01   1.4513570e+02
   1.1955602e+01   1.4514046e+02
   1.1955602e+01   1.4514522e+02
   1.1955602e+01   1.4514998e+02
   1.1955602e+01   1.4515474e+02
   1.1955602e+01   1.4515950e+02
   1.1955602e+01   1.4516426e+02
   1.1955602e+01   1.4516902e+02
   1.1955602e+01   1.4517378e+02
   1.1955602e+01   1.4517854e+02
   1.1955601e+01   1.4518330e+02
   1.1955601e+01   1.4518806e+02
   1.1955601e+01   1.4519282e+02
   1.1955601e+01   1.4519759e+02
   1.1955601e+01   1.4520235e+02
   1.1955601e+01   1.4520711e+02
   1.1955601e+01   1.4521187e+02
   1.1955601e+01   1.4521663e+02
   1.1955601e+01   1.4522139e+02
   1.1955601e+01   1.4522615e+02
   1.1955601e+01   1.4523091e+02
   1.1955601e+01   1.4523567e+02
   1.1955601e+01   1.4524043e+02
   1.1955601e+01   1.4524519e+02
   1.1955601e+01   1.4524995e+02
   1.1955601e+01   1.4525471e+02
   1.1955600e+01   1.4525947e+02
   1.1955600e+01   1.4526423e+02
   1.1955600e+01   1.4526899e+02
   1.1955600e+01   1.4527375e+02
   1.1955600e+01   1.4527851e+02
   1.1955600e+01   1.4528327e+02
   1.1955600e+01   1.4528803e+02
   1.1955600e+01   1.4529279e+02
   1.1955600e+01   1.4529755e+02
   1.1955600e+01   1.4530231e+02
   1.1955600e+01   1.4530707e+02
   1.1955600e+01   1.4531183e+02
   1.1955600e+01   1.4531659e+02
   1.1955600e+01   1.4532135e+02
   1.1955600e+01   1.4532611e+02
   1.1955600e+01   1.4533087e+02
   1.1955599e+01   1.4533563e+02
   1.1955599e+01   1.4534039e+02
   1.1955599e+01   1.4534515e+02
   1.1955599e+01   1.4534991e+02
   1.1955599e+01   1.4535467e+02
   1.1955599e+01   1.4535943e+02
   1.1955599e+01   1.4536419e+02
   1.1955599e+01   1.4536895e+02
   1.1955599e+01   1.4537371e+02
   1.1955599e+01   1.4537847e+02
   1.1955599e+01   1.4538323e+02
   1.1955599e+01   1.4538799e+02
   1.1955599e+01   1.4539275e+02
   1.1955599e+01   1.4539751e+02
   1.1955599e+01   1.4540228e+02
   1.1955599e+01   1.4540704e+02
   1.1955598e+01   1.4541180e+02
   1.1955598e+01   1.4541656e+02
   1.1955598e+01   1.4542132e+02
   1.1955598e+01   1.4542608e+02
   1.1955598e+01   1.4543084e+02
   1.1955598e+01   1.4543560e+02
   1.1955598e+01   1.4544036e+02
   1.1955598e+01   1.4544512e+02
   1.1955598e+01   1.4544988e+02
   1.1955598e+01   1.4545464e+02
   1.1955598e+01   1.4545940e+02
   1.1955598e+01   1.4546416e+02
   1.1955598e+01   1.4546892e+02
   1.1955598e+01   1.4547368e+02
   1.1955598e+01   1.4547844e+02
   1.1955597e+01   1.4548320e+02
   1.1955597e+01   1.4548796e+02
   1.1955597e+01   1.4549272e+02
   1.1955597e+01   1.4549748e+02
   1.1955597e+01   1.4550224e+02
   1.1955597e+01   1.4550700e+02
   1.1955597e+01   1.4551194e+02
   1.1955597e+01   1.4551708e+02
   1.1955597e+01   1.4552247e+02
   1.1955597e+01   1.4552815e+02
   1.1955597e+01   1.4553415e+02
   1.1955597e+01   1.4554055e+02
   1.1955597e+01   1.4554740e+02
   1.1955596e+01   1.4555477e+02
   1.1955596e+01   1.4556276e+02
   1.1955596e+01   1.4557146e+02
   1.1955596e+01   1.4558099e+02
   1.1955596e+01   1.4559146e+02
   1.1955596e+01   1.4560302e+02
   1.1955596e+01   1.4561583e+02
   1.1955595e+01   1.4563007e+02
   1.1955595e+01   1.4564592e+02
   1.1955595e+01   1.4566358e+02
   1.1955595e+01   1.4568329e+02
   1.1955594e+01   1.4570527e+02
   1.1955594e+01   1.4572975e+02
   1.1955594e+01   1.4575696e+02
   1.1955593e+01   1.4578715e+02
   1.1955593e+01   1.4582051e+02
   1.1955592e+01   1.4585724e+02
   1.1955591e+01   1.4589750e+02
   1.1955591e+01   1.4594142e+02
   1.1955590e+01   1.4598907e+02
   1.1955589e+01   1.4604048e+02
   1.1955588e+01   1.4609562e+02
   1.1955587e+01   1.4615445e+02
   1.1955586e+01   1.4621682e+02
   1.1955585e+01   1.4628261e+02
   1.1955584e+01   1.4635161e+02
   1.1955583e+01   1.4642363e+02
   1.1955582e+01   1.4649843e+02
   1.1955580e+01   1.4657577e+02
   1.1955579e+01   1.4665544e+02
   1.1955578e+01   1.4673719e+02
   1.1955576e+01   1.4682080e+02
   1.1955575e+01   1.4690606e+02
   1.1955573e+01   1.4699279e+02
   1.1955571e+01   1.4708080e+02
   1.1955570e+01   1.4716992e+02
   1.1955568e+01   1.4726003e+02
   1.1955566e+01   1.4735098e+02
   1.1955564e+01   1.4744266e+02
