         253
  -480184.188         222701.391    
  -480351.438         214051.156    
  -480518.719         205481.047    
  -480682.594         197005.547    
  -480846.000         188641.312    
  -481003.656         180407.016    
  -481161.719         172323.812    
  -481314.812         164415.391    
  -481464.156         156707.375    
  -481610.781         149227.078    
  -481750.906         142003.375    
  -481885.562         135065.438    
  -482014.375         128441.547    
  -482135.062         122158.672    
  -482250.500         116240.391    
  -482356.906         110705.727    
  -482455.906         105568.344    
  -482548.844         100835.164    
  -482632.531         96506.0859    
  -482708.625         92574.1484    
  -482779.125         89025.7812    
  -482839.500         85841.9062    
  -482894.969         82998.8672    
  -482944.531         80469.7891    
  -482988.688         78226.2656    
  -483026.281         76238.9844    
  -483061.312         74479.2812    
  -483090.781         72919.6172    
  -483118.719         71534.4219    
  -483142.094         70300.0469    
  -483164.688         69195.1797    
  -483183.500         68201.1875    
  -483200.562         67301.2266    
  -483216.062         66481.1250    
  -483230.344         65728.3438    
  -483243.531         65032.2891    
  -483257.469         64383.7539    
  -483269.000         63775.0664    
  -483279.906         63199.6680    
  -483290.250         62652.0469    
  -483301.844         62127.6797    
  -483311.344         61622.6836    
  -483320.969         61117.6797    
  -483330.531         60612.5781    
  -483340.125         60107.4844    
  -483349.688         59602.4805    
  -483359.250         59097.3789    
  -483368.812         58592.3828    
  -483380.000         58087.4180    
  -483389.625         57582.3203    
  -483399.125         57077.2188    
  -483408.719         56572.2266    
  -483418.281         56067.2383    
  -483429.469         55562.1680    
  -483439.094         55057.1758    
  -483448.594         54552.0742    
  -483458.156         54046.9766    
  -483467.781         53541.9805    
  -483477.312         53036.7852    
  -483486.938         52531.5781    
  -483496.500         52026.2695    
  -483506.000         51521.1719    
  -483517.250         51016.0039    
  -483526.812         50510.8008    
  -483536.375         50005.5000    
  -483545.969         49500.3984    
  -483557.156         48995.2305    
  -483566.781         48489.9258    
  -483576.344         47984.7266    
  -483585.844         47479.6328    
  -483595.469         46974.3242    
  -483605.031         46469.1250    
  -483614.625         45963.9258    
  -483624.188         45458.7266    
  -483633.750         44953.4258    
  -483645.000         44448.0469    
  -483654.562         43942.6367    
  -483664.125         43437.2266    
  -483673.688         42931.9258    
  -483683.250         42426.6211    
  -483692.781         41921.2109    
  -483702.406         41415.8047    
  -483712.031         40910.3984    
  -483721.531         40405.0898    
  -483732.781         39899.8203    
  -483742.344         39394.4141    
  -483751.906         38889.0117    
  -483761.500         38383.6055    
  -483772.688         37878.3320    
  -483782.312         37373.0352    
  -483791.875         36867.5195    
  -483801.375         36361.9023    
  -483811.000         35856.3906    
  -483820.562         35350.8750    
  -483830.188         34845.3672    
  -483839.719         34339.7539    
  -483849.281         33834.2383    
  -483860.531         33328.7617    
  -483870.094         32823.2539    
  -483879.656         32317.7383    
  -483889.281         31812.2285    
  -483900.469         31306.7480    
  -483910.031         30801.1328    
  -483919.656         30295.6270    
  -483929.188         29790.1152    
  -483938.812         29284.6074    
  -483948.375         28778.8867    
  -483957.938         28273.1680    
  -483967.562         27767.6562    
  -483977.062         27261.9355    
  -483988.312         26756.2500    
  -483997.938         26250.5312    
  -484007.438         25744.9141    
  -484017.062         25239.1953    
  -484026.656         24733.4746    
  -484037.875         24227.7871    
  -484047.469         23722.1738    
  -484057.031         23216.4551    
  -484066.594         22710.7363    
  -484076.219         22205.1230    
  -484085.781         21699.4043    
  -484095.344         21193.6855    
  -484104.875         20687.8613    
  -484116.156         20182.0684    
  -484125.750         19676.2441    
  -484135.312         19170.3145    
  -484144.938         18664.4902    
  -484154.500         18158.6660    
  -484165.688         17652.8750    
  -484175.312         17147.0508    
  -484184.938         16641.2285    
  -484194.438         16135.2998    
  -484204.000         15629.4736    
  -484213.594         15123.6523    
  -484223.219         14617.8281    
  -484232.781         14112.0049    
  -484244.031         13606.2148    
  -484253.656         13100.2852    
  -484263.219         12594.2510    
  -484272.719         12088.2158    
  -484282.344         11582.1816    
  -484293.594         11076.2842    
  -484303.156         10570.2490    
  -484312.781         10064.3213    
  -484322.344         9558.28711    
  -484331.906         9052.25195    
  -484341.531         8546.32520    
  -484351.125         8040.29102    
  -484360.688         7534.15088    
  -484370.312         7028.22217    
  -484381.500         6522.21973    
  -484391.062         6016.29150    
  -484400.625         5510.25781    
  -484410.250         5004.22412    
  -484421.500         4498.11523    
  -484431.062         3991.97559    
  -484440.688         3485.72949    
  -484450.250         2979.58960    
  -484459.812         2473.44995    
  -484469.438         1967.31042    
  -484479.062         1461.17065    
  -484488.594         955.030945    
  -484498.219         448.785156    
  -484509.469        -57.3233566    
  -484519.031        -563.463074    
  -484528.656        -1069.60278    
  -484538.219        -1575.84851    
  -484549.406        -2081.95703    
  -484559.031        -2588.20264    
  -484568.594        -3094.34253    
  -484578.156        -3600.58838    
  -484587.781        -4106.94043    
  -484597.406        -4613.18604    
  -484606.969        -5119.64404    
  -484616.594        -5625.89014    
  -484626.156        -6132.24219    
  -484637.406        -6638.45752    
  -484647.031        -7144.91455    
  -484656.625        -7651.16064    
  -484666.188        -8157.51270    
  -484677.438        -8663.72754    
  -484687.000        -9170.18652    
  -484696.625        -9676.43262    
  -484706.250        -10182.7852    
  -484715.750        -10689.0312    
  -484725.375        -11195.4902    
  -484735.000        -11701.9482    
  -484744.562        -12208.4062    
  -484754.125        -12714.9727    
  -484765.438        -13221.3994    
  -484774.938        -13727.8584    
  -484784.562        -14234.2109    
  -484794.188        -14740.7764    
  -484805.375        -15247.2051    
  -484815.062        -15753.6631    
  -484824.625        -16260.2305    
  -484834.188        -16766.6895    
  -484843.812        -17273.1465    
  -484853.406        -17779.7129    
  -484862.969        -18286.1738    
  -484872.656        -18792.6328    
  -484882.219        -19299.1992    
  -484893.469        -19805.6270    
  -484903.344        -20327.5684    
  -484913.531        -20867.3164    
  -484924.188        -21427.8496    
  -484935.188        -22012.2363    
  -484946.844        -22624.1875    
  -484959.031        -23268.1562    
  -484973.594        -23948.6738    
  -484987.219        -24671.6289    
  -485001.875        -25443.0371    
  -485019.188        -26270.2871    
  -485036.062        -27161.3945    
  -485054.375        -28125.4414    
  -485074.188        -29172.7207    
  -485097.469        -30314.5352    
  -485121.062        -31563.4688    
  -485148.750        -32933.5508    
  -485177.250        -34439.6953    
  -485208.625        -36098.0820    
  -485244.938        -37925.9727    
  -485284.781        -39941.3164    
  -485326.875        -42163.2227    
  -485374.875        -44610.4062    
  -485427.531        -47301.8672    
  -485485.156        -50255.9570    
  -485548.031        -53489.6445    
  -485616.531        -57018.4141    
  -485690.938        -60855.3047    
  -485772.906        -65011.0078    
  -485859.531        -69492.4844    
  -485952.344        -74303.4141    
  -486053.000        -79443.8906    
  -486158.188        -84910.2891    
  -486271.156        -90695.2344    
  -486389.906        -96788.5859    
  -486514.281        -103177.234    
  -486643.969        -109845.492    
  -486778.531        -116776.531    
  -486917.875        -123952.016    
  -487061.438        -131352.984    
  -487210.562        -138960.609    
  -487361.562        -146756.031    
  -487515.812        -154721.250    
  -487674.625        -162838.984    
  -487836.094        -171093.172    
  -487998.125        -179468.562    
  -488163.906        -187951.578    
  -488331.562        -196529.547    
  -488499.062        -205191.172    
  -488669.625        -213926.250    
  -488839.750        -222725.375    
         293
  -488839.750        -222725.375    
  -479771.531        -222895.844    
  -470734.750        -223062.406    
  -461731.156        -223225.328    
  -452764.031        -223384.359    
  -443836.688        -223539.609    
  -434950.812        -223691.156    
  -426108.031        -223838.844    
  -417313.312        -223982.844    
  -408566.781        -224122.953    
  -399876.594        -224259.328    
  -391242.875        -224391.812    
  -382668.875        -224520.547    
  -374159.562        -224645.594    
  -365718.281        -224766.734    
  -357348.375        -224884.250    
  -349054.844        -224997.922    
  -340842.656        -225108.031    
  -332715.125        -225214.234    
  -324678.875        -225316.828    
  -316735.594        -225415.672    
  -308891.938        -225510.906    
  -301151.156        -225602.625    
  -293520.000        -225690.672    
  -286003.406        -225775.297    
  -278604.656        -225856.359    
  -271330.500        -225934.078    
  -264184.188        -226008.328    
  -257170.719        -226079.391    
  -250295.031        -226147.062    
  -243560.547        -226211.719    
  -236973.812        -226273.141    
  -230536.547        -226331.641    
  -224253.734        -226387.094    
  -218128.656        -226439.781    
  -212163.000        -226489.594    
  -206361.766        -226536.688    
  -200726.609        -226581.359    
  -195257.531        -226623.359    
  -189957.844        -226663.062    
  -184829.188        -226700.375    
  -179868.281        -226735.469    
  -175078.438        -226768.594    
  -170459.656        -226799.562    
  -166008.594        -226828.719    
  -161723.625        -226855.984    
  -157606.406        -226881.484    
  -153651.938        -226905.484    
  -149856.891        -226927.844    
  -146219.625        -226948.750    
  -142736.828        -226968.375    
  -139405.156        -226986.625    
  -136217.984        -227003.672    
  -133175.297        -227019.562    
  -130268.805        -227034.547    
  -127495.188        -227048.422    
  -124851.094        -227061.359    
  -122331.578        -227073.469    
  -119928.305        -227084.859    
  -117641.305        -227095.391    
  -115460.586        -227105.281    
  -113386.180        -227114.469    
  -111409.750        -227123.125    
  -109528.008        -227131.281    
  -107735.930        -227138.828    
  -106028.555        -227145.906    
  -104402.578        -227152.578    
  -102852.984        -227158.766    
  -101376.484        -227164.641    
  -99966.4062        -227170.266    
  -98622.7578        -227175.453    
  -97337.2500        -227180.344    
  -96109.8672        -227184.922    
  -94935.6406        -227189.281    
  -93812.8906        -227193.406    
  -92736.6484        -227197.297    
  -91705.2500        -227200.984    
  -90713.7109        -227204.500    
  -89763.7109        -227207.938    
  -88846.8984        -227211.125    
  -87966.6328        -227214.125    
  -87117.9375        -227217.031    
  -86299.1250        -227219.766    
  -85506.8906        -227222.406    
  -84741.2266        -227224.953    
  -83998.8203        -227227.375    
  -83281.3281        -227229.688    
  -82583.7578        -227231.938    
  -81904.4688        -227234.109    
  -81245.1016        -227236.188    
  -80600.6875        -227238.344    
  -79974.5312        -227240.281    
  -79363.3438        -227242.188    
  -78763.7656        -227244.016    
  -78179.1328        -227245.781    
  -77604.4688        -227247.531    
  -77041.4453        -227249.219    
  -76488.3672        -227250.844    
  -75945.2656        -227252.469    
  -75412.1250        -227254.047    
  -74885.6250        -227255.594    
  -74367.4375        -227257.078    
  -73849.2422        -227258.594    
  -73331.0469        -227260.062    
  -72812.8594        -227261.531    
  -72294.6719        -227262.969    
  -71776.4766        -227264.438    
  -71258.2891        -227265.859    
  -70741.7500        -227267.516    
  -70223.5547        -227268.938    
  -69705.3594        -227270.328    
  -69187.1719        -227271.719    
  -68668.9766        -227273.109    
  -68150.7969        -227274.484    
  -67632.5938        -227275.859    
  -67114.4062        -227277.203    
  -66596.2109        -227278.562    
  -66078.0156        -227279.906    
  -65559.8281        -227281.219    
  -65041.6328        -227282.531    
  -64523.4453        -227283.828    
  -64005.2461        -227285.109    
  -63487.0586        -227286.391    
  -62968.8633        -227287.688    
  -62450.6680        -227288.922    
  -61932.4766        -227290.188    
  -61414.2891        -227291.547    
  -60896.0938        -227292.766    
  -60377.8984        -227293.984    
  -59861.3711        -227295.188    
  -59343.1758        -227296.375    
  -58824.9805        -227297.578    
  -58306.7891        -227298.766    
  -57788.5977        -227299.906    
  -57270.4062        -227301.078    
  -56752.2070        -227302.234    
  -56232.3555        -227303.359    
  -55714.1562        -227304.516    
  -55195.9688        -227305.609    
  -54677.7773        -227306.719    
  -54159.5820        -227307.797    
  -53641.3906        -227308.906    
  -53124.8594        -227309.969    
  -52606.6602        -227311.031    
  -52088.4688        -227312.188    
  -51570.2734        -227313.234    
  -51052.0859        -227314.266    
  -50533.8867        -227315.281    
  -50015.6953        -227316.297    
  -49497.5039        -227317.297    
  -48979.3125        -227318.281    
  -48461.1211        -227319.266    
  -47942.9297        -227320.250    
  -47424.7305        -227321.188    
  -46906.5352        -227322.141    
  -46388.3477        -227323.094    
  -45870.1484        -227324.016    
  -45351.9570        -227324.922    
  -44833.7617        -227325.844    
  -44315.5703        -227326.703    
  -43797.3750        -227327.625    
  -43279.1836        -227328.594    
  -42760.9883        -227329.469    
  -42244.4570        -227330.312    
  -41726.2617        -227331.141    
  -41208.0664        -227331.984    
  -40689.8750        -227332.828    
  -40171.6836        -227333.641    
  -39653.4883        -227334.422    
  -39135.2930        -227335.203    
  -38617.0977        -227336.000    
  -38098.9062        -227336.781    
  -37580.7109        -227337.531    
  -37062.5156        -227338.312    
  -36544.3242        -227339.031    
  -36026.1328        -227339.781    
  -35507.9336        -227340.469    
  -34989.7422        -227341.203    
  -34471.5469        -227342.000    
  -33953.3555        -227342.688    
  -33435.1602        -227343.344    
  -32916.9648        -227344.031    
  -32398.7715        -227344.688    
  -31880.5762        -227345.312    
  -31362.3867        -227345.953    
  -30844.1895        -227346.578    
  -30325.9941        -227347.188    
  -29807.8027        -227347.797    
  -29289.6094        -227348.406    
  -28771.4121        -227348.984    
  -28253.2188        -227349.562    
  -27735.0254        -227350.125    
  -27216.8320        -227350.703    
  -26698.6367        -227351.203    
  -26180.4414        -227351.844    
  -25662.2480        -227352.375    
  -25144.0547        -227352.906    
  -24627.5215        -227353.391    
  -24109.3281        -227353.859    
  -23591.1328        -227354.359    
  -23072.9395        -227354.812    
  -22554.7461        -227355.281    
  -22036.5508        -227355.750    
  -21518.3555        -227356.188    
  -21000.1641        -227356.594    
  -20481.9668        -227357.016    
  -19963.7734        -227357.422    
  -19445.5801        -227357.828    
  -18927.3848        -227358.203    
  -18409.1895        -227358.594    
  -17890.9980        -227359.062    
  -17372.8008        -227359.406    
  -16854.6074        -227359.750    
  -16336.4141        -227360.078    
  -15818.2188        -227360.422    
  -15300.0244        -227360.734    
  -14781.8311        -227361.031    
  -14263.6367        -227361.312    
  -13747.1025        -227361.594    
  -13228.9082        -227361.875    
  -12710.7129        -227362.125    
  -12192.5186        -227362.375    
  -11674.3252        -227362.609    
  -11156.1299        -227362.875    
  -10636.2734        -227363.078    
  -10118.0801        -227363.281    
  -9599.88477        -227363.562    
  -9081.69043        -227363.766    
  -8563.49609        -227363.953    
  -8045.30225        -227364.125    
  -7527.10693        -227364.266    
  -7010.57373        -227364.422    
  -6492.37988        -227364.547    
  -5974.18506        -227364.703    
  -5455.98975        -227364.781    
  -4937.79541        -227364.906    
  -4419.60107        -227365.000    
  -3901.40698        -227365.078    
  -3383.21191        -227365.141    
  -2865.01758        -227365.203    
  -2346.82324        -227365.250    
  -1828.62866        -227365.406    
  -1310.43420        -227365.438    
  -792.239685        -227365.484    
  -274.045197        -227365.484    
   244.149338        -227365.484    
   762.343872        -227365.484    
   1298.80798        -227365.438    
   1858.52466        -227365.406    
   2446.47607        -227365.359    
   3064.32324        -227365.312    
   3717.04932        -227365.203    
   4412.95801        -227365.109    
   5158.69287        -227364.953    
   5960.89795        -227364.906    
   6831.19922        -227364.703    
   7777.90039        -227364.391    
   8815.95020        -227364.078    
   9955.31348        -227363.672    
   11214.2607        -227363.141    
   12607.7383        -227362.500    
   14157.3389        -227361.797    
   15882.9922        -227360.781    
   17804.6309        -227359.531    
   19950.4883        -227357.984    
   22343.8125        -227356.094    
   25007.8633        -227353.656    
   27969.2090        -227350.609    
   31256.0918        -227346.938    
   34886.7695        -227342.281    
   38884.5039        -227336.656    
   43267.5586        -227329.781    
   48047.5625        -227321.312    
   53234.4805        -227311.219    
   58829.9688        -227299.172    
   64832.3672        -227284.859    
   71235.0312        -227268.047    
   78024.6797        -227248.500    
   85184.6953        -227226.016    
   92695.1328        -227200.203    
   100534.430        -227170.906    
   108675.992        -227137.969    
   117094.906        -227101.281    
   125766.250        -227060.531    
   134663.453        -227015.656    
   143764.906        -226966.688    
   153045.750        -226913.328    
   162484.312        -226855.766    
   172064.047        -226793.781    
   181764.984        -226727.281    
   191572.188        -226656.438    
   201472.375        -226581.125    
   211450.578        -226501.516    
         253
   211450.578        -226501.516    
   211388.312        -217700.844    
   211326.578        -208964.594    
   211265.453        -200301.812    
   211204.984        -191722.594    
   211145.328        -183238.312    
   211086.531        -174861.734    
   211027.078        -166606.484    
   210970.375        -158487.484    
   210913.281        -150521.297    
   210859.219        -142724.578    
   210803.406        -135116.047    
   210752.562        -127713.961    
   210701.953        -120537.547    
   210651.672        -113605.617    
   210605.203        -106936.398    
   210561.031        -100547.062    
   210517.625        -94452.8516    
   210476.719        -88667.0078    
   210436.797        -83200.0234    
   210401.203        -78058.7422    
   210366.688        -73247.2109    
   210334.844        -68765.0938    
   210305.672        -64608.9766    
   210279.125        -60771.4258    
   210253.438        -57242.1758    
   210230.188        -54008.0508    
   210210.906        -51053.7617    
   210190.453        -48361.9531    
   210173.672        -45914.4570    
   210157.062        -43692.3086    
   210143.797        -41676.5000    
   210130.438        -39848.3984    
   210118.484        -38189.8477    
   210109.406        -36683.5625    
   210098.172        -35313.3477    
   210089.547        -34064.1133    
   210081.828        -32922.1914    
   210074.891        -31874.7441    
   210068.609        -30910.5371    
   210061.281        -30019.2949    
   210054.500        -29191.9980    
   210049.812        -28420.4648    
   210043.891        -27697.5059    
   210039.953        -27016.8457    
   210034.672        -26372.7812    
   210031.281        -25760.7266    
   210026.469        -25176.1465    
   210021.891        -24615.7441    
   210019.078        -24075.7969    
   210014.812        -23553.7773    
   210012.281        -23047.2305    
   210008.141        -22540.6973    
   210003.969        -22034.1602    
   209999.828        -21527.5195    
   209997.312        -21020.9707    
   209994.781        -20514.5293    
   209990.641        -20007.9961    
   209986.484        -19501.3555    
   209982.344        -18994.8242    
   209979.812        -18488.2754    
   209975.672        -17981.6348    
   209973.141        -17475.1934    
   209969.000        -16968.6602    
   209964.812        -16462.0215    
   209960.656        -15955.4863    
   209958.141        -15448.9404    
   209953.984        -14942.5137    
   209951.484        -14435.9678    
   209947.328        -13929.6475    
   209943.172        -13423.3252    
   209940.656        -12916.8867    
   209936.500        -12410.4600    
   209933.984        -11904.0205    
   209929.828        -11397.6992    
   209925.672        -10891.3789    
   209921.500        -10384.8467    
   209919.016        -9878.51367    
   209914.828        -9372.08691    
   209912.344        -8865.75391    
   209908.156        -8359.43359    
   209904.016        -7852.90186    
   209899.844        -7346.58252    
   209897.344        -6840.24805    
   209893.172        -6334.03564    
   209890.672        -5827.70166    
   209886.500        -5321.48779    
   209882.359        -4815.27490    
   209879.828        -4309.04785    
   209875.688        -3802.83374    
   209873.188        -3296.60693    
   209869.016        -2790.28711    
   209864.875        -2284.07373    
   209860.719        -1777.86023    
   209858.203        -1271.63318    
   209854.047        -765.419800    
   209849.906        -259.206329    
   209845.750         247.113159    
   209843.234         753.340149    
   209839.078         1259.55359    
   209836.562         1765.56860    
   209832.422         2271.67603    
   209828.266         2777.67749    
   209824.109         3283.78467    
   209821.594         3789.79980    
   209819.062         4295.92139    
   209814.922         4801.92236    
   209810.766         5308.13623    
   209806.609         5814.13770    
   209804.109         6320.25928    
   209799.938         6826.26074    
   209797.438         7332.38184    
   209793.281         7838.38281    
   209789.125         8344.49121    
   209784.969         8850.49316    
   209782.453         9356.61426    
   209778.312         9862.51074    
   209775.797         10368.4199    
   209771.656         10874.3164    
   209767.469         11380.2119    
   209764.984         11886.1221    
   209760.844         12392.0176    
   209758.312         12897.9277    
   209754.172         13403.9297    
   209750.000         13909.8271    
   209745.859         14415.7236    
   209743.328         14921.6338    
   209739.188         15427.5303    
   209736.688         15933.5459    
   209732.516         16439.4434    
   209728.375         16945.3398    
   209724.203         17451.2383    
   209721.703         17956.9355    
   209717.531         18462.7266    
   209715.047         18968.5332    
   209710.891         19474.2188    
   209706.750         19979.9043    
   209704.234         20485.6055    
   209700.078         20991.3965    
   209697.562         21497.2012    
   209693.406         22002.8887    
   209689.266         22508.6797    
   209685.094         23014.3672    
   209682.609         23520.1719    
   209678.453         24025.9648    
   209675.938         24531.6680    
   209671.797         25037.4590    
   209667.641         25543.2539    
   209663.484         26048.8340    
   209660.969         26554.4297    
   209656.812         27060.0098    
   209652.656         27565.4844    
   209648.500         28071.0684    
   209646.031         28576.6641    
   209643.484         29082.3652    
   209639.344         29587.9492    
   209635.188         30093.5312    
   209631.047         30599.1152    
   209628.531         31104.7090    
   209624.391         31610.2969    
   209621.875         32115.7832    
   209617.719         32621.4746    
   209613.578         33127.0586    
   209609.422         33632.6406    
   209606.906         34138.1328    
   209602.766         34643.5078    
   209600.250         35149.0000    
   209596.094         35654.3711    
   209591.953         36159.7461    
   209587.812         36665.2227    
   209585.297         37170.7188    
   209582.781         37676.1055    
   209578.625         38181.4805    
   209574.484         38686.9609    
   209570.312         39192.3359    
   209567.812         39697.8320    
   209563.688         40203.3125    
   209561.156         40708.7031    
   209557.016         41214.0742    
   209552.844         41719.5547    
   209548.703         42224.8281    
   209546.219         42730.1094    
   209542.062         43235.3828    
   209539.547         43740.6680    
   209535.391         44245.9414    
   209531.250         44751.2109    
   209527.094         45256.3750    
   209524.594         45761.7656    
   209522.094         46267.0508    
   209517.922         46772.2188    
   209513.812         47277.4922    
   209509.641         47782.7656    
   209507.141         48288.1602    
   209502.969         48793.3242    
   209500.484         49298.6172    
   209496.344         49803.8867    
   209492.172         50309.0547    
   209488.031         50814.1211    
   209485.531         51319.1953    
   209481.391         51824.3633    
   209478.859         52329.4414    
   209474.719         52834.6133    
   209470.547         53339.6758    
   209466.422         53844.7422    
   209463.906         54349.9258    
   209459.750         54855.1016    
   209455.609         55360.0586    
   209453.094         55865.2422    
   209448.953         56370.4180    
   209446.453         56875.3984    
   209442.297         57380.5664    
   209438.156         57885.7383    
   209434.000         58390.8125    
   209431.344         58915.1836    
   209426.844         59462.9961    
   209423.750         60038.3828    
   209418.750         60647.1562    
   209413.438         61295.8008    
   209409.359         61992.0859    
   209404.812         62744.8750    
   209398.078         63565.1055    
   209392.312         64465.0898    
   209385.812         65459.2344    
   209376.719         66564.2812    
   209368.219         67798.8359    
   209358.484         69184.3906    
   209347.312         70744.1719    
   209334.500         72504.1641    
   209321.438         74491.6406    
   209304.672         76735.5234    
   209287.141         79264.8906    
   209267.062         82108.3906    
   209244.172         85292.8359    
   209218.328         88841.5625    
   209190.938         92774.1172    
   209160.281         97103.7500    
   209127.938         101837.688    
   209090.625         106975.742    
   209051.719         112511.148    
   209009.625         118430.328    
   208964.547         124714.023    
   208918.297         131338.719    
   208869.453         138277.719    
   208818.219         145502.375    
   208763.281         152983.594    
   208709.719         160692.688    
   208652.891         168602.359    
   208596.250         176686.453    
   208538.328         184921.938    
   208479.328         193287.344    
   208417.781         201763.812    
   208357.109         210335.094    
   208295.734         218986.562    
         293
   208295.734         218986.562    
   198485.031         218908.156    
   188750.984         218834.047    
   179109.953         218764.406    
   169571.750         218699.094    
   160154.281         218638.188    
   150873.922         218581.625    
   141750.203         218529.328    
   132802.734         218481.141    
   124052.766         218437.047    
   115528.016         218397.047    
   107251.344         218360.969    
   99247.2266         218328.641    
   91540.1641         218300.031    
   84156.2656         218274.594    
   77116.7266         218252.516    
   70441.1719         218233.266    
   64145.9102         218216.859    
   58245.6250         218202.828    
   52743.5859         218190.969    
   47644.6914         218180.953    
   42944.0430         218172.766    
   38636.7461         218165.953    
   34704.8477         218160.547    
   31135.2930         218156.016    
   27905.2285         218152.359    
   24991.8027         218149.422    
   22373.8008         218147.094    
   20020.2109         218145.234    
   17913.0801         218143.734    
   16021.3916         218142.484    
   14325.5654         218141.562    
   12802.7510         218140.766    
   11431.7275         218140.203    
   10194.5410         218139.672    
   9073.24023         218139.359    
   8054.76514         218139.016    
   7122.79541         218138.734    
   6267.53711         218138.484    
   5479.19873         218138.438    
   4746.35400         218138.281    
   4060.84180         218138.172    
   3419.39893         218138.078    
   2810.59888         218138.078    
   2234.44238         218138.047    
   1684.40076         218138.000    
   1155.57727         218137.953    
   646.339783         218137.953    
   137.102386         218138.047    
  -372.135040         218138.047    
  -883.004639         218138.078    
  -1392.24207         218138.078    
  -1901.47949         218138.125    
  -2410.71680         218138.172    
  -2918.32227         218138.297    
  -3429.19189         218138.375    
  -3938.42896         218138.453    
  -4447.66650         218138.562    
  -4956.90430         218138.641    
  -5467.77344         218138.734    
  -5975.37891         218138.984    
  -6484.61621         218139.094    
  -6993.85400         218139.219    
  -7504.72363         218139.391    
  -8013.96094         218139.516    
  -8523.19727         218139.672    
  -9032.43555         218139.969    
  -9541.67285         218140.172    
  -10050.9102         218140.359    
  -10560.1475         218140.578    
  -11069.3848         218140.781    
  -11578.6230         218141.016    
  -12089.4912         218141.344    
  -12598.7295         218141.609    
  -13107.9668         218141.875    
  -13617.2041         218142.125    
  -14126.4404         218142.422    
  -14635.6777         218142.703    
  -15144.9160         218143.016    
  -15654.1523         218143.422    
  -16165.0225         218143.734    
  -16674.2617         218144.078    
  -17183.4961         218144.422    
  -17692.7344         218144.750    
  -18201.9707         218145.125    
  -18711.2090         218145.578    
  -19220.4453         218145.969    
  -19729.6836         218146.375    
  -20238.9219         218146.766    
  -20749.7910         218147.172    
  -21259.0273         218147.609    
  -21768.2637         218148.266    
  -22277.5020         218148.719    
  -22786.7383         218149.156    
  -23295.9766         218149.594    
  -23805.2148         218150.094    
  -24314.4492         218150.578    
  -24823.6875         218151.172    
  -25334.5566         218151.672    
  -25842.1641         218152.203    
  -26351.3984         218152.734    
  -26860.6367         218153.234    
  -27371.5039         218153.812    
  -27880.7441         218154.453    
  -28389.9785         218155.031    
  -28899.2168         218155.609    
  -29408.4551         218156.188    
  -29917.6934         218156.781    
  -30426.9277         218157.406    
  -30936.1660         218158.016    
  -31445.4023         218158.750    
  -31956.2734         218159.375    
  -32465.5078         218160.031    
  -32974.7461         218160.688    
  -33483.9805         218161.344    
  -33993.2188         218162.031    
  -34502.4570         218162.812    
  -35011.6953         218163.547    
  -35520.9336         218164.219    
  -36031.8008         218164.969    
  -36541.0391         218165.719    
  -37050.2734         218166.422    
  -37559.5078         218167.281    
  -38068.7461         218168.047    
  -38577.9805         218168.812    
  -39087.2188         218169.594    
  -39596.4570         218170.391    
  -40105.6953         218171.188    
  -40616.5625         218172.016    
  -41125.8008         218172.922    
  -41635.0391         218173.750    
  -42144.2695         218174.594    
  -42653.5078         218175.453    
  -43162.7461         218176.328    
  -43671.9844         218177.188    
  -44181.2188         218178.172    
  -44690.4609         218179.094    
  -45201.3320         218180.000    
  -45708.9297         218180.875    
  -46218.1641         218181.812    
  -46727.4062         218182.781    
  -47238.2695         218183.703    
  -47747.5117         218184.750    
  -48256.7461         218185.734    
  -48765.9805         218186.703    
  -49275.2188         218187.703    
  -49784.4609         218188.688    
  -50293.6875         218189.703    
  -50802.9297         218190.812    
  -51312.1641         218191.844    
  -51823.0352         218192.906    
  -52332.2695         218193.938    
  -52841.5039         218194.984    
  -53350.7461         218196.047    
  -53859.9766         218197.156    
  -54369.2109         218198.312    
  -54878.4531         218199.422    
  -55387.6875         218200.531    
  -55898.5547         218201.656    
  -56407.7930         218202.781    
  -56917.0273         218203.922    
  -57426.2617         218205.188    
  -57935.5039         218206.359    
  -58444.7383         218207.516    
  -58953.9805         218208.703    
  -59463.2148         218209.891    
  -59972.4492         218211.094    
  -60483.3203         218212.312    
  -60992.5547         218213.641    
  -61501.7852         218214.875    
  -62011.0195         218216.109    
  -62520.2617         218217.359    
  -63029.4961         218218.609    
  -63538.7305         218219.922    
  -64047.9727         218221.188    
  -64557.1992         218222.594    
  -65068.0664         218223.891    
  -65577.3047         218225.203    
  -66084.9141         218226.516    
  -66594.1484         218227.859    
  -67105.0078         218229.219    
  -67614.2500         218230.656    
  -68123.4844         218232.047    
  -68632.7188         218233.406    
  -69141.9531         218234.781    
  -69651.1953         218236.188    
  -70160.4297         218237.578    
  -70669.6641         218239.016    
  -71178.8984         218240.516    
  -71689.7734         218241.984    
  -72199.0078         218243.422    
  -72708.2422         218244.891    
  -73217.4766         218246.344    
  -73734.8750         218247.859    
  -74258.7969         218249.375    
  -74794.1484         218251.047    
  -75336.0234         218252.672    
  -75889.3281         218254.312    
  -76454.0547         218256.031    
  -77030.2109         218257.797    
  -77619.4219         218259.562    
  -78220.0547         218261.531    
  -78837.0156         218263.422    
  -79468.6641         218265.422    
  -80116.6328         218267.453    
  -80784.1875         218269.594    
  -81469.6953         218271.875    
  -82178.0547         218274.141    
  -82906.0000         218276.531    
  -83658.4297         218279.016    
  -84436.9766         218281.609    
  -85241.6250         218284.406    
  -86077.2891         218287.234    
  -86943.9688         218290.188    
  -87843.2969         218293.297    
  -88778.5234         218296.656    
  -89751.2891         218300.094    
  -90766.5000         218303.703    
  -91824.1406         218307.531    
  -92929.1094         218311.781    
  -94083.0469         218316.031    
  -95289.2188         218320.531    
  -96552.5000         218325.438    
  -97874.5625         218330.500    
  -99260.2656         218335.922    
  -100712.883         218341.734    
  -102235.695         218347.844    
  -103835.195         218354.469    
  -105513.062         218361.391    
  -107274.164         218368.891    
  -109125.031         218376.812    
  -111067.305         218385.375    
  -113107.492         218394.406    
  -115250.516         218404.172    
  -117499.617         218414.500    
  -119861.344         218425.672    
  -122338.969         218437.641    
  -124938.992         218450.328    
  -127666.312         218464.031    
  -130522.578         218478.719    
  -133514.297         218494.422    
  -136646.406         218511.125    
  -139922.141         218529.109    
  -143346.375         218548.375    
  -146922.422         218568.984    
  -150651.891         218591.000    
  -154539.641         218614.562    
  -158588.984         218639.688    
  -162799.922         218666.547    
  -167175.688         218695.156    
  -171717.938         218725.750    
  -176426.641         218758.234    
  -181303.469         218792.781    
  -186346.766         218829.500    
  -191556.531         218868.594    
  -196932.750         218909.938    
  -202472.188         218953.734    
  -208176.469         219000.078    
  -214040.688         219049.188    
  -220061.562         219100.891    
  -226239.109         219155.453    
  -232566.812         219212.984    
  -239043.047         219273.406    
  -245662.859         219336.875    
  -252421.406         219403.516    
  -259317.016         219473.297    
  -266343.156         219546.562    
  -273495.000         219622.891    
  -280769.188         219702.594    
  -288159.250         219785.812    
  -295660.281         219872.359    
  -303270.625         219962.594    
  -310982.125         220056.203    
  -318791.531         220153.516    
  -326692.344         220254.281    
  -334682.875         220358.734    
  -342756.562         220466.906    
  -350908.625         220578.641    
  -359137.312         220694.188    
  -367436.125         220813.328    
  -375801.875         220936.172    
  -384231.219         221062.938    
  -392720.938         221193.234    
  -401264.375         221327.234    
  -409861.750         221465.094    
  -418509.625         221606.594    
  -427201.531         221751.766    
  -435939.031         221900.828    
  -444715.688         222053.500    
  -453531.562         222209.859    
  -462383.156         222369.953    
  -471269.031         222533.781    
  -480184.188         222701.391    
