   1.5961570e+01   1.4101063e+02
   1.5883804e+01   1.4101060e+02
   1.5806755e+01   1.4101056e+02
   1.5730554e+01   1.4101053e+02
   1.5655349e+01   1.4101049e+02
   1.5581310e+01   1.4101046e+02
   1.5508627e+01   1.4101042e+02
   1.5437513e+01   1.4101039e+02
   1.5368199e+01   1.4101036e+02
   1.5300931e+01   1.4101032e+02
   1.5235969e+01   1.4101029e+02
   1.5173574e+01   1.4101026e+02
   1.5114003e+01   1.4101023e+02
   1.5057498e+01   1.4101021e+02
   1.5004271e+01   1.4101018e+02
   1.4954493e+01   1.4101016e+02
   1.4908287e+01   1.4101014e+02
   1.4865716e+01   1.4101011e+02
   1.4826779e+01   1.4101010e+02
   1.4791414e+01   1.4101008e+02
   1.4759499e+01   1.4101006e+02
   1.4730862e+01   1.4101005e+02
   1.4705290e+01   1.4101004e+02
   1.4682542e+01   1.4101002e+02
   1.4662362e+01   1.4101001e+02
   1.4644487e+01   1.4101001e+02
   1.4628659e+01   1.4101000e+02
   1.4614631e+01   1.4100999e+02
   1.4602171e+01   1.4100998e+02
   1.4591068e+01   1.4100998e+02
   1.4581130e+01   1.4100997e+02
   1.4572189e+01   1.4100997e+02
   1.4564095e+01   1.4100997e+02
   1.4556718e+01   1.4100996e+02
   1.4549947e+01   1.4100996e+02
   1.4543686e+01   1.4100996e+02
   1.4537852e+01   1.4100995e+02
   1.4532377e+01   1.4100995e+02
   1.4527202e+01   1.4100995e+02
   1.4522276e+01   1.4100995e+02
   1.4517559e+01   1.4100994e+02
   1.4513017e+01   1.4100994e+02
   1.4508474e+01   1.4100994e+02
   1.4503931e+01   1.4100994e+02
   1.4499388e+01   1.4100993e+02
   1.4494845e+01   1.4100993e+02
   1.4490302e+01   1.4100993e+02
   1.4485760e+01   1.4100993e+02
   1.4481217e+01   1.4100992e+02
   1.4476674e+01   1.4100992e+02
   1.4472131e+01   1.4100992e+02
   1.4467588e+01   1.4100992e+02
   1.4463046e+01   1.4100992e+02
   1.4458503e+01   1.4100991e+02
   1.4453960e+01   1.4100991e+02
   1.4449417e+01   1.4100991e+02
   1.4444874e+01   1.4100991e+02
   1.4440331e+01   1.4100990e+02
   1.4435787e+01   1.4100990e+02
   1.4431243e+01   1.4100990e+02
   1.4426698e+01   1.4100990e+02
   1.4422154e+01   1.4100990e+02
   1.4417610e+01   1.4100989e+02
   1.4413066e+01   1.4100989e+02
   1.4408521e+01   1.4100989e+02
   1.4403977e+01   1.4100989e+02
   1.4399433e+01   1.4100988e+02
   1.4394888e+01   1.4100988e+02
   1.4390344e+01   1.4100988e+02
   1.4385800e+01   1.4100988e+02
   1.4381255e+01   1.4100988e+02
   1.4376711e+01   1.4100987e+02
   1.4372167e+01   1.4100987e+02
   1.4367622e+01   1.4100987e+02
   1.4363077e+01   1.4100987e+02
   1.4358531e+01   1.4100986e+02
   1.4353985e+01   1.4100986e+02
   1.4349439e+01   1.4100986e+02
   1.4344893e+01   1.4100986e+02
   1.4340348e+01   1.4100985e+02
   1.4335802e+01   1.4100985e+02
   1.4331256e+01   1.4100985e+02
   1.4326710e+01   1.4100985e+02
   1.4322165e+01   1.4100985e+02
   1.4317619e+01   1.4100984e+02
   1.4313073e+01   1.4100984e+02
   1.4308527e+01   1.4100984e+02
   1.4303981e+01   1.4100984e+02
   1.4299436e+01   1.4100983e+02
   1.4294890e+01   1.4100983e+02
   1.4290343e+01   1.4100983e+02
   1.4285795e+01   1.4100983e+02
   1.4281248e+01   1.4100983e+02
   1.4276701e+01   1.4100982e+02
   1.4272154e+01   1.4100982e+02
   1.4267606e+01   1.4100982e+02
   1.4263059e+01   1.4100982e+02
   1.4258512e+01   1.4100981e+02
   1.4253964e+01   1.4100981e+02
   1.4249417e+01   1.4100981e+02
   1.4244870e+01   1.4100981e+02
   1.4240323e+01   1.4100980e+02
   1.4235775e+01   1.4100980e+02
   1.4231228e+01   1.4100980e+02
   1.4226681e+01   1.4100980e+02
   1.4222134e+01   1.4100980e+02
   1.4217585e+01   1.4100979e+02
   1.4213036e+01   1.4100979e+02
   1.4208488e+01   1.4100979e+02
   1.4203939e+01   1.4100979e+02
   1.4199390e+01   1.4100978e+02
   1.4194841e+01   1.4100978e+02
   1.4190293e+01   1.4100978e+02
   1.4185744e+01   1.4100978e+02
   1.4181195e+01   1.4100978e+02
   1.4176646e+01   1.4100977e+02
   1.4172098e+01   1.4100977e+02
   1.4167549e+01   1.4100977e+02
   1.4163000e+01   1.4100977e+02
   1.4158452e+01   1.4100976e+02
   1.4153903e+01   1.4100976e+02
   1.4149354e+01   1.4100976e+02
   1.4144804e+01   1.4100976e+02
   1.4140254e+01   1.4100975e+02
   1.4135704e+01   1.4100975e+02
   1.4131153e+01   1.4100975e+02
   1.4126603e+01   1.4100975e+02
   1.4122053e+01   1.4100975e+02
   1.4117503e+01   1.4100974e+02
   1.4112953e+01   1.4100974e+02
   1.4108403e+01   1.4100974e+02
   1.4103852e+01   1.4100974e+02
   1.4099302e+01   1.4100973e+02
   1.4094752e+01   1.4100973e+02
   1.4090202e+01   1.4100973e+02
   1.4085652e+01   1.4100973e+02
   1.4081102e+01   1.4100972e+02
   1.4076551e+01   1.4100972e+02
   1.4072000e+01   1.4100972e+02
   1.4067448e+01   1.4100972e+02
   1.4062896e+01   1.4100972e+02
   1.4058345e+01   1.4100971e+02
   1.4053793e+01   1.4100971e+02
   1.4049242e+01   1.4100971e+02
   1.4044690e+01   1.4100971e+02
   1.4040138e+01   1.4100970e+02
   1.4035587e+01   1.4100970e+02
   1.4031035e+01   1.4100970e+02
   1.4026483e+01   1.4100970e+02
   1.4021932e+01   1.4100970e+02
   1.4017380e+01   1.4100969e+02
   1.4012829e+01   1.4100969e+02
   1.4008277e+01   1.4100969e+02
   1.4003725e+01   1.4100969e+02
   1.3999172e+01   1.4100968e+02
   1.3994619e+01   1.4100968e+02
   1.3990066e+01   1.4100968e+02
   1.3985513e+01   1.4100968e+02
   1.3980960e+01   1.4100967e+02
   1.3976407e+01   1.4100967e+02
   1.3971854e+01   1.4100967e+02
   1.3967301e+01   1.4100967e+02
   1.3962748e+01   1.4100967e+02
   1.3958195e+01   1.4100966e+02
   1.3953642e+01   1.4100966e+02
   1.3949089e+01   1.4100966e+02
   1.3944535e+01   1.4100966e+02
   1.3939982e+01   1.4100965e+02
   1.3935429e+01   1.4100965e+02
   1.3930876e+01   1.4100965e+02
   1.3926322e+01   1.4100965e+02
   1.3921767e+01   1.4100964e+02
   1.3917213e+01   1.4100964e+02
   1.3912658e+01   1.4100964e+02
   1.3908104e+01   1.4100964e+02
   1.3903549e+01   1.4100964e+02
   1.3898995e+01   1.4100963e+02
   1.3894440e+01   1.4100963e+02
   1.3889886e+01   1.4100963e+02
   1.3885331e+01   1.4100963e+02
   1.3880777e+01   1.4100962e+02
   1.3876222e+01   1.4100962e+02
   1.3871668e+01   1.4100962e+02
   1.3867113e+01   1.4100962e+02
   1.3862559e+01   1.4100961e+02
   1.3858004e+01   1.4100961e+02
   1.3853448e+01   1.4100961e+02
   1.3848892e+01   1.4100961e+02
   1.3844336e+01   1.4100961e+02
   1.3839780e+01   1.4100960e+02
   1.3835224e+01   1.4100960e+02
   1.3830669e+01   1.4100960e+02
   1.3826113e+01   1.4100960e+02
   1.3821557e+01   1.4100959e+02
   1.3817001e+01   1.4100959e+02
   1.3812445e+01   1.4100959e+02
   1.3807889e+01   1.4100959e+02
   1.3803333e+01   1.4100958e+02
   1.3798777e+01   1.4100958e+02
   1.3794221e+01   1.4100958e+02
   1.3789665e+01   1.4100958e+02
   1.3785109e+01   1.4100958e+02
   1.3780553e+01   1.4100957e+02
   1.3775858e+01   1.4100957e+02
   1.3771003e+01   1.4100957e+02
   1.3765961e+01   1.4100957e+02
   1.3760704e+01   1.4100956e+02
   1.3755199e+01   1.4100956e+02
   1.3749407e+01   1.4100956e+02
   1.3743285e+01   1.4100955e+02
   1.3736782e+01   1.4100955e+02
   1.3729843e+01   1.4100955e+02
   1.3722402e+01   1.4100954e+02
   1.3714386e+01   1.4100954e+02
   1.3705714e+01   1.4100953e+02
   1.3696294e+01   1.4100953e+02
   1.3686023e+01   1.4100952e+02
   1.3674788e+01   1.4100952e+02
   1.3662464e+01   1.4100951e+02
   1.3648916e+01   1.4100951e+02
   1.3633999e+01   1.4100950e+02
   1.3617557e+01   1.4100949e+02
   1.3599428e+01   1.4100948e+02
   1.3579442e+01   1.4100947e+02
   1.3557429e+01   1.4100946e+02
   1.3533219e+01   1.4100945e+02
   1.3506647e+01   1.4100943e+02
   1.3477560e+01   1.4100942e+02
   1.3445819e+01   1.4100940e+02
   1.3411306e+01   1.4100938e+02
   1.3373926e+01   1.4100936e+02
   1.3333616e+01   1.4100934e+02
   1.3290343e+01   1.4100932e+02
   1.3244106e+01   1.4100930e+02
   1.3194939e+01   1.4100927e+02
   1.3142906e+01   1.4100925e+02
   1.3088100e+01   1.4100922e+02
   1.3030640e+01   1.4100919e+02
   1.2970665e+01   1.4100916e+02
   1.2908328e+01   1.4100912e+02
   1.2843794e+01   1.4100909e+02
   1.2777233e+01   1.4100906e+02
   1.2708816e+01   1.4100902e+02
   1.2638711e+01   1.4100898e+02
   1.2567081e+01   1.4100895e+02
   1.2494082e+01   1.4100891e+02
   1.2419859e+01   1.4100887e+02
   1.2344548e+01   1.4100883e+02
   1.2268272e+01   1.4100879e+02
   1.2191146e+01   1.4100875e+02
   1.2113271e+01   1.4100871e+02
   1.2034739e+01   1.4100867e+02
   1.1955634e+01   1.4100863e+02
