   1.7041016e+01   1.4773498e+02
   1.7041020e+01   1.4764553e+02
   1.7041023e+01   1.4755715e+02
   1.7041027e+01   1.4747008e+02
   1.7041030e+01   1.4738466e+02
   1.7041033e+01   1.4730123e+02
   1.7041037e+01   1.4722023e+02
   1.7041040e+01   1.4714211e+02
   1.7041043e+01   1.4706736e+02
   1.7041045e+01   1.4699650e+02
   1.7041048e+01   1.4693000e+02
   1.7041050e+01   1.4686825e+02
   1.7041053e+01   1.4681156e+02
   1.7041055e+01   1.4676009e+02
   1.7041056e+01   1.4671384e+02
   1.7041058e+01   1.4667264e+02
   1.7041059e+01   1.4663621e+02
   1.7041061e+01   1.4660412e+02
   1.7041062e+01   1.4657592e+02
   1.7041063e+01   1.4655110e+02
   1.7041063e+01   1.4652916e+02
   1.7041064e+01   1.4650965e+02
   1.7041065e+01   1.4649213e+02
   1.7041065e+01   1.4647625e+02
   1.7041066e+01   1.4646170e+02
   1.7041067e+01   1.4644820e+02
   1.7041067e+01   1.4643556e+02
   1.7041067e+01   1.4642359e+02
   1.7041068e+01   1.4641214e+02
   1.7041068e+01   1.4640112e+02
   1.7041069e+01   1.4639043e+02
   1.7041069e+01   1.4637999e+02
   1.7041070e+01   1.4636956e+02
   1.7041070e+01   1.4635912e+02
   1.7041070e+01   1.4634868e+02
   1.7041071e+01   1.4633825e+02
   1.7041071e+01   1.4632781e+02
   1.7041072e+01   1.4631738e+02
   1.7041072e+01   1.4630694e+02
   1.7041072e+01   1.4629651e+02
   1.7041073e+01   1.4628618e+02
   1.7041073e+01   1.4627585e+02
   1.7041073e+01   1.4626552e+02
   1.7041074e+01   1.4625519e+02
   1.7041074e+01   1.4624486e+02
   1.7041075e+01   1.4623454e+02
   1.7041075e+01   1.4622421e+02
   1.7041075e+01   1.4621388e+02
   1.7041076e+01   1.4620366e+02
   1.7041076e+01   1.4619344e+02
   1.7041077e+01   1.4618321e+02
   1.7041077e+01   1.4617299e+02
   1.7041077e+01   1.4616277e+02
   1.7041078e+01   1.4615255e+02
   1.7041078e+01   1.4614233e+02
   1.7041079e+01   1.4613211e+02
   1.7041079e+01   1.4612199e+02
   1.7041079e+01   1.4611188e+02
   1.7041080e+01   1.4610176e+02
   1.7041080e+01   1.4609165e+02
   1.7041080e+01   1.4608153e+02
   1.7041081e+01   1.4607142e+02
   1.7041081e+01   1.4606130e+02
   1.7041082e+01   1.4605119e+02
   1.7041082e+01   1.4604118e+02
   1.7041082e+01   1.4603117e+02
   1.7041083e+01   1.4602117e+02
   1.7041083e+01   1.4601116e+02
   1.7041083e+01   1.4600115e+02
   1.7041084e+01   1.4599114e+02
   1.7041084e+01   1.4598114e+02
   1.7041085e+01   1.4597113e+02
   1.7041085e+01   1.4596123e+02
   1.7041085e+01   1.4595133e+02
   1.7041086e+01   1.4594143e+02
   1.7041086e+01   1.4593153e+02
   1.7041086e+01   1.4592163e+02
   1.7041087e+01   1.4591173e+02
   1.7041087e+01   1.4590183e+02
   1.7041088e+01   1.4589193e+02
   1.7041088e+01   1.4588213e+02
   1.7041088e+01   1.4587234e+02
   1.7041089e+01   1.4586254e+02
   1.7041089e+01   1.4585275e+02
   1.7041089e+01   1.4584296e+02
   1.7041090e+01   1.4583316e+02
   1.7041090e+01   1.4582337e+02
   1.7041090e+01   1.4581358e+02
   1.7041091e+01   1.4580389e+02
   1.7041091e+01   1.4579420e+02
   1.7041091e+01   1.4578452e+02
   1.7041092e+01   1.4577483e+02
   1.7041092e+01   1.4576514e+02
   1.7041093e+01   1.4575546e+02
   1.7041093e+01   1.4574577e+02
   1.7041093e+01   1.4573609e+02
   1.7041094e+01   1.4572651e+02
   1.7041094e+01   1.4571693e+02
   1.7041094e+01   1.4570735e+02
   1.7041095e+01   1.4569777e+02
   1.7041095e+01   1.4568819e+02
   1.7041095e+01   1.4567861e+02
   1.7041096e+01   1.4566903e+02
   1.7041096e+01   1.4565945e+02
   1.7041096e+01   1.4564992e+02
   1.7041097e+01   1.4564040e+02
   1.7041097e+01   1.4563087e+02
   1.7041098e+01   1.4562135e+02
   1.7041098e+01   1.4561182e+02
   1.7041098e+01   1.4560229e+02
   1.7041099e+01   1.4559277e+02
   1.7041099e+01   1.4558324e+02
   1.7041099e+01   1.4557372e+02
   1.7041100e+01   1.4556419e+02
   1.7041100e+01   1.4555466e+02
   1.7041100e+01   1.4554514e+02
   1.7041101e+01   1.4553561e+02
   1.7041101e+01   1.4552609e+02
   1.7041101e+01   1.4551656e+02
   1.7041102e+01   1.4550703e+02
   1.7041102e+01   1.4549751e+02
   1.7041102e+01   1.4548798e+02
   1.7041103e+01   1.4547846e+02
   1.7041103e+01   1.4546893e+02
   1.7041103e+01   1.4545940e+02
   1.7041104e+01   1.4544988e+02
   1.7041104e+01   1.4544035e+02
   1.7041104e+01   1.4543083e+02
   1.7041105e+01   1.4542130e+02
   1.7041105e+01   1.4541177e+02
   1.7041105e+01   1.4540225e+02
   1.7041106e+01   1.4539272e+02
   1.7041106e+01   1.4538320e+02
   1.7041106e+01   1.4537367e+02
   1.7041107e+01   1.4536414e+02
   1.7041107e+01   1.4535462e+02
   1.7041107e+01   1.4534509e+02
   1.7041108e+01   1.4533557e+02
   1.7041108e+01   1.4532604e+02
   1.7041108e+01   1.4531652e+02
   1.7041109e+01   1.4530699e+02
   1.7041109e+01   1.4529746e+02
   1.7041109e+01   1.4528794e+02
   1.7041110e+01   1.4527841e+02
   1.7041110e+01   1.4526889e+02
   1.7041110e+01   1.4525936e+02
   1.7041111e+01   1.4524983e+02
   1.7041111e+01   1.4524031e+02
   1.7041111e+01   1.4523078e+02
   1.7041112e+01   1.4522126e+02
   1.7041112e+01   1.4521173e+02
   1.7041112e+01   1.4520220e+02
   1.7041113e+01   1.4519268e+02
   1.7041113e+01   1.4518315e+02
   1.7041113e+01   1.4517363e+02
   1.7041114e+01   1.4516410e+02
   1.7041114e+01   1.4515458e+02
   1.7041114e+01   1.4514505e+02
   1.7041115e+01   1.4513552e+02
   1.7041115e+01   1.4512600e+02
   1.7041115e+01   1.4511647e+02
   1.7041115e+01   1.4510695e+02
   1.7041116e+01   1.4509742e+02
   1.7041116e+01   1.4508789e+02
   1.7041116e+01   1.4507837e+02
   1.7041117e+01   1.4506884e+02
   1.7041117e+01   1.4505932e+02
   1.7041117e+01   1.4504979e+02
   1.7041118e+01   1.4504026e+02
   1.7041118e+01   1.4503074e+02
   1.7041118e+01   1.4502121e+02
   1.7041119e+01   1.4501169e+02
   1.7041119e+01   1.4500216e+02
   1.7041119e+01   1.4499264e+02
   1.7041120e+01   1.4498311e+02
   1.7041120e+01   1.4497358e+02
   1.7041120e+01   1.4496406e+02
   1.7041120e+01   1.4495453e+02
   1.7041121e+01   1.4494501e+02
   1.7041121e+01   1.4493548e+02
   1.7041121e+01   1.4492596e+02
   1.7041122e+01   1.4491643e+02
   1.7041122e+01   1.4490690e+02
   1.7041122e+01   1.4489738e+02
   1.7041123e+01   1.4488785e+02
   1.7041123e+01   1.4487833e+02
   1.7041123e+01   1.4486880e+02
   1.7041124e+01   1.4485927e+02
   1.7041124e+01   1.4484975e+02
   1.7041124e+01   1.4484022e+02
   1.7041124e+01   1.4483070e+02
   1.7041125e+01   1.4482117e+02
   1.7041125e+01   1.4481165e+02
   1.7041125e+01   1.4480212e+02
   1.7041126e+01   1.4479259e+02
   1.7041126e+01   1.4478307e+02
   1.7041126e+01   1.4477354e+02
   1.7041127e+01   1.4476402e+02
   1.7041127e+01   1.4475449e+02
   1.7041127e+01   1.4474497e+02
   1.7041127e+01   1.4473544e+02
   1.7041128e+01   1.4472591e+02
   1.7041128e+01   1.4471639e+02
   1.7041128e+01   1.4470686e+02
   1.7041129e+01   1.4469734e+02
   1.7041129e+01   1.4468781e+02
   1.7041129e+01   1.4467829e+02
   1.7041129e+01   1.4466876e+02
   1.7041130e+01   1.4465923e+02
   1.7041130e+01   1.4464971e+02
   1.7041130e+01   1.4464018e+02
   1.7041131e+01   1.4463066e+02
   1.7041131e+01   1.4462113e+02
   1.7041131e+01   1.4461161e+02
   1.7041131e+01   1.4460208e+02
   1.7041132e+01   1.4459255e+02
   1.7041132e+01   1.4458303e+02
   1.7041132e+01   1.4457350e+02
   1.7041133e+01   1.4456398e+02
   1.7041133e+01   1.4455445e+02
   1.7041133e+01   1.4454493e+02
   1.7041133e+01   1.4453540e+02
   1.7041134e+01   1.4452587e+02
   1.7041134e+01   1.4451635e+02
   1.7041134e+01   1.4450682e+02
   1.7041135e+01   1.4449730e+02
   1.7041135e+01   1.4448777e+02
   1.7041135e+01   1.4447825e+02
   1.7041135e+01   1.4446872e+02
   1.7041136e+01   1.4445919e+02
   1.7041136e+01   1.4444967e+02
   1.7041136e+01   1.4444014e+02
   1.7041137e+01   1.4443062e+02
   1.7041137e+01   1.4442109e+02
   1.7041137e+01   1.4441157e+02
   1.7041137e+01   1.4440204e+02
   1.7041138e+01   1.4439251e+02
   1.7041138e+01   1.4438299e+02
   1.7041138e+01   1.4437346e+02
   1.7041139e+01   1.4436394e+02
   1.7041139e+01   1.4435441e+02
   1.7041139e+01   1.4434489e+02
   1.7041139e+01   1.4433536e+02
   1.7041140e+01   1.4432583e+02
   1.7041140e+01   1.4431631e+02
   1.7041140e+01   1.4430678e+02
   1.7041140e+01   1.4429726e+02
   1.7041141e+01   1.4428773e+02
   1.7041141e+01   1.4427821e+02
   1.7041141e+01   1.4426868e+02
   1.7041141e+01   1.4425916e+02
   1.7041142e+01   1.4424963e+02
   1.7041142e+01   1.4424010e+02
   1.7041142e+01   1.4423058e+02
   1.7041143e+01   1.4422105e+02
   1.7041143e+01   1.4421153e+02
   1.7041143e+01   1.4420200e+02
   1.7041143e+01   1.4419248e+02
   1.7041144e+01   1.4418295e+02
   1.7041144e+01   1.4417343e+02
   1.7041144e+01   1.4416390e+02
   1.7041144e+01   1.4415437e+02
   1.7041145e+01   1.4414485e+02
   1.7041145e+01   1.4413532e+02
   1.7041145e+01   1.4412580e+02
   1.7041145e+01   1.4411627e+02
   1.7041146e+01   1.4410675e+02
   1.7041146e+01   1.4409722e+02
   1.7041146e+01   1.4408770e+02
   1.7041147e+01   1.4407817e+02
   1.7041147e+01   1.4406864e+02
   1.7041147e+01   1.4405912e+02
   1.7041147e+01   1.4404959e+02
   1.7041148e+01   1.4404007e+02
   1.7041148e+01   1.4403054e+02
   1.7041148e+01   1.4402102e+02
   1.7041148e+01   1.4401149e+02
   1.7041149e+01   1.4400197e+02
   1.7041149e+01   1.4399244e+02
   1.7041149e+01   1.4398291e+02
   1.7041149e+01   1.4397339e+02
   1.7041150e+01   1.4396386e+02
   1.7041150e+01   1.4395434e+02
   1.7041150e+01   1.4394481e+02
   1.7041150e+01   1.4393529e+02
   1.7041151e+01   1.4392576e+02
   1.7041151e+01   1.4391624e+02
   1.7041151e+01   1.4390671e+02
   1.7041151e+01   1.4389718e+02
   1.7041152e+01   1.4388766e+02
   1.7041152e+01   1.4387813e+02
   1.7041152e+01   1.4386861e+02
   1.7041152e+01   1.4385908e+02
   1.7041153e+01   1.4384956e+02
   1.7041153e+01   1.4384003e+02
   1.7041153e+01   1.4383051e+02
   1.7041153e+01   1.4382098e+02
   1.7041154e+01   1.4381146e+02
   1.7041154e+01   1.4380193e+02
   1.7041154e+01   1.4379240e+02
   1.7041154e+01   1.4378288e+02
   1.7041155e+01   1.4377335e+02
   1.7041155e+01   1.4376383e+02
   1.7041155e+01   1.4375430e+02
   1.7041155e+01   1.4374478e+02
   1.7041156e+01   1.4373525e+02
   1.7041156e+01   1.4372573e+02
   1.7041156e+01   1.4371620e+02
   1.7041156e+01   1.4370668e+02
   1.7041157e+01   1.4369715e+02
   1.7041157e+01   1.4368762e+02
   1.7041157e+01   1.4367810e+02
   1.7041157e+01   1.4366857e+02
   1.7041158e+01   1.4365905e+02
   1.7041158e+01   1.4364952e+02
   1.7041158e+01   1.4364000e+02
   1.7041158e+01   1.4363047e+02
   1.7041158e+01   1.4362095e+02
   1.7041159e+01   1.4361142e+02
   1.7041159e+01   1.4360190e+02
   1.7041159e+01   1.4359237e+02
   1.7041159e+01   1.4358274e+02
   1.7041160e+01   1.4357300e+02
   1.7041160e+01   1.4356313e+02
   1.7041160e+01   1.4355311e+02
   1.7041160e+01   1.4354292e+02
   1.7041161e+01   1.4353255e+02
   1.7041161e+01   1.4352196e+02
   1.7041161e+01   1.4351114e+02
   1.7041161e+01   1.4350005e+02
   1.7041162e+01   1.4348867e+02
   1.7041162e+01   1.4347694e+02
   1.7041162e+01   1.4346484e+02
   1.7041163e+01   1.4345231e+02
   1.7041163e+01   1.4343932e+02
   1.7041163e+01   1.4342579e+02
   1.7041164e+01   1.4341168e+02
   1.7041164e+01   1.4339691e+02
   1.7041164e+01   1.4338142e+02
   1.7041165e+01   1.4336513e+02
   1.7041165e+01   1.4334795e+02
   1.7041166e+01   1.4332980e+02
   1.7041166e+01   1.4331059e+02
   1.7041167e+01   1.4329021e+02
   1.7041167e+01   1.4326856e+02
   1.7041168e+01   1.4324554e+02
   1.7041168e+01   1.4322104e+02
   1.7041169e+01   1.4319497e+02
   1.7041169e+01   1.4316720e+02
   1.7041170e+01   1.4313765e+02
   1.7041171e+01   1.4310622e+02
   1.7041172e+01   1.4307281e+02
   1.7041172e+01   1.4303737e+02
   1.7041173e+01   1.4299982e+02
   1.7041174e+01   1.4296011e+02
   1.7041175e+01   1.4291822e+02
   1.7041176e+01   1.4287411e+02
   1.7041177e+01   1.4282780e+02
   1.7041178e+01   1.4277930e+02
   1.7041179e+01   1.4272865e+02
   1.7041180e+01   1.4267589e+02
   1.7041181e+01   1.4262108e+02
   1.7041182e+01   1.4256431e+02
   1.7041184e+01   1.4250566e+02
   1.7041185e+01   1.4244521e+02
   1.7041186e+01   1.4238309e+02
   1.7041187e+01   1.4231938e+02
   1.7041189e+01   1.4225419e+02
   1.7041190e+01   1.4218763e+02
   1.7041191e+01   1.4211981e+02
   1.7041192e+01   1.4205082e+02
   1.7041194e+01   1.4198076e+02
   1.7041195e+01   1.4190973e+02
   1.7041196e+01   1.4183782e+02
   1.7041198e+01   1.4176510e+02
   1.7041199e+01   1.4169166e+02
   1.7041200e+01   1.4161757e+02
   1.7041201e+01   1.4154289e+02
   1.7041203e+01   1.4146768e+02
   1.7041204e+01   1.4139200e+02
   1.7041205e+01   1.4131589e+02
