   1.1220256e+01   1.4131287e+02
   1.1220256e+01   1.4138893e+02
   1.1220256e+01   1.4146457e+02
   1.1220256e+01   1.4153974e+02
   1.1220255e+01   1.4161438e+02
   1.1220255e+01   1.4168843e+02
   1.1220255e+01   1.4176183e+02
   1.1220255e+01   1.4183450e+02
   1.1220255e+01   1.4190638e+02
   1.1220255e+01   1.4197737e+02
   1.1220254e+01   1.4204738e+02
   1.1220254e+01   1.4211634e+02
   1.1220254e+01   1.4218412e+02
   1.1220254e+01   1.4225064e+02
   1.1220254e+01   1.4231580e+02
   1.1220254e+01   1.4237947e+02
   1.1220253e+01   1.4244156e+02
   1.1220253e+01   1.4250197e+02
   1.1220253e+01   1.4256059e+02
   1.1220253e+01   1.4261733e+02
   1.1220253e+01   1.4267211e+02
   1.1220253e+01   1.4272484e+02
   1.1220252e+01   1.4277547e+02
   1.1220252e+01   1.4282394e+02
   1.1220252e+01   1.4287022e+02
   1.1220252e+01   1.4291430e+02
   1.1220252e+01   1.4295618e+02
   1.1220252e+01   1.4299586e+02
   1.1220252e+01   1.4303339e+02
   1.1220252e+01   1.4306881e+02
   1.1220251e+01   1.4310220e+02
   1.1220251e+01   1.4313361e+02
   1.1220251e+01   1.4316315e+02
   1.1220251e+01   1.4319090e+02
   1.1220251e+01   1.4321696e+02
   1.1220251e+01   1.4324144e+02
   1.1220251e+01   1.4326445e+02
   1.1220251e+01   1.4328608e+02
   1.1220251e+01   1.4330645e+02
   1.1220251e+01   1.4332566e+02
   1.1220251e+01   1.4334380e+02
   1.1220251e+01   1.4336097e+02
   1.1220251e+01   1.4337725e+02
   1.1220251e+01   1.4339273e+02
   1.1220250e+01   1.4340749e+02
   1.1220250e+01   1.4342159e+02
   1.1220250e+01   1.4343511e+02
   1.1220250e+01   1.4344810e+02
   1.1220250e+01   1.4346062e+02
   1.1220250e+01   1.4347271e+02
   1.1220250e+01   1.4348443e+02
   1.1220250e+01   1.4349581e+02
   1.1220250e+01   1.4350689e+02
   1.1220250e+01   1.4351771e+02
   1.1220250e+01   1.4352828e+02
   1.1220250e+01   1.4353865e+02
   1.1220250e+01   1.4354883e+02
   1.1220250e+01   1.4355884e+02
   1.1220250e+01   1.4356871e+02
   1.1220250e+01   1.4357845e+02
   1.1220250e+01   1.4358807e+02
   1.1220250e+01   1.4359759e+02
   1.1220250e+01   1.4360711e+02
   1.1220250e+01   1.4361663e+02
   1.1220250e+01   1.4362615e+02
   1.1220250e+01   1.4363567e+02
   1.1220250e+01   1.4364519e+02
   1.1220250e+01   1.4365471e+02
   1.1220250e+01   1.4366423e+02
   1.1220250e+01   1.4367375e+02
   1.1220250e+01   1.4368327e+02
   1.1220249e+01   1.4369279e+02
   1.1220249e+01   1.4370231e+02
   1.1220249e+01   1.4371183e+02
   1.1220249e+01   1.4372135e+02
   1.1220249e+01   1.4373087e+02
   1.1220249e+01   1.4374039e+02
   1.1220249e+01   1.4374991e+02
   1.1220249e+01   1.4375943e+02
   1.1220249e+01   1.4376895e+02
   1.1220249e+01   1.4377847e+02
   1.1220249e+01   1.4378798e+02
   1.1220249e+01   1.4379750e+02
   1.1220249e+01   1.4380702e+02
   1.1220249e+01   1.4381654e+02
   1.1220249e+01   1.4382606e+02
   1.1220249e+01   1.4383558e+02
   1.1220249e+01   1.4384510e+02
   1.1220249e+01   1.4385462e+02
   1.1220249e+01   1.4386414e+02
   1.1220249e+01   1.4387366e+02
   1.1220249e+01   1.4388318e+02
   1.1220249e+01   1.4389270e+02
   1.1220249e+01   1.4390222e+02
   1.1220249e+01   1.4391174e+02
   1.1220249e+01   1.4392126e+02
   1.1220249e+01   1.4393078e+02
   1.1220249e+01   1.4394030e+02
   1.1220249e+01   1.4394982e+02
   1.1220248e+01   1.4395934e+02
   1.1220248e+01   1.4396886e+02
   1.1220248e+01   1.4397838e+02
   1.1220248e+01   1.4398790e+02
   1.1220248e+01   1.4399742e+02
   1.1220248e+01   1.4400694e+02
   1.1220248e+01   1.4401646e+02
   1.1220248e+01   1.4402598e+02
   1.1220248e+01   1.4403550e+02
   1.1220248e+01   1.4404502e+02
   1.1220248e+01   1.4405454e+02
   1.1220248e+01   1.4406406e+02
   1.1220248e+01   1.4407358e+02
   1.1220248e+01   1.4408310e+02
   1.1220248e+01   1.4409262e+02
   1.1220248e+01   1.4410214e+02
   1.1220248e+01   1.4411166e+02
   1.1220248e+01   1.4412117e+02
   1.1220248e+01   1.4413069e+02
   1.1220248e+01   1.4414021e+02
   1.1220248e+01   1.4414973e+02
   1.1220248e+01   1.4415925e+02
   1.1220248e+01   1.4416877e+02
   1.1220248e+01   1.4417829e+02
   1.1220248e+01   1.4418781e+02
   1.1220248e+01   1.4419733e+02
   1.1220247e+01   1.4420685e+02
   1.1220247e+01   1.4421637e+02
   1.1220247e+01   1.4422589e+02
   1.1220247e+01   1.4423541e+02
   1.1220247e+01   1.4424493e+02
   1.1220247e+01   1.4425445e+02
   1.1220247e+01   1.4426397e+02
   1.1220247e+01   1.4427349e+02
   1.1220247e+01   1.4428301e+02
   1.1220247e+01   1.4429253e+02
   1.1220247e+01   1.4430205e+02
   1.1220247e+01   1.4431157e+02
   1.1220247e+01   1.4432109e+02
   1.1220247e+01   1.4433061e+02
   1.1220247e+01   1.4434013e+02
   1.1220247e+01   1.4434965e+02
   1.1220247e+01   1.4435917e+02
   1.1220247e+01   1.4436869e+02
   1.1220247e+01   1.4437821e+02
   1.1220247e+01   1.4438773e+02
   1.1220247e+01   1.4439725e+02
   1.1220247e+01   1.4440677e+02
   1.1220247e+01   1.4441629e+02
   1.1220247e+01   1.4442581e+02
   1.1220247e+01   1.4443533e+02
   1.1220246e+01   1.4444485e+02
   1.1220246e+01   1.4445436e+02
   1.1220246e+01   1.4446388e+02
   1.1220246e+01   1.4447340e+02
   1.1220246e+01   1.4448292e+02
   1.1220246e+01   1.4449244e+02
   1.1220246e+01   1.4450196e+02
   1.1220246e+01   1.4451148e+02
   1.1220246e+01   1.4452100e+02
   1.1220246e+01   1.4453052e+02
   1.1220246e+01   1.4454004e+02
   1.1220246e+01   1.4454956e+02
   1.1220246e+01   1.4455908e+02
   1.1220246e+01   1.4456860e+02
   1.1220246e+01   1.4457812e+02
   1.1220246e+01   1.4458764e+02
   1.1220246e+01   1.4459716e+02
   1.1220246e+01   1.4460668e+02
   1.1220246e+01   1.4461620e+02
   1.1220246e+01   1.4462572e+02
   1.1220246e+01   1.4463524e+02
   1.1220246e+01   1.4464476e+02
   1.1220246e+01   1.4465428e+02
   1.1220245e+01   1.4466380e+02
   1.1220245e+01   1.4467332e+02
   1.1220245e+01   1.4468284e+02
   1.1220245e+01   1.4469236e+02
   1.1220245e+01   1.4470188e+02
   1.1220245e+01   1.4471140e+02
   1.1220245e+01   1.4472092e+02
   1.1220245e+01   1.4473044e+02
   1.1220245e+01   1.4473996e+02
   1.1220245e+01   1.4474948e+02
   1.1220245e+01   1.4475900e+02
   1.1220245e+01   1.4476852e+02
   1.1220245e+01   1.4477804e+02
   1.1220245e+01   1.4478756e+02
   1.1220245e+01   1.4479707e+02
   1.1220245e+01   1.4480659e+02
   1.1220245e+01   1.4481611e+02
   1.1220245e+01   1.4482563e+02
   1.1220245e+01   1.4483515e+02
   1.1220245e+01   1.4484467e+02
   1.1220245e+01   1.4485419e+02
   1.1220245e+01   1.4486371e+02
   1.1220244e+01   1.4487323e+02
   1.1220244e+01   1.4488275e+02
   1.1220244e+01   1.4489227e+02
   1.1220244e+01   1.4490179e+02
   1.1220244e+01   1.4491131e+02
   1.1220244e+01   1.4492083e+02
   1.1220244e+01   1.4493035e+02
   1.1220244e+01   1.4493987e+02
   1.1220244e+01   1.4494939e+02
   1.1220244e+01   1.4495891e+02
   1.1220244e+01   1.4496843e+02
   1.1220244e+01   1.4497795e+02
   1.1220244e+01   1.4498747e+02
   1.1220244e+01   1.4499699e+02
   1.1220244e+01   1.4500651e+02
   1.1220244e+01   1.4501603e+02
   1.1220244e+01   1.4502555e+02
   1.1220244e+01   1.4503507e+02
   1.1220244e+01   1.4504459e+02
   1.1220244e+01   1.4505411e+02
   1.1220243e+01   1.4506363e+02
   1.1220243e+01   1.4507315e+02
   1.1220243e+01   1.4508267e+02
   1.1220243e+01   1.4509219e+02
   1.1220243e+01   1.4510171e+02
   1.1220243e+01   1.4511123e+02
   1.1220243e+01   1.4512075e+02
   1.1220243e+01   1.4513027e+02
   1.1220243e+01   1.4513979e+02
   1.1220243e+01   1.4514930e+02
   1.1220243e+01   1.4515882e+02
   1.1220243e+01   1.4516834e+02
   1.1220243e+01   1.4517786e+02
   1.1220243e+01   1.4518738e+02
   1.1220243e+01   1.4519690e+02
   1.1220243e+01   1.4520642e+02
   1.1220243e+01   1.4521594e+02
   1.1220243e+01   1.4522546e+02
   1.1220243e+01   1.4523498e+02
   1.1220242e+01   1.4524450e+02
   1.1220242e+01   1.4525402e+02
   1.1220242e+01   1.4526354e+02
   1.1220242e+01   1.4527306e+02
   1.1220242e+01   1.4528258e+02
   1.1220242e+01   1.4529210e+02
   1.1220242e+01   1.4530162e+02
   1.1220242e+01   1.4531114e+02
   1.1220242e+01   1.4532066e+02
   1.1220242e+01   1.4533018e+02
   1.1220242e+01   1.4533970e+02
   1.1220242e+01   1.4534922e+02
   1.1220242e+01   1.4535874e+02
   1.1220242e+01   1.4536826e+02
   1.1220242e+01   1.4537778e+02
   1.1220242e+01   1.4538730e+02
   1.1220242e+01   1.4539682e+02
   1.1220242e+01   1.4540634e+02
   1.1220241e+01   1.4541586e+02
   1.1220241e+01   1.4542538e+02
   1.1220241e+01   1.4543490e+02
   1.1220241e+01   1.4544442e+02
   1.1220241e+01   1.4545394e+02
   1.1220241e+01   1.4546346e+02
   1.1220241e+01   1.4547298e+02
   1.1220241e+01   1.4548250e+02
   1.1220241e+01   1.4549202e+02
   1.1220241e+01   1.4550154e+02
   1.1220241e+01   1.4551105e+02
   1.1220241e+01   1.4552057e+02
   1.1220241e+01   1.4553009e+02
   1.1220241e+01   1.4553961e+02
   1.1220241e+01   1.4554913e+02
   1.1220241e+01   1.4555865e+02
   1.1220241e+01   1.4556817e+02
   1.1220241e+01   1.4557769e+02
   1.1220240e+01   1.4558721e+02
   1.1220240e+01   1.4559673e+02
   1.1220240e+01   1.4560625e+02
   1.1220240e+01   1.4561577e+02
   1.1220240e+01   1.4562529e+02
   1.1220240e+01   1.4563481e+02
   1.1220240e+01   1.4564433e+02
   1.1220240e+01   1.4565385e+02
   1.1220240e+01   1.4566342e+02
   1.1220240e+01   1.4567300e+02
   1.1220240e+01   1.4568257e+02
   1.1220240e+01   1.4569214e+02
   1.1220240e+01   1.4570172e+02
   1.1220240e+01   1.4571129e+02
   1.1220240e+01   1.4572086e+02
   1.1220240e+01   1.4573044e+02
   1.1220239e+01   1.4574012e+02
   1.1220239e+01   1.4574980e+02
   1.1220239e+01   1.4575948e+02
   1.1220239e+01   1.4576916e+02
   1.1220239e+01   1.4577884e+02
   1.1220239e+01   1.4578852e+02
   1.1220239e+01   1.4579820e+02
   1.1220239e+01   1.4580788e+02
   1.1220239e+01   1.4581766e+02
   1.1220239e+01   1.4582745e+02
   1.1220239e+01   1.4583724e+02
   1.1220239e+01   1.4584703e+02
   1.1220239e+01   1.4585681e+02
   1.1220239e+01   1.4586660e+02
   1.1220239e+01   1.4587639e+02
   1.1220239e+01   1.4588617e+02
   1.1220238e+01   1.4589607e+02
   1.1220238e+01   1.4590596e+02
   1.1220238e+01   1.4591586e+02
   1.1220238e+01   1.4592575e+02
   1.1220238e+01   1.4593564e+02
   1.1220238e+01   1.4594554e+02
   1.1220238e+01   1.4595543e+02
   1.1220238e+01   1.4596533e+02
   1.1220238e+01   1.4597533e+02
   1.1220238e+01   1.4598533e+02
   1.1220238e+01   1.4599533e+02
   1.1220238e+01   1.4600533e+02
   1.1220238e+01   1.4601533e+02
   1.1220238e+01   1.4602533e+02
   1.1220238e+01   1.4603533e+02
   1.1220237e+01   1.4604533e+02
   1.1220237e+01   1.4605544e+02
   1.1220237e+01   1.4606555e+02
   1.1220237e+01   1.4607566e+02
   1.1220237e+01   1.4608577e+02
   1.1220237e+01   1.4609587e+02
   1.1220237e+01   1.4610598e+02
   1.1220237e+01   1.4611609e+02
   1.1220237e+01   1.4612620e+02
   1.1220237e+01   1.4613641e+02
   1.1220237e+01   1.4614663e+02
   1.1220237e+01   1.4615684e+02
   1.1220237e+01   1.4616706e+02
   1.1220237e+01   1.4617727e+02
   1.1220236e+01   1.4618749e+02
   1.1220236e+01   1.4619770e+02
   1.1220236e+01   1.4620792e+02
   1.1220236e+01   1.4621824e+02
   1.1220236e+01   1.4622856e+02
   1.1220236e+01   1.4623888e+02
   1.1220236e+01   1.4624920e+02
   1.1220236e+01   1.4625952e+02
   1.1220236e+01   1.4626985e+02
   1.1220236e+01   1.4628017e+02
   1.1220236e+01   1.4629049e+02
   1.1220236e+01   1.4630092e+02
   1.1220236e+01   1.4631135e+02
   1.1220235e+01   1.4632178e+02
   1.1220235e+01   1.4633221e+02
   1.1220235e+01   1.4634263e+02
   1.1220235e+01   1.4635306e+02
   1.1220235e+01   1.4636349e+02
   1.1220235e+01   1.4637392e+02
   1.1220235e+01   1.4638435e+02
   1.1220235e+01   1.4639504e+02
   1.1220235e+01   1.4640605e+02
   1.1220235e+01   1.4641749e+02
   1.1220235e+01   1.4642945e+02
   1.1220235e+01   1.4644209e+02
   1.1220235e+01   1.4645557e+02
   1.1220234e+01   1.4647012e+02
   1.1220234e+01   1.4648599e+02
   1.1220234e+01   1.4650349e+02
   1.1220234e+01   1.4652300e+02
   1.1220234e+01   1.4654492e+02
   1.1220234e+01   1.4656972e+02
   1.1220233e+01   1.4659791e+02
   1.1220233e+01   1.4662997e+02
   1.1220233e+01   1.4666638e+02
   1.1220233e+01   1.4670755e+02
   1.1220232e+01   1.4675377e+02
   1.1220232e+01   1.4680521e+02
   1.1220231e+01   1.4686186e+02
   1.1220231e+01   1.4692357e+02
   1.1220230e+01   1.4699003e+02
   1.1220230e+01   1.4706084e+02
   1.1220229e+01   1.4713554e+02
   1.1220228e+01   1.4721361e+02
   1.1220228e+01   1.4729456e+02
   1.1220227e+01   1.4737793e+02
   1.1220226e+01   1.4746330e+02
   1.1220225e+01   1.4755031e+02
   1.1220224e+01   1.4763864e+02
   1.1220223e+01   1.4772803e+02
