         427
  -445414.188         342249.094    
  -445556.906         334362.469    
  -445698.250         326552.156    
  -445837.938         318833.031    
  -445975.688         311223.000    
  -446111.125         303742.969    
  -446243.938         296415.344    
  -446373.531         289266.562    
  -446499.469         282324.500    
  -446621.219         275619.000    
  -446736.625         269179.938    
  -446848.438         263037.375    
  -446954.500         257219.000    
  -447052.844         251748.109    
  -447144.625         246642.891    
  -447231.438         241914.656    
  -447309.875         237566.609    
  -447381.688         233593.594    
  -447448.781         229983.094    
  -447506.500         226715.703    
  -447560.219         223766.891    
  -447608.812         221108.266    
  -447651.188         218710.109    
  -447691.125         216541.891    
  -447727.531         214574.047    
  -447759.250         212779.141    
  -447789.969         211131.625    
  -447816.875         209608.969    
  -447843.562         208191.234    
  -447867.062         206861.109    
  -447889.281         205603.766    
  -447912.031         204406.797    
  -447932.312         203259.375    
  -447951.844         202152.906    
  -447970.812         201079.953    
  -447990.906         200034.406    
  -448008.969         199011.312    
  -448028.406         198006.594    
  -448046.094         197001.984    
  -448063.844         195997.250    
  -448081.594         194992.531    
  -448099.375         193987.828    
  -448118.719         192983.141    
  -448136.500         191978.438    
  -448155.875         190973.766    
  -448173.656         189969.062    
  -448191.344         188964.078    
  -448209.125         187958.953    
  -448228.500         186953.984    
  -448246.281         185949.000    
  -448263.969         184943.891    
  -448283.406         183938.922    
  -448301.156         182933.969    
  -448318.938         181928.891    
  -448336.688         180923.609    
  -448356.031         179918.234    
  -448373.812         178912.969    
  -448393.219         177907.594    
  -448410.969         176902.328    
  -448428.688         175896.953    
  -448446.438         174891.688    
  -448464.250         173886.328    
  -448483.625         172880.672    
  -448501.375         171875.000    
  -448520.781         170869.375    
  -448538.531         169863.812    
  -448556.344         168858.047    
  -448574.094         167852.391    
  -448593.500         166846.766    
  -448611.250         165841.219    
  -448629.000         164835.141    
  -448648.438         163829.219    
  -448666.156         162823.172    
  -448684.000         161817.203    
  -448701.688         160811.359    
  -448721.125         159805.344    
  -448738.875         158799.422    
  -448758.281         157793.406    
  -448776.062         156787.141    
  -448793.875         155780.797    
  -448811.594         154774.562    
  -448829.406         153768.219    
  -448848.812         152761.906    
  -448866.594         151755.688    
  -448886.000         150749.375    
  -448903.719         149743.156    
  -448921.531         148736.516    
  -448939.312         147729.875    
  -448958.750         146723.391    
  -448976.500         145716.750    
  -448995.938         144710.141    
  -449013.750         143703.422    
  -449031.438         142696.891    
  -449049.281         141690.281    
  -449067.062         140683.359    
  -449086.469         139676.453    
  -449104.250         138669.641    
  -449123.719         137662.641    
  -449141.438         136655.719    
  -449159.219         135648.812    
  -449177.031         134641.906    
  -449196.469         133634.906    
  -449214.250         132627.688    
  -449232.000         131620.469    
  -449249.844         130613.148    
  -449267.594         129605.930    
  -449287.000         128598.758    
  -449304.812         127591.453    
  -449324.219         126584.281    
  -449342.031         125577.078    
  -449359.844         124569.445    
  -449377.656         123561.945    
  -449397.062         122554.258    
  -449414.844         121546.742    
  -449434.281         120539.281    
  -449452.031         119531.664    
  -449469.875         118524.172    
  -449487.656         117516.570    
  -449505.469         116508.656    
  -449524.938         115500.773    
  -449542.750         114492.969    
  -449562.156         113485.000    
  -449579.938         112477.195    
  -449597.719         111469.297    
  -449615.531         110461.406    
  -449634.969         109453.531    
  -449652.812         108445.438    
  -449672.250         107437.148    
  -449690.062         106429.047    
  -449707.844         105420.742    
  -449725.688         104412.641    
  -449743.469         103404.352    
  -449762.875         102396.172    
  -449780.719         101387.977    
  -449800.156         100379.516    
  -449817.969         99371.0000    
  -449835.750         98362.5078    
  -449853.594         97353.8984    
  -449873.031         96345.4375    
  -449890.844         95336.9375    
  -449910.281         94328.4766    
  -449928.125         93319.8750    
  -449945.969         92311.0703    
  -449963.750         91302.2656    
  -449983.219         90293.3828    
  -450001.000         89284.4922    
  -450020.438         88275.8281    
  -450038.281         87266.9219    
  -450056.094         86258.1328    
  -450073.906         85249.2422    
  -450091.750         84240.0234    
  -450111.219         83231.0547    
  -450129.000         82221.8516    
  -450148.469         81212.6719    
  -450166.344         80203.5781    
  -450184.125         79194.3672    
  -450201.969         78185.1797    
  -450221.438         77176.1094    
  -450239.250         76166.5938    
  -450258.750         75157.1172    
  -450276.562         74147.7109    
  -450294.406         73138.2031    
  -450312.188         72128.6953    
  -450331.656         71119.3203    
  -450349.531         70109.8281    
  -450367.375         69100.3203    
  -450385.125         68090.6094    
  -450402.969         67080.6953    
  -450422.438         66070.9062    
  -450440.281         65061.1953    
  -450459.750         64051.4219    
  -450477.594         63041.6094    
  -450495.438         62031.8047    
  -450513.250         61021.9922    
  -450532.719         60011.9023    
  -450550.594         59001.7852    
  -450570.062         57991.6875    
  -450587.906         56981.5781    
  -450605.750         55971.4570    
  -450623.594         54961.3438    
  -450643.062         53951.2578    
  -450660.906         52941.1484    
  -450680.375         51930.7461    
  -450698.219         50920.2109    
  -450716.062         49909.8867    
  -450733.906         48899.3594    
  -450751.750         47889.0391    
  -450771.250         46878.5430    
  -450789.094         45868.1211    
  -450808.594         44857.7266    
  -450826.438         43846.9883    
  -450844.281         42836.2539    
  -450862.125         41825.5195    
  -450881.625         40814.8164    
  -450899.469         39803.9805    
  -450918.969         38793.2734    
  -450936.812         37782.5430    
  -450954.656         36771.7070    
  -450972.531         35760.7656    
  -450992.031         34749.6406    
  -451009.875         33738.5938    
  -451029.406         32727.4727    
  -451047.250         31716.5352    
  -451065.094         30705.3887    
  -451082.938         29694.3438    
  -451102.469         28683.2246    
  -451120.281         27671.8672    
  -451139.812         26660.4316    
  -451157.688         25649.0762    
  -451175.531         24637.7168    
  -451193.375         23626.3613    
  -451211.281         22615.0059    
  -451230.781         21603.5742    
  -451248.656         20592.2188    
  -451268.156         19580.4707    
  -451286.000         18568.7969    
  -451303.875         17557.1270    
  -451321.719         16545.3496    
  -451341.219         15533.7100    
  -451359.125         14522.0391    
  -451378.688         13510.1855    
  -451396.500         12498.5166    
  -451414.406         11486.5303    
  -451432.250         10474.4385    
  -451451.750         9462.48145    
  -451469.656         8450.49512    
  -451487.469         7438.40332    
  -451505.375         6426.31104    
  -451524.875         5414.35498    
  -451542.781         4402.36914    
  -451562.281         3389.98901    
  -451580.156         2377.68555    
  -451598.000         1365.38245    
  -451615.906         352.867188    
  -451635.438        -659.406921    
  -451653.344        -1671.71021    
  -451672.844        -2684.09033    
  -451690.719        -3696.39331    
  -451708.625        -4709.01514    
  -451726.500        -5721.74316    
  -451744.344        -6734.36475    
  -451763.906        -7747.06299    
  -451781.781        -8759.68555    
  -451801.344        -9772.38379    
  -451819.250        -10785.0078    
  -451837.125        -11797.7363    
  -451855.031        -12810.6777    
  -451874.531        -13823.6963    
  -451892.406        -14836.7432    
  -451911.969        -15849.6582    
  -451929.844        -16862.5996    
  -451947.750        -17875.5449    
  -451965.594        -18888.5918    
  -451985.156        -19901.6133    
  -452003.031        -20914.8770    
  -452022.594        -21928.1094    
  -452040.500        -22941.4805    
  -452058.375        -23954.8477    
  -452076.281        -24968.0117    
  -452095.875        -25981.3535    
  -452113.750        -26994.7246    
  -452133.250        -28008.0664    
  -452151.188        -29021.6504    
  -452169.094        -30035.3438    
  -452186.969        -31048.8262    
  -452206.531        -32062.4883    
  -452224.438        -33076.0781    
  -452244.000        -34089.7461    
  -452261.875        -35103.3359    
  -452279.781        -36117.0352    
  -452297.656        -37130.9414    
  -452317.219        -38144.8242    
  -452335.188        -39158.8438    
  -452354.719        -40172.7266    
  -452372.625        -41186.7461    
  -452390.500        -42200.6680    
  -452408.438        -43214.5781    
  -452428.000        -44228.5742    
  -452445.938        -45242.8086    
  -452465.469        -46257.0195    
  -452483.406        -47271.3633    
  -452501.312        -48285.6055    
  -452519.188        -49299.8438    
  -452537.125        -50314.0938    
  -452556.688        -51328.4062    
  -452574.594        -52342.6562    
  -452592.531        -53357.3203    
  -452610.406        -54371.8906    
  -452630.031        -55386.4297    
  -452647.938        -56401.1016    
  -452667.469        -57415.5430    
  -452685.406        -58430.1133    
  -452703.344        -59444.7930    
  -452721.250        -60459.3672    
  -452740.844        -61474.2266    
  -452758.750        -62489.2266    
  -452778.344        -63503.9961    
  -452796.250        -64519.0000    
  -452814.188        -65533.8945    
  -452832.156        -66548.9062    
  -452851.688        -67563.6719    
  -452869.625        -68578.5781    
  -452889.156        -69593.7812    
  -452907.156        -70609.0078    
  -452925.094        -71624.2266    
  -452943.000        -72639.5703    
  -452962.562        -73654.6641    
  -452980.500        -74670.0078    
  -453000.125        -75685.1172    
  -453018.031        -76700.4531    
  -453035.938        -77716.0078    
  -453053.875        -78731.4688    
  -453073.531        -79747.0000    
  -453091.438        -80762.6641    
  -453110.969        -81778.1016    
  -453128.906        -82793.6641    
  -453146.906        -83809.2422    
  -453164.844        -84824.8047    
  -453184.406        -85840.5625    
  -453202.344        -86856.4688    
  -453222.000        -87872.3438    
  -453239.938        -88888.2344    
  -453257.844        -89904.1406    
  -453275.781        -90920.0391    
  -453295.406        -91935.8047    
  -453313.344        -92951.7188    
  -453332.938        -93967.9219    
  -453350.844        -94984.0469    
  -453368.844        -96000.2812    
  -453386.812        -97016.5156    
  -453406.344        -98032.6250    
  -453424.375        -99048.8672    
  -453443.969        -100065.078    
  -453461.875        -101081.219    
  -453479.812        -102097.781    
  -453497.812        -103114.242    
  -453517.438        -104130.688    
  -453535.375        -105147.266    
  -453555.000        -106163.711    
  -453572.938        -107180.398    
  -453590.906        -108196.867    
  -453608.844        -109213.344    
  -453628.500        -110230.117    
  -453646.438        -111246.922    
  -453664.375        -112263.836    
  -453682.406        -113280.750    
  -453701.969        -114297.539    
  -453719.906        -115314.352    
  -453739.594        -116331.141    
  -453757.531        -117348.055    
  -453775.500        -118365.203    
  -453793.438        -119382.258    
  -453813.094        -120399.469    
  -453831.031        -121416.625    
  -453850.719        -122433.734    
  -453868.625        -123450.891    
  -453886.625        -124468.062    
  -453904.562        -125485.328    
  -453924.219        -126502.680    
  -453942.219        -127520.266    
  -453961.781        -128537.648    
  -453979.812        -129555.023    
  -453997.750        -130572.625    
  -454015.688        -131590.016    
  -454035.406        -132607.609    
  -454053.344        -133625.016    
  -454073.000        -134642.797    
  -454090.969        -135660.641    
  -454108.938        -136678.375    
  -454126.969        -137696.203    
  -454146.531        -138714.016    
  -454164.531        -139731.766    
  -454184.188        -140749.594    
  -454202.156        -141767.328    
  -454220.156        -142785.516    
  -454238.156        -143803.703    
  -454257.812        -144821.734    
  -454275.750        -145839.812    
  -454295.406        -146857.969    
  -454313.375        -147876.062    
  -454331.375        -148894.266    
  -454349.375        -149912.359    
  -454369.000        -150930.750    
  -454387.031        -151949.172    
  -454406.625        -152967.672    
  -454424.625        -153986.109    
  -454442.688        -155004.547    
  -454460.656        -156023.094    
  -454480.344        -157041.406    
  -454498.312        -158059.844    
  -454518.000        -159078.266    
  -454536.312        -160115.484    
  -454555.062        -161175.625    
  -454574.250        -162263.984    
  -454595.688        -163386.359    
  -454616.312        -164550.656    
  -454639.438        -165765.625    
  -454662.000        -167042.250    
  -454685.844        -168393.219    
  -454712.938        -169833.828    
  -454740.375        -171381.562    
  -454771.594        -173056.875    
  -454805.500        -174882.906    
  -454840.875        -176885.594    
  -454881.562        -179093.172    
  -454926.344        -181535.609    
  -454974.250        -184244.234    
  -455030.688        -187249.594    
  -455089.562        -190580.375    
  -455157.875        -194261.828    
  -455231.219        -198313.672    
  -455311.219        -202748.969    
  -455399.750        -207572.656    
  -455495.219        -212781.375    
  -455597.125        -218363.938    
  -455705.469        -224301.734    
  -455819.531        -230570.656    
  -455937.438        -237142.516    
  -456063.375        -243986.922    
  -456191.969        -251072.828    
  -456326.000        -258369.828    
  -456461.531        -265849.406    
  -456599.906        -273485.031    
  -456742.250        -281253.125    
  -456886.625        -289132.906    
  -457030.906        -297105.906    
  -457178.312        -305156.719    
         381
  -457178.312        -305156.719    
  -448874.000        -305302.250    
  -440616.344        -305444.344    
  -432410.250        -305582.938    
  -424260.750        -305718.094    
  -416176.188        -305849.562    
  -408163.188        -305977.344    
  -400228.469        -306101.438    
  -392380.312        -306221.781    
  -384630.344        -306338.281    
  -376987.000        -306451.000    
  -369458.625        -306559.719    
  -362058.406        -306664.469    
  -354794.812        -306765.219    
  -347681.094        -306861.906    
  -340728.938        -306954.531    
  -333950.062        -307043.125    
  -327354.375        -307127.531    
  -320953.625        -307207.812    
  -314759.406        -307284.000    
  -308778.438        -307356.188    
  -303020.688        -307424.344    
  -297492.812        -307488.656    
  -292199.844        -307549.062    
  -287146.781        -307605.719    
  -282333.594        -307658.750    
  -277762.000        -307708.312    
  -273428.594        -307754.562    
  -269331.781        -307797.594    
  -265463.219        -307837.656    
  -261817.906        -307874.938    
  -258389.156        -307909.469    
  -255163.656        -307941.531    
  -252133.094        -307971.281    
  -249287.438        -307998.875    
  -246615.078        -308024.531    
  -244102.656        -308048.375    
  -241740.188        -308070.562    
  -239515.984        -308091.312    
  -237420.062        -308110.656    
  -235439.109        -308128.750    
  -233563.094        -308145.844    
  -231787.047        -308161.812    
  -230095.984        -308176.906    
  -228484.891        -308191.312    
  -226945.438        -308204.906    
  -225469.281        -308217.812    
  -224049.781        -308230.188    
  -222683.578        -308241.969    
  -221362.375        -308253.312    
  -220082.844        -308264.250    
  -218841.609        -308274.812    
  -217630.359        -308285.031    
  -216449.094        -308295.000    
  -215296.172        -308304.594    
  -214163.234        -308314.031    
  -213051.953        -308323.188    
  -211958.969        -308332.188    
  -210881.047        -308341.031    
  -209818.078        -308349.688    
  -208766.766        -308358.156    
  -207727.125        -308366.594    
  -206687.484        -308374.938    
  -205649.500        -308383.219    
  -204609.875        -308391.469    
  -203570.234        -308399.688    
  -202530.562        -308407.812    
  -201490.922        -308415.969    
  -200451.281        -308424.062    
  -199411.641        -308432.094    
  -198371.984        -308440.094    
  -197332.359        -308448.156    
  -196292.703        -308456.094    
  -195254.719        -308463.969    
  -194215.078        -308471.781    
  -193175.422        -308479.625    
  -192135.797        -308487.344    
  -191096.141        -308495.062    
  -190056.484        -308502.719    
  -189016.844        -308510.344    
  -187977.172        -308517.938    
  -186939.219        -308525.469    
  -185899.547        -308532.969    
  -184859.906        -308540.438    
  -183820.266        -308547.844    
  -182780.609        -308555.219    
  -181740.953        -308562.562    
  -180702.969        -308569.875    
  -179663.344        -308577.094    
  -178623.656        -308584.312    
  -177584.016        -308591.500    
  -176544.359        -308598.594    
  -175504.719        -308605.688    
  -174465.062        -308612.719    
  -173425.391        -308619.719    
  -172385.750        -308626.688    
  -171346.094        -308633.594    
  -170306.438        -308640.469    
  -169268.453        -308647.312    
  -168228.797        -308654.219    
  -167189.125        -308660.938    
  -166149.469        -308667.656    
  -165109.828        -308674.312    
  -164070.156        -308680.969    
  -163030.516        -308687.531    
  -161990.859        -308694.062    
  -160951.188        -308700.562    
  -159911.547        -308707.031    
  -158873.547        -308713.406    
  -157833.891        -308719.781    
  -156794.219        -308726.125    
  -155754.578        -308732.406    
  -154714.906        -308738.656    
  -153675.250        -308744.844    
  -152635.594        -308751.031    
  -151595.938        -308757.125    
  -150557.922        -308763.219    
  -149518.266        -308769.250    
  -148478.625        -308775.250    
  -147438.938        -308781.219    
  -146399.281        -308787.125    
  -145359.625        -308793.000    
  -144321.641        -308798.812    
  -143281.969        -308804.625    
  -142242.297        -308810.375    
  -141202.641        -308816.156    
  -140162.969        -308821.812    
  -139123.312        -308827.438    
  -138083.656        -308833.000    
  -137043.984        -308838.562    
  -136004.328        -308844.062    
  -134964.656        -308849.531    
  -133926.656        -308854.906    
  -132886.984        -308860.281    
  -131847.328        -308865.594    
  -130807.656        -308870.906    
  -129767.992        -308876.156    
  -128728.328        -308881.344    
  -127688.672        -308886.500    
  -126649.008        -308891.625    
  -125609.328        -308896.719    
  -124569.656        -308901.750    
  -123531.656        -308906.719    
  -122491.992        -308911.656    
  -121452.320        -308916.562    
  -120412.641        -308921.438    
  -119372.984        -308926.281    
  -118333.305        -308931.062    
  -117293.648        -308935.781    
  -116253.984        -308940.500    
  -115214.305        -308945.281    
  -114176.305        -308949.875    
  -113136.633        -308954.438    
  -112096.969        -308958.969    
  -111057.297        -308963.500    
  -110017.617        -308967.875    
  -108979.625        -308972.312    
  -107939.953        -308976.688    
  -106900.281        -308981.000    
  -105860.602        -308985.281    
  -104820.930        -308989.531    
  -103781.250        -308993.719    
  -102741.594        -308997.875    
  -101701.914        -309001.969    
  -100662.250        -309006.062    
  -99622.5781        -309010.094    
  -98584.5625        -309014.094    
  -97544.8984        -309018.031    
  -96505.2188        -309021.969    
  -95465.5469        -309025.781    
  -94425.8672        -309029.625    
  -93386.1953        -309033.406    
  -92346.5156        -309037.156    
  -91306.8438        -309040.938    
  -90267.1797        -309044.562    
  -89227.5078        -309048.156    
  -88187.8281        -309051.781    
  -87149.8203        -309055.281    
  -86110.1406        -309058.781    
  -85070.4688        -309062.219    
  -84030.7891        -309065.625    
  -82991.1172        -309068.969    
  -81951.4453        -309072.281    
  -80911.7656        -309075.562    
  -79872.0859        -309078.844    
  -78832.4141        -309082.031    
  -77792.7344        -309085.188    
  -76754.7266        -309088.281    
  -75715.0469        -309091.344    
  -74675.3672        -309094.375    
  -73637.3672        -309097.344    
  -72597.6875        -309100.281    
  -71558.0000        -309103.188    
  -70518.3359        -309106.062    
  -69478.6484        -309108.844    
  -68438.9688        -309111.750    
  -67399.2969        -309114.469    
  -66359.6172        -309117.156    
  -65319.9414        -309119.812    
  -64280.2656        -309122.406    
  -63240.5898        -309125.000    
  -62202.5703        -309127.500    
  -61162.8945        -309130.000    
  -60123.2109        -309132.438    
  -59083.5352        -309134.844    
  -58043.8555        -309137.219    
  -57004.1797        -309139.500    
  -55964.5039        -309141.812    
  -54924.8242        -309144.000    
  -53885.1445        -309146.219    
  -52845.4648        -309148.344    
  -51807.4492        -309150.438    
  -50767.7695        -309152.531    
  -49728.0820        -309154.562    
  -48688.4102        -309156.531    
  -47648.7305        -309158.562    
  -46609.0508        -309160.469    
  -45569.3711        -309162.312    
  -44529.6914        -309164.156    
  -43490.0117        -309165.906    
  -42450.3281        -309167.625    
  -41412.3125        -309169.312    
  -40372.6328        -309170.969    
  -39332.9531        -309172.594    
  -38293.2734        -309174.156    
  -37255.2578        -309175.656    
  -36215.5781        -309177.125    
  -35175.8945        -309178.562    
  -34136.2148        -309179.969    
  -33096.5352        -309181.344    
  -32056.8555        -309182.625    
  -31017.1719        -309183.875    
  -29977.4922        -309185.125    
  -28937.8086        -309186.312    
  -27898.1309        -309187.656    
  -26860.1133        -309188.750    
  -25820.4316        -309189.844    
  -24780.7500        -309190.844    
  -23741.0703        -309191.812    
  -22701.3887        -309192.781    
  -21661.7070        -309193.656    
  -20622.0234        -309194.500    
  -19582.3418        -309195.312    
  -18542.6621        -309196.062    
  -17502.9785        -309196.812    
  -16464.9629        -309197.469    
  -15425.2832        -309198.156    
  -14385.5996        -309198.719    
  -13345.9189        -309199.281    
  -12306.2363        -309199.812    
  -11266.5537        -309200.281    
  -10226.8721        -309200.719    
  -9187.19043        -309201.188    
  -8147.50830        -309201.531    
  -7107.82617        -309201.875    
  -6068.14453        -309202.125    
  -5030.12842        -309202.344    
  -3990.44629        -309202.500    
  -2950.76416        -309202.656    
  -1911.08240        -309202.750    
  -871.400208        -309202.844    
   168.281876        -309202.844    
   1206.29785        -309202.812    
   2245.97974        -309202.750    
   3285.66187        -309202.656    
   4325.34424        -309202.500    
   5365.02539        -309202.281    
   6404.70801        -309202.031    
   7444.39014        -309201.750    
   8482.40625        -309201.438    
   9522.08887        -309201.188    
   10561.7695        -309200.812    
   11601.4521        -309200.344    
   12641.1338        -309199.812    
   13680.8164        -309199.281    
   14720.4971        -309198.750    
   15760.1807        -309198.156    
   16799.8613        -309197.469    
   17844.5410        -309196.781    
   18890.8867        -309196.062    
   19935.5684        -309195.250    
   20980.2480        -309194.438    
   22026.5938        -309193.562    
   23071.2734        -309192.656    
   24115.9531        -309191.688    
   25162.3008        -309190.688    
   26220.3105        -309189.750    
   27276.6562        -309188.625    
   28332.9941        -309187.531    
   29391.0059        -309186.312    
   30447.3477        -309185.094    
   31503.6895        -309183.844    
   32561.6973        -309182.531    
   33618.0430        -309181.156    
   34686.0469        -309179.781    
   35755.7188        -309178.312    
   36823.7227        -309176.781    
   37893.3945        -309175.250    
   38961.4023        -309173.656    
   40029.4062        -309172.031    
   41099.0781        -309170.375    
   42167.0820        -309168.625    
   43248.4180        -309166.969    
   44328.0859        -309165.125    
   45409.4219        -309163.250    
   46489.0898        -309161.344    
   47568.7539        -309159.344    
   48650.0859        -309157.344    
   49729.7500        -309155.281    
   50811.0859        -309153.188    
   51902.4258        -309151.000    
   52995.4180        -309148.812    
   54086.7500        -309146.531    
   55178.0742        -309144.250    
   56271.0781        -309141.875    
   57362.4023        -309139.469    
   58453.7344        -309137.031    
   59546.7305        -309134.625    
   60649.7148        -309132.062    
   61754.3789        -309129.438    
   62857.3711        -309126.781    
   63962.0352        -309124.031    
   65065.0156        -309121.312    
   66169.6797        -309118.500    
   67272.6719        -309115.688    
   68377.3359        -309112.781    
   69491.9844        -309109.812    
   70608.2969        -309106.750    
   71722.9531        -309103.688    
   72837.6094        -309100.562    
   73953.9297        -309097.375    
   75068.5859        -309094.281    
   76183.2422        -309091.031    
   77299.5547        -309087.688    
   78427.5391        -309084.312    
   79553.8594        -309080.875    
   80680.1719        -309077.375    
   81808.1562        -309073.812    
   82934.4688        -309070.250    
   84062.4453        -309066.562    
   85188.7656        -309062.906    
   86316.7422        -309059.125    
   87454.7188        -309055.344    
   88594.3594        -309051.438    
   89732.3438        -309047.625    
   90871.9844        -309043.625    
   92009.9609        -309039.594    
   93147.9453        -309035.531    
   94287.5859        -309031.375    
   95425.5625        -309027.219    
   96565.2031        -309023.000    
   97731.5078        -309018.594    
   98934.4531        -309014.000    
   100184.062        -309009.188    
   101488.656        -309004.094    
   102869.875        -308998.625    
   104341.078        -308992.750    
   105930.594        -308986.344    
   107663.359        -308979.219    
   109574.438        -308971.188    
   111703.766        -308962.062    
   114098.000        -308951.594    
   116805.477        -308939.469    
   119884.484        -308925.500    
   123385.031        -308909.031    
   127360.438        -308889.719    
   131855.672        -308867.156    
   136902.375        -308841.000    
   142518.891        -308810.656    
   148705.219        -308775.875    
   155443.016        -308736.219    
   162700.625        -308691.625    
   170431.406        -308641.750    
   178588.688        -308586.750    
   187112.500        -308526.531    
   195951.172        -308461.000    
   205054.734        -308390.469    
   214376.531        -308314.906    
   223876.547        -308234.438    
   233521.469        -308149.156    
   243281.312        -308059.188    
         427
   243281.312        -308059.188    
   243213.828        -300007.656    
   243148.734        -292033.812    
   243084.531        -284153.469    
   243019.703        -276384.438    
   242957.797        -268747.969    
   242895.656        -261267.703    
   242835.281        -253970.000    
   242776.844        -246883.406    
   242719.078        -240038.469    
   242665.500        -233465.875    
   242614.750        -227196.438    
   242563.828        -221258.078    
   242517.906        -215674.984    
   242475.516        -210465.734    
   242436.734        -205641.516    
   242399.953        -201205.906    
   242366.766        -197153.688    
   242335.438        -193471.891    
   242309.031        -190140.750    
   242284.047        -187135.234    
   242261.859        -184426.359    
   242242.172        -181983.547    
   242223.031        -179775.781    
   242205.875        -177772.922    
   242191.984        -175946.703    
   242177.875        -174271.234    
   242164.953        -172723.297    
   242153.031        -171282.703    
   242141.984        -169931.531    
   242131.609        -168654.734    
   242120.156        -167439.594    
   242110.844        -166275.219    
   242101.953        -165152.672    
   242093.359        -164064.375    
   242085.031        -163004.094    
   242075.266        -161966.844    
   242067.344        -160948.266    
   242059.422        -159929.672    
   242049.797        -158911.203    
   242041.891        -157892.625    
   242033.938        -156874.047    
   242026.016        -155855.484    
   242018.078        -154836.906    
   242008.516        -153818.375    
   242000.531        -152800.031    
   241992.625        -151781.672    
   241983.031        -150763.469    
   241975.109        -149745.234    
   241967.188        -148727.000    
   241957.594        -147708.812    
   241949.672        -146690.594    
   241941.766        -145672.375    
   241933.781        -144654.156    
   241925.875        -143636.281    
   241916.297        -142618.297    
   241908.359        -141600.422    
   241898.781        -140582.562    
   241890.875        -139564.672    
   241882.891        -138546.703    
   241873.328        -137528.875    
   241865.406        -136511.000    
   241857.500        -135493.344    
   241849.547        -134475.828    
   241841.625        -133458.172    
   241832.062        -132440.656    
   241824.125        -131423.125    
   241816.203        -130405.500    
   241806.609        -129387.992    
   241798.688        -128370.375    
   241790.750        -127353.070    
   241781.172        -126335.789    
   241773.266        -125318.586    
   241765.344        -124301.305    
   241757.422        -123284.016    
   241749.484        -122266.844    
   241739.906        -121249.562    
   241732.000        -120232.281    
   241724.047        -119215.336    
   241714.516        -118198.375    
   241706.562        -117181.539    
   241698.641        -116164.586    
   241689.078        -115147.562    
   241681.156        -114130.719    
   241673.250        -113113.781    
   241665.297        -112096.844    
   241655.734        -111080.234    
   241647.812        -110063.516    
   241639.891        -109046.906    
   241630.328        -108030.320    
   241622.406        -107013.703    
   241614.500        -105997.102    
   241604.922        -104980.523    
   241597.016        -103963.922    
   241589.062        -102947.641    
   241581.172        -101931.266    
   241573.250        -100914.992    
   241563.688        -99898.7422    
   241555.750        -98882.3672    
   241547.859        -97866.1016    
   241538.281        -96849.8516    
   241530.344        -95833.6016    
   241522.453        -94817.6641    
   241512.891        -93801.6328    
   241504.969        -92785.7031    
   241497.047        -91769.6641    
   241489.141        -90753.6250    
   241481.219        -89737.7031    
   241471.672        -88721.7891    
   241463.734        -87705.8672    
   241454.188        -86690.1719    
   241446.281        -85674.4688    
   241438.359        -84658.8750    
   241428.766        -83643.1875    
   241420.875        -82627.4844    
   241412.984        -81611.8984    
   241403.422        -80596.2188    
   241397.141        -79580.5078    
   241387.578        -78565.2500    
   241379.656        -77549.8906    
   241371.750        -76534.6172    
   241362.172        -75519.2734    
   241354.281        -74504.0078    
   241346.375        -73488.6484    
   241336.797        -72473.1953    
   241328.922        -71457.9375    
   241321.000        -70442.9062    
   241311.453        -69427.8828    
   241305.188        -68412.9375    
   241295.625        -67397.9141    
   241287.703        -66382.8828    
   241279.812        -65367.8555    
   241270.250        -64352.8398    
   241262.359        -63337.9180    
   241254.438        -62323.1055    
   241244.875        -61308.5234    
   241236.984        -60293.8164    
   241227.438        -59279.0195    
   241219.531        -58264.4258    
   241211.609        -57249.7266    
   241203.688        -56235.1406    
   241195.797        -55220.3281    
   241186.266        -54205.9688    
   241178.344        -53191.5898    
   241170.453        -52177.2148    
   241160.891        -51162.8633    
   241153.000        -50148.4883    
   241145.078        -49134.1133    
   241135.547        -48119.7656    
   241127.656        -47105.3945    
   241119.734        -46091.3438    
   241111.844        -45077.2969    
   241103.938        -44063.2500    
   241094.391        -43049.2188    
   241086.469        -42035.1758    
   241078.578        -41021.1328    
   241069.016        -40007.1055    
   241061.125        -38993.0586    
   241053.234        -37979.2344    
   241043.672        -36965.5312    
   241035.781        -35951.8047    
   241027.891        -34938.0898    
   241019.969        -33924.2617    
   241012.078        -32910.6484    
   241002.547        -31896.9492    
   240994.625        -30883.2324    
   240985.094        -29869.7422    
   240977.203        -28856.3477    
   240969.281        -27842.9512    
   240959.734        -26829.5703    
   240951.859        -25816.0703    
   240943.969        -24802.6758    
   240936.078        -23789.2832    
   240928.156        -22775.8887    
   240918.609        -21762.7266    
   240910.734        -20749.7578    
   240902.844        -19736.5781    
   240893.297        -18723.5215    
   240885.375        -17710.4492    
   240877.516        -16697.2734    
   240867.953        -15684.3232    
   240860.094        -14671.1455    
   240852.172        -13658.5000    
   240844.281        -12645.6416    
   240836.391        -11632.8906    
   240826.859        -10620.0479    
   240818.969        -9607.40332    
   240811.078        -8594.54688    
   240801.531        -7581.81250    
   240793.641        -6568.95508    
   240785.734        -5556.52344    
   240776.188        -4544.10693    
   240768.328        -3531.67480    
   240758.797        -2519.25879    
   240752.516        -1506.81165    
   240742.984        -494.289490    
   240735.125         518.142151    
   240727.234         1530.57373    
   240717.719         2542.77783    
   240709.797         3554.89160    
   240701.922         4567.00537    
   240692.375         5579.10352    
   240684.516         6591.21826    
   240676.594         7603.33203    
   240667.078         8615.53613    
   240660.812         9627.66602    
   240651.281         10639.4482    
   240643.422         11651.2441    
   240635.531         12663.0420    
   240625.984         13674.8242    
   240618.125         14686.6221    
   240610.203         15698.5283    
   240600.703         16710.3105    
   240592.812         17722.1094    
   240584.922         18733.5898    
   240575.406         19745.0566    
   240569.141         20756.5547    
   240559.594         21768.1289    
   240551.734         22779.6133    
   240542.203         23791.0801    
   240534.344         24802.5625    
   240526.453         25814.0508    
   240516.938         26825.2031    
   240509.047         27836.3711    
   240501.156         28847.5391    
   240491.625         29858.8008    
   240483.734         30869.8633    
   240475.875         31881.0352    
   240467.984         32892.3164    
   240460.109         33903.4883    
   240450.609         34914.2227    
   240442.719         35925.1875    
   240434.828         36935.9336    
   240425.281         37946.7812    
   240417.391         38957.7422    
   240409.531         39968.5000    
   240400.000         40979.3477    
   240392.141         41990.3125    
   240384.281         43000.7500    
   240376.391         44011.4062    
   240368.500         45021.8516    
   240358.984         46032.2734    
   240351.094         47042.9297    
   240343.203         48053.3750    
   240333.688         49064.0195    
   240325.828         50074.4648    
   240316.312         51084.7930    
   240308.438         52094.9258    
   240300.547         53105.0547    
   240291.031         54115.3945    
   240284.812         55125.5391    
   240275.281         56135.7695    
   240267.422         57146.0156    
   240259.562         58156.2578    
   240250.016         59166.0742    
   240242.156         60176.0039    
   240234.266         61185.9336    
   240224.750         62195.8477    
   240216.891         63205.6758    
   240209.031         64215.6172    
   240199.484         65225.4375    
   240191.625         66235.4766    
   240183.734         67245.0000    
   240175.875         68254.6250    
   240167.984         69264.1484    
   240158.484         70273.7578    
   240150.641         71283.2812    
   240142.750         72292.9219    
   240133.250         73302.4297    
   240125.359         74312.0703    
   240117.500         75321.2812    
   240107.984         76330.4844    
   240100.125         77339.8125    
   240092.266         78349.0234    
   240084.375         79358.2422    
   240074.859         80367.4609    
   240067.000         81376.7891    
   240059.141         82386.0156    
   240049.625         83395.0156    
   240041.734         84403.9375    
   240033.875         85412.8516    
   240024.359         86421.7500    
   240016.469         87430.7812    
   240008.641         88439.6953    
   239999.125         89448.6094    
   239992.891         90457.5469    
   239983.375         91466.2500    
   239975.516         92474.7500    
   239967.656         93483.4766    
   239958.172         94492.0781    
   239950.312         95500.7031    
   239942.422         96509.3359    
   239932.906         97517.8359    
   239925.047         98526.5625    
   239917.188         99534.7734    
   239907.672         100543.188    
   239901.469         101551.406    
   239891.953         102559.703    
   239884.094         103568.031    
   239874.609         104576.336    
   239866.719         105584.664    
   239858.859         106593.000    
   239849.344         107600.883    
   239841.516         108608.906    
   239833.625         109616.922    
   239824.141         110624.938    
   239816.281         111632.852    
   239808.391         112640.875    
   239800.547         113648.906    
   239792.688         114656.836    
   239783.203         115664.430    
   239775.312         116672.148    
   239767.484         117679.883    
   239757.969         118687.500    
   239750.109         119695.117    
   239742.250         120702.852    
   239732.734         121710.453    
   239724.906         122718.086    
   239717.047         123725.406    
   239707.531         124732.828    
   239701.328         125740.164    
   239691.844         126747.484    
   239683.969         127754.805    
   239676.109         128762.141    
   239666.609         129769.672    
   239658.734         130777.023    
   239650.875         131783.938    
   239641.391         132790.953    
   239633.531         133797.984    
   239624.016         134804.984    
   239616.188         135812.031    
   239608.328         136819.078    
   239600.469         137826.234    
   239592.641         138833.172    
   239583.125         139839.891    
   239575.266         140846.625    
   239567.406         141853.359    
   239557.938         142860.000    
   239550.078         143866.750    
   239542.219         144873.484    
   239532.703         145880.125    
   239524.875         146886.891    
   239517.047         147893.219    
   239509.188         148899.578    
   239501.312         149906.016    
   239491.844         150912.359    
   239483.969         151918.812    
   239476.109         152925.172    
   239466.625         153931.625    
   239458.766         154938.109    
   239450.938         155944.047    
   239441.453         156950.078    
   239433.594         157956.250    
   239425.734         158962.297    
   239416.266         159968.359    
   239408.406         160974.422    
   239400.547         161980.516    
   239392.688         162986.594    
   239383.234         163992.344    
   239375.375         164998.094    
   239367.516         166003.875    
   239358.047         167009.641    
   239350.188         168015.312    
   239342.359         169021.109    
   239332.844         170026.969    
   239325.016         171032.656    
   239317.156         172038.141    
   239309.312         173043.500    
   239301.453         174048.906    
   239291.969         175054.375    
   239284.141         176059.766    
   239276.281         177065.266    
   239266.797         178070.750    
   239258.969         179076.266    
   239251.109         180081.359    
   239241.641         181086.438    
   239233.781         182091.422    
   239225.953         183096.656    
   239216.469         184101.750    
   239208.609         185106.844    
   239200.766         186111.953    
   239192.906         187117.078    
   239183.453         188121.984    
   239175.625         189126.797    
   239167.766         190131.609    
   239158.281         191136.312    
   239150.422         192141.156    
   239142.609         193145.969    
   239133.094         194150.797    
   239125.266         195155.516    
   239117.438         196160.375    
   239107.781         197183.562    
   239101.203         198229.281    
   239091.047         199302.219    
   239082.234         200408.828    
   239073.062         201556.406    
   239061.766         202753.484    
   239053.172         204011.000    
   239040.609         205341.250    
   239030.516         206759.141    
   239016.156         208281.984    
   239003.875         209929.625    
   238988.578         211724.812    
   238971.625         213692.750    
   238954.438         215861.281    
   238933.469         218259.797    
   238911.609         220918.609    
   238887.047         223867.656    
   238861.141         227135.406    
   238831.938         230746.344    
   238797.719         234719.812    
   238763.203         239068.359    
   238723.438         243797.109    
   238680.172         248902.938    
   238635.047         254374.391    
   238586.641         260193.484    
   238536.781         266336.719    
   238482.516         272776.250    
   238427.344         279482.719    
   238368.312         286425.562    
   238310.578         293575.125    
   238249.531         300903.312    
   238186.969         308384.406    
   238123.250         315995.000    
   238060.078         323715.000    
   237994.422         331526.125    
   237929.656         339413.594    
         381
   237929.656         339413.594    
   228405.969         339325.812    
   218997.594         339242.656    
   209728.906         339164.219    
   200635.625         339090.500    
   191753.484         339021.500    
   183131.234         338957.781    
   174814.359         338899.094    
   166858.094         338845.281    
   159314.391         338796.688    
   152233.641         338753.312    
   145661.312         338714.656    
   139625.031         338680.844    
   134145.938         338651.281    
   129222.359         338625.531    
   124836.445         338603.625    
   120958.992         338584.906    
   117542.859         338568.938    
   114539.336         338555.094    
   111898.039         338543.438    
   109562.133         338533.156    
   107484.516         338524.219    
   105619.688         338516.500    
   103930.305         338509.500    
   102380.625         338503.156    
   100943.016         338497.531    
   99597.9922         338492.188    
   98322.8281         338487.188    
   97104.5234         338482.438    
   95931.6953         338477.938    
   94792.9766         338473.875    
   93681.8828         338469.688    
   92570.7891         338465.781    
   91459.6953         338461.750    
   90348.5938         338457.719    
   89239.1172         338453.750    
   88126.3906         338449.844    
   87016.9141         338446.250    
   85905.8203         338442.406    
   84794.7109         338438.625    
   83694.9844         338434.938    
   82595.2500         338431.312    
   81495.5234         338427.719    
   80395.7891         338424.406    
   79296.0625         338420.906    
   78197.9609         338417.469    
   77098.2344         338414.062    
   75998.5000         338410.750    
   74910.1406         338407.719    
   73821.7891         338404.500    
   72733.4219         338401.312    
   71645.0703         338398.219    
   70556.7109         338395.125    
   69469.9688         338392.344    
   68381.6094         338389.344    
   67293.2500         338386.438    
   66216.2578         338383.531    
   65139.2773         338380.750    
   64062.2891         338378.188    
   62985.2930         338375.500    
   61908.3047         338372.812    
   60832.9453         338370.156    
   59754.3281         338367.594    
   58678.9609         338365.312    
   57613.3438         338362.812    
   56547.7188         338360.375    
   55482.1016         338358.031    
   54416.4805         338355.719    
   53350.8633         338353.406    
   52285.2461         338351.406    
   51221.2500         338349.219    
   50155.6328         338347.062    
   49101.3828         338345.000    
   48047.1367         338342.938    
   46994.5156         338341.188    
   45940.2617         338339.219    
   44886.0117         338337.312    
   43831.7656         338335.469    
   42777.5156         338333.656    
   41724.8906         338332.125    
   40680.3906         338330.406    
   39639.1367         338328.750    
   38594.6328         338327.125    
   37553.3828         338325.562    
   36510.5039         338324.000    
   35467.6250         338322.750    
   34424.7461         338321.312    
   33383.4883         338319.906    
   32351.9844         338318.750    
   31320.4746         338317.438    
   30288.9707         338316.219    
   29257.4590         338314.938    
   28225.9551         338313.812    
   27196.0684         338312.844    
   26164.5625         338311.781    
   25133.0586         338310.719    
   24114.5449         338309.750    
   23094.4062         338308.750    
   22074.2695         338307.844    
   21054.1328         338307.188    
   20033.9961         338306.344    
   19013.8574         338305.562    
   17995.3457         338304.812    
   16975.2090         338304.125    
   15959.9473         338303.438    
   14946.3086         338303.062    
   13932.6670         338302.438    
   12919.0293         338301.906    
   11903.7646         338301.438    
   10890.1240         338300.938    
   9876.48633         338300.750    
   8861.22266         338300.406    
   7847.58252         338300.031    
   6833.94336         338299.719    
   5818.67969         338299.469    
   4805.04004         338299.250    
   3791.40112         338299.312    
   2777.76147         338299.156    
   1762.49792         338299.094    
   748.858521         338299.031    
  -264.780792         338299.031    
  -1280.04456         338299.062    
  -2293.68384         338299.344    
  -3307.32324         338299.438    
  -4322.58691         338299.625    
  -5336.22656         338299.812    
  -6349.86572         338300.031    
  -7363.50537         338300.312    
  -8378.76855         338300.844    
  -9392.40820         338301.219    
  -10406.0479         338301.594    
  -11421.3096         338302.062    
  -12434.9502         338302.531    
  -13448.5898         338303.062    
  -14463.8525         338303.844    
  -15477.4902         338304.406    
  -16491.1328         338305.062    
  -17504.7695         338305.750    
  -18520.0352         338306.500    
  -19533.6719         338307.219    
  -20547.3105         338308.250    
  -21562.5762         338309.125    
  -22576.2168         338310.000    
  -23589.8535         338310.906    
  -24603.4922         338311.875    
  -25618.7559         338312.906    
  -26632.3965         338314.188    
  -27646.0352         338315.250    
  -28661.2949         338316.406    
  -29674.9336         338317.781    
  -30688.5723         338319.000    
  -31703.8379         338320.250    
  -32717.4746         338321.562    
  -33731.1133         338322.906    
  -34744.7539         338324.250    
  -35760.0156         338325.906    
  -36772.0273         338327.375    
  -37787.2891         338328.844    
  -38802.5547         338330.406    
  -39814.5703         338331.969    
  -40829.8320         338333.594    
  -41843.4688         338335.281    
  -42857.1094         338337.188    
  -43872.3672         338338.938    
  -44886.0078         338340.719    
  -45901.2734         338342.562    
  -46913.2812         338344.438    
  -47928.5508         338346.344    
  -48943.8047         338348.531    
  -49955.8203         338350.500    
  -50971.0781         338352.531    
  -51984.7227         338354.625    
  -52998.3594         338356.719    
  -54011.9922         338358.875    
  -55027.2617         338361.281    
  -56040.8984         338363.500    
  -57054.5273         338365.781    
  -58069.7930         338368.125    
  -59083.4297         338370.438    
  -60097.0625         338372.844    
  -61110.7070         338375.281    
  -62125.9648         338378.000    
  -63139.6016         338380.531    
  -64153.2461         338383.062    
  -65168.5000         338385.688    
  -66182.1328         338388.312    
  -67195.7734         338391.031    
  -68211.0312         338393.938    
  -69224.6719         338396.750    
  -70238.3047         338399.531    
  -71251.9453         338402.375    
  -72267.1953         338405.281    
  -73280.8359         338408.219    
  -74294.4688         338411.188    
  -75309.7344         338414.438    
  -76323.3672         338417.469    
  -77337.0000         338420.562    
  -78350.6406         338423.719    
  -79365.8984         338426.875    
  -80379.5312         338430.062    
  -81393.1719         338433.344    
  -82408.4297         338436.875    
  -83422.0547         338440.188    
  -84435.7031         338443.594    
  -85449.3281         338447.000    
  -86464.5938         338450.469    
  -87478.2188         338453.969    
  -88491.8516         338457.500    
  -89507.1094         338461.312    
  -90520.7656         338464.938    
  -91534.3828         338468.594    
  -92548.0234         338472.281    
  -93563.2734         338476.062    
  -94576.9141         338479.844    
  -95590.5469         338483.656    
  -96605.8047         338487.750    
  -97619.4375         338491.656    
  -98633.0781         338495.625    
  -99646.6953         338499.844    
  -100661.969         338503.875    
  -101673.969         338507.938    
  -102689.227         338512.031    
  -103704.477         338516.219    
  -104716.492         338520.375    
  -105731.742         338524.625    
  -106745.367         338529.094    
  -107760.641         338533.469    
  -108772.641         338537.812    
  -109787.898         338542.219    
  -110803.156         338546.688    
  -111815.156         338551.156    
  -112830.406         338555.656    
  -113844.047         338560.438    
  -114857.672         338565.031    
  -115871.297         338569.656    
  -116886.555         338574.375    
  -117900.195         338579.094    
  -118913.828         338583.844    
  -119929.078         338588.688    
  -120942.711         338593.719    
  -121956.336         338598.625    
  -122969.969         338603.562    
  -123985.219         338608.562    
  -124998.852         338613.562    
  -126012.469         338618.625    
  -127027.734         338623.719    
  -128041.359         338628.844    
  -129054.977         338634.250    
  -130068.625         338639.438    
  -131083.875         338644.688    
  -132097.500         338650.031    
  -133111.125         338655.375    
  -134126.375         338660.719    
  -135140.000         338666.156    
  -136153.641         338671.812    
  -137167.250         338677.312    
  -138182.500         338682.875    
  -139196.141         338688.469    
  -140209.766         338694.094    
  -141223.391         338699.750    
  -142238.641         338705.469    
  -143252.266         338711.219    
  -144265.891         338717.219    
  -145281.125         338723.031    
  -146294.766         338728.906    
  -147308.391         338734.844    
  -148322.016         338740.781    
  -149337.281         338746.750    
  -150349.281         338752.812    
  -151364.516         338759.094    
  -152379.766         338765.188    
  -153393.391         338771.375    
  -154407.016         338777.562    
  -155420.641         338783.812    
  -156435.891         338790.094    
  -157447.891         338796.375    
  -158463.141         338802.781    
  -159476.766         338809.375    
  -160490.375         338815.844    
  -161505.625         338822.312    
  -162519.250         338828.844    
  -163532.859         338835.375    
  -164546.500         338842.031    
  -165561.734         338848.656    
  -166575.359         338855.375    
  -167588.984         338862.281    
  -168602.609         338869.031    
  -169617.844         338875.875    
  -170631.469         338882.719    
  -171645.078         338889.594    
  -172660.328         338896.531    
  -173673.953         338903.500    
  -174687.578         338910.531    
  -175701.188         338917.812    
  -176716.438         338924.875    
  -177730.047         338932.031    
  -178743.672         338939.219    
  -179757.281         338946.625    
  -180772.531         338953.906    
  -181786.156         338961.188    
  -182799.766         338968.531    
  -183815.016         338975.938    
  -184828.641         338983.344    
  -185842.250         338990.812    
  -186855.875         338998.312    
  -187871.094         339006.062    
  -188884.703         339013.656    
  -189898.359         339021.281    
  -190911.969         339028.938    
  -191927.188         339036.688    
  -192940.812         339044.406    
  -193954.422         339052.188    
  -194969.672         339060.031    
  -195981.656         339068.125    
  -196996.891         339076.000    
  -198010.516         339083.969    
  -199025.734         339091.969    
  -200037.766         339100.000    
  -201052.969         339108.062    
  -202066.578         339116.219    
  -203080.203         339124.344    
  -204106.797         339132.625    
  -205143.172         339141.281    
  -206194.141         339149.875    
  -207259.719         339158.625    
  -208344.812         339167.562    
  -209449.375         339176.719    
  -210576.703         339186.156    
  -211728.375         339195.781    
  -212909.328         339205.750    
  -214121.078         339216.219    
  -215368.625         339226.875    
  -216656.750         339237.938    
  -217990.359         339249.438    
  -219374.312         339261.469    
  -220813.516         339274.062    
  -222316.062         339287.469    
  -223888.453         339301.406    
  -225537.203         339316.125    
  -227272.016         339331.719    
  -229101.062         339348.281    
  -231032.422         339366.156    
  -233077.500         339384.969    
  -235247.641         339405.188    
  -237552.641         339426.812    
  -240002.141         339450.250    
  -242610.891         339475.250    
  -245385.281         339502.125    
  -248341.625         339531.125    
  -251488.016         339562.531    
  -254834.203         339596.156    
  -258389.922         339632.625    
  -262163.281         339671.625    
  -266160.812         339713.750    
  -270387.344         339758.781    
  -274847.812         339807.281    
  -279542.125         339858.938    
  -284472.031         339914.375    
  -289635.812         339973.219    
  -295026.969         340036.031    
  -300643.906         340102.438    
  -306478.500         340172.969    
  -312520.969         340247.219    
  -318764.844         340325.688    
  -325200.406         340408.188    
  -331812.969         340494.438    
  -338594.469         340584.906    
  -345533.469         340679.344    
  -352618.688         340777.531    
  -359838.656         340879.844    
  -367182.094         340985.844    
  -374640.750         341096.094    
  -382201.781         341209.688    
  -389856.969         341327.219    
  -397596.594         341448.375    
  -405414.125         341573.000    
  -413301.500         341701.406    
  -421250.562         341833.031    
  -429256.406         341968.406    
  -437312.594         342107.156    
  -445414.188         342249.094    
