   1.7041205e+01   1.4131589e+02
   1.6970364e+01   1.4131586e+02
   1.6900203e+01   1.4131583e+02
   1.6830858e+01   1.4131580e+02
   1.6762490e+01   1.4131577e+02
   1.6695283e+01   1.4131574e+02
   1.6629445e+01   1.4131571e+02
   1.6565209e+01   1.4131568e+02
   1.6502827e+01   1.4131565e+02
   1.6442567e+01   1.4131562e+02
   1.6384701e+01   1.4131559e+02
   1.6329496e+01   1.4131557e+02
   1.6277202e+01   1.4131554e+02
   1.6228031e+01   1.4131552e+02
   1.6182145e+01   1.4131550e+02
   1.6139645e+01   1.4131548e+02
   1.6100561e+01   1.4131546e+02
   1.6064848e+01   1.4131544e+02
   1.6032393e+01   1.4131542e+02
   1.6003021e+01   1.4131541e+02
   1.5976513e+01   1.4131540e+02
   1.5952613e+01   1.4131539e+02
   1.5931054e+01   1.4131538e+02
   1.5911562e+01   1.4131537e+02
   1.5893871e+01   1.4131536e+02
   1.5877735e+01   1.4131535e+02
   1.5862924e+01   1.4131534e+02
   1.5849235e+01   1.4131534e+02
   1.5836489e+01   1.4131533e+02
   1.5824531e+01   1.4131532e+02
   1.5813227e+01   1.4131532e+02
   1.5802465e+01   1.4131531e+02
   1.5792150e+01   1.4131531e+02
   1.5782202e+01   1.4131530e+02
   1.5772555e+01   1.4131530e+02
   1.5763155e+01   1.4131529e+02
   1.5753957e+01   1.4131529e+02
   1.5744924e+01   1.4131528e+02
   1.5735891e+01   1.4131528e+02
   1.5726858e+01   1.4131528e+02
   1.5717825e+01   1.4131527e+02
   1.5708792e+01   1.4131527e+02
   1.5699759e+01   1.4131526e+02
   1.5690725e+01   1.4131526e+02
   1.5681692e+01   1.4131525e+02
   1.5672659e+01   1.4131525e+02
   1.5663623e+01   1.4131524e+02
   1.5654586e+01   1.4131524e+02
   1.5645550e+01   1.4131523e+02
   1.5636514e+01   1.4131523e+02
   1.5627477e+01   1.4131523e+02
   1.5618441e+01   1.4131522e+02
   1.5609405e+01   1.4131522e+02
   1.5600368e+01   1.4131521e+02
   1.5591329e+01   1.4131521e+02
   1.5582289e+01   1.4131520e+02
   1.5573250e+01   1.4131520e+02
   1.5564210e+01   1.4131519e+02
   1.5555171e+01   1.4131519e+02
   1.5546131e+01   1.4131519e+02
   1.5537092e+01   1.4131518e+02
   1.5528052e+01   1.4131518e+02
   1.5519010e+01   1.4131517e+02
   1.5509967e+01   1.4131517e+02
   1.5500924e+01   1.4131516e+02
   1.5491882e+01   1.4131516e+02
   1.5482839e+01   1.4131515e+02
   1.5473796e+01   1.4131515e+02
   1.5464753e+01   1.4131514e+02
   1.5455711e+01   1.4131514e+02
   1.5446665e+01   1.4131514e+02
   1.5437619e+01   1.4131513e+02
   1.5428573e+01   1.4131513e+02
   1.5419527e+01   1.4131512e+02
   1.5410482e+01   1.4131512e+02
   1.5401436e+01   1.4131511e+02
   1.5392390e+01   1.4131511e+02
   1.5383344e+01   1.4131510e+02
   1.5374295e+01   1.4131510e+02
   1.5365246e+01   1.4131509e+02
   1.5356197e+01   1.4131509e+02
   1.5347148e+01   1.4131509e+02
   1.5338099e+01   1.4131508e+02
   1.5329050e+01   1.4131508e+02
   1.5320001e+01   1.4131507e+02
   1.5310952e+01   1.4131507e+02
   1.5301900e+01   1.4131506e+02
   1.5292848e+01   1.4131506e+02
   1.5283796e+01   1.4131505e+02
   1.5274744e+01   1.4131505e+02
   1.5265692e+01   1.4131504e+02
   1.5256639e+01   1.4131504e+02
   1.5247587e+01   1.4131504e+02
   1.5238535e+01   1.4131503e+02
   1.5229480e+01   1.4131503e+02
   1.5220425e+01   1.4131502e+02
   1.5211370e+01   1.4131502e+02
   1.5202314e+01   1.4131501e+02
   1.5193259e+01   1.4131501e+02
   1.5184204e+01   1.4131500e+02
   1.5175149e+01   1.4131500e+02
   1.5166093e+01   1.4131499e+02
   1.5157035e+01   1.4131499e+02
   1.5147977e+01   1.4131498e+02
   1.5138918e+01   1.4131498e+02
   1.5129860e+01   1.4131498e+02
   1.5120802e+01   1.4131497e+02
   1.5111743e+01   1.4131497e+02
   1.5102685e+01   1.4131496e+02
   1.5093627e+01   1.4131496e+02
   1.5084565e+01   1.4131495e+02
   1.5075504e+01   1.4131495e+02
   1.5066442e+01   1.4131494e+02
   1.5057381e+01   1.4131494e+02
   1.5048320e+01   1.4131493e+02
   1.5039258e+01   1.4131493e+02
   1.5030197e+01   1.4131492e+02
   1.5021135e+01   1.4131492e+02
   1.5012071e+01   1.4131492e+02
   1.5003006e+01   1.4131491e+02
   1.4993942e+01   1.4131491e+02
   1.4984877e+01   1.4131490e+02
   1.4975813e+01   1.4131490e+02
   1.4966748e+01   1.4131489e+02
   1.4957684e+01   1.4131489e+02
   1.4948619e+01   1.4131488e+02
   1.4939552e+01   1.4131488e+02
   1.4930484e+01   1.4131487e+02
   1.4921417e+01   1.4131487e+02
   1.4912349e+01   1.4131486e+02
   1.4903282e+01   1.4131486e+02
   1.4894214e+01   1.4131486e+02
   1.4885146e+01   1.4131485e+02
   1.4876079e+01   1.4131485e+02
   1.4867008e+01   1.4131484e+02
   1.4857938e+01   1.4131484e+02
   1.4848867e+01   1.4131483e+02
   1.4839796e+01   1.4131483e+02
   1.4830726e+01   1.4131482e+02
   1.4821655e+01   1.4131482e+02
   1.4812585e+01   1.4131481e+02
   1.4803514e+01   1.4131481e+02
   1.4794440e+01   1.4131480e+02
   1.4785367e+01   1.4131480e+02
   1.4776293e+01   1.4131479e+02
   1.4767219e+01   1.4131479e+02
   1.4758146e+01   1.4131478e+02
   1.4749072e+01   1.4131478e+02
   1.4739999e+01   1.4131478e+02
   1.4730925e+01   1.4131477e+02
   1.4721848e+01   1.4131477e+02
   1.4712772e+01   1.4131476e+02
   1.4703695e+01   1.4131476e+02
   1.4694618e+01   1.4131475e+02
   1.4685542e+01   1.4131475e+02
   1.4676465e+01   1.4131474e+02
   1.4667388e+01   1.4131474e+02
   1.4658312e+01   1.4131473e+02
   1.4649232e+01   1.4131473e+02
   1.4640152e+01   1.4131472e+02
   1.4631073e+01   1.4131472e+02
   1.4621993e+01   1.4131471e+02
   1.4612913e+01   1.4131471e+02
   1.4603834e+01   1.4131470e+02
   1.4594754e+01   1.4131470e+02
   1.4585674e+01   1.4131470e+02
   1.4576592e+01   1.4131469e+02
   1.4567509e+01   1.4131469e+02
   1.4558426e+01   1.4131468e+02
   1.4549344e+01   1.4131468e+02
   1.4540261e+01   1.4131467e+02
   1.4531178e+01   1.4131467e+02
   1.4522096e+01   1.4131466e+02
   1.4513013e+01   1.4131466e+02
   1.4503927e+01   1.4131465e+02
   1.4494842e+01   1.4131465e+02
   1.4485756e+01   1.4131464e+02
   1.4476670e+01   1.4131464e+02
   1.4467585e+01   1.4131463e+02
   1.4458499e+01   1.4131463e+02
   1.4449413e+01   1.4131462e+02
   1.4440328e+01   1.4131462e+02
   1.4431239e+01   1.4131461e+02
   1.4422150e+01   1.4131461e+02
   1.4413062e+01   1.4131461e+02
   1.4403973e+01   1.4131460e+02
   1.4394885e+01   1.4131460e+02
   1.4385796e+01   1.4131459e+02
   1.4376707e+01   1.4131459e+02
   1.4367619e+01   1.4131458e+02
   1.4358527e+01   1.4131458e+02
   1.4349436e+01   1.4131457e+02
   1.4340344e+01   1.4131457e+02
   1.4331253e+01   1.4131456e+02
   1.4322161e+01   1.4131456e+02
   1.4313069e+01   1.4131455e+02
   1.4303978e+01   1.4131455e+02
   1.4294886e+01   1.4131454e+02
   1.4285792e+01   1.4131454e+02
   1.4276697e+01   1.4131453e+02
   1.4267603e+01   1.4131453e+02
   1.4258508e+01   1.4131452e+02
   1.4249414e+01   1.4131452e+02
   1.4240319e+01   1.4131451e+02
   1.4231225e+01   1.4131451e+02
   1.4222130e+01   1.4131450e+02
   1.4213033e+01   1.4131450e+02
   1.4203935e+01   1.4131449e+02
   1.4194838e+01   1.4131449e+02
   1.4185740e+01   1.4131449e+02
   1.4176643e+01   1.4131448e+02
   1.4167546e+01   1.4131448e+02
   1.4158448e+01   1.4131447e+02
   1.4149351e+01   1.4131447e+02
   1.4140250e+01   1.4131446e+02
   1.4131150e+01   1.4131446e+02
   1.4122050e+01   1.4131445e+02
   1.4112949e+01   1.4131445e+02
   1.4103849e+01   1.4131444e+02
   1.4094749e+01   1.4131444e+02
   1.4085648e+01   1.4131443e+02
   1.4076548e+01   1.4131443e+02
   1.4067445e+01   1.4131442e+02
   1.4058341e+01   1.4131442e+02
   1.4049238e+01   1.4131441e+02
   1.4040135e+01   1.4131441e+02
   1.4031032e+01   1.4131440e+02
   1.4021928e+01   1.4131440e+02
   1.4012825e+01   1.4131439e+02
   1.4003722e+01   1.4131439e+02
   1.3994616e+01   1.4131438e+02
   1.3985510e+01   1.4131438e+02
   1.3976404e+01   1.4131437e+02
   1.3967297e+01   1.4131437e+02
   1.3958191e+01   1.4131436e+02
   1.3949085e+01   1.4131436e+02
   1.3939979e+01   1.4131435e+02
   1.3930873e+01   1.4131435e+02
   1.3921764e+01   1.4131435e+02
   1.3912655e+01   1.4131434e+02
   1.3903546e+01   1.4131434e+02
   1.3894437e+01   1.4131433e+02
   1.3885328e+01   1.4131433e+02
   1.3876219e+01   1.4131432e+02
   1.3867110e+01   1.4131432e+02
   1.3858001e+01   1.4131431e+02
   1.3848889e+01   1.4131431e+02
   1.3839777e+01   1.4131430e+02
   1.3830665e+01   1.4131430e+02
   1.3821553e+01   1.4131429e+02
   1.3812442e+01   1.4131429e+02
   1.3803330e+01   1.4131428e+02
   1.3794218e+01   1.4131428e+02
   1.3785106e+01   1.4131427e+02
   1.3775991e+01   1.4131427e+02
   1.3766877e+01   1.4131426e+02
   1.3757762e+01   1.4131426e+02
   1.3748647e+01   1.4131425e+02
   1.3739533e+01   1.4131425e+02
   1.3730418e+01   1.4131424e+02
   1.3721303e+01   1.4131424e+02
   1.3712188e+01   1.4131423e+02
   1.3703071e+01   1.4131423e+02
   1.3693953e+01   1.4131422e+02
   1.3684836e+01   1.4131422e+02
   1.3675718e+01   1.4131421e+02
   1.3666601e+01   1.4131421e+02
   1.3657483e+01   1.4131420e+02
   1.3648366e+01   1.4131420e+02
   1.3639248e+01   1.4131419e+02
   1.3630128e+01   1.4131419e+02
   1.3621008e+01   1.4131418e+02
   1.3611887e+01   1.4131418e+02
   1.3602767e+01   1.4131417e+02
   1.3593646e+01   1.4131417e+02
   1.3584526e+01   1.4131416e+02
   1.3575406e+01   1.4131416e+02
   1.3566285e+01   1.4131415e+02
   1.3557162e+01   1.4131415e+02
   1.3548039e+01   1.4131414e+02
   1.3538916e+01   1.4131414e+02
   1.3529793e+01   1.4131414e+02
   1.3520670e+01   1.4131413e+02
   1.3511547e+01   1.4131413e+02
   1.3502423e+01   1.4131412e+02
   1.3493300e+01   1.4131412e+02
   1.3484174e+01   1.4131411e+02
   1.3475048e+01   1.4131411e+02
   1.3465922e+01   1.4131410e+02
   1.3456796e+01   1.4131410e+02
   1.3447671e+01   1.4131409e+02
   1.3438545e+01   1.4131409e+02
   1.3429419e+01   1.4131408e+02
   1.3420293e+01   1.4131408e+02
   1.3411164e+01   1.4131407e+02
   1.3402035e+01   1.4131407e+02
   1.3392907e+01   1.4131406e+02
   1.3383778e+01   1.4131406e+02
   1.3374649e+01   1.4131405e+02
   1.3365520e+01   1.4131405e+02
   1.3356392e+01   1.4131404e+02
   1.3347263e+01   1.4131404e+02
   1.3338132e+01   1.4131403e+02
   1.3329000e+01   1.4131403e+02
   1.3319869e+01   1.4131402e+02
   1.3310737e+01   1.4131402e+02
   1.3301606e+01   1.4131401e+02
   1.3292474e+01   1.4131401e+02
   1.3283343e+01   1.4131400e+02
   1.3274211e+01   1.4131400e+02
   1.3265077e+01   1.4131399e+02
   1.3255943e+01   1.4131399e+02
   1.3246809e+01   1.4131398e+02
   1.3237674e+01   1.4131398e+02
   1.3228540e+01   1.4131397e+02
   1.3219406e+01   1.4131397e+02
   1.3210272e+01   1.4131396e+02
   1.3201138e+01   1.4131396e+02
   1.3192001e+01   1.4131395e+02
   1.3182864e+01   1.4131395e+02
   1.3173727e+01   1.4131394e+02
   1.3164590e+01   1.4131394e+02
   1.3155453e+01   1.4131393e+02
   1.3146316e+01   1.4131393e+02
   1.3137179e+01   1.4131392e+02
   1.3128042e+01   1.4131392e+02
   1.3118902e+01   1.4131391e+02
   1.3109763e+01   1.4131391e+02
   1.3100623e+01   1.4131390e+02
   1.3091483e+01   1.4131390e+02
   1.3082344e+01   1.4131389e+02
   1.3073204e+01   1.4131389e+02
   1.3064064e+01   1.4131388e+02
   1.3054925e+01   1.4131388e+02
   1.3045782e+01   1.4131387e+02
   1.3036640e+01   1.4131387e+02
   1.3027498e+01   1.4131386e+02
   1.3018355e+01   1.4131386e+02
   1.3009213e+01   1.4131385e+02
   1.3000070e+01   1.4131385e+02
   1.2990928e+01   1.4131384e+02
   1.2981786e+01   1.4131384e+02
   1.2972641e+01   1.4131383e+02
   1.2963496e+01   1.4131383e+02
   1.2954350e+01   1.4131382e+02
   1.2945205e+01   1.4131382e+02
   1.2936060e+01   1.4131381e+02
   1.2926915e+01   1.4131381e+02
   1.2917770e+01   1.4131380e+02
   1.2908625e+01   1.4131380e+02
   1.2899477e+01   1.4131379e+02
   1.2890330e+01   1.4131379e+02
   1.2881182e+01   1.4131378e+02
   1.2872034e+01   1.4131378e+02
   1.2862886e+01   1.4131377e+02
   1.2853739e+01   1.4131377e+02
   1.2844591e+01   1.4131376e+02
   1.2835443e+01   1.4131376e+02
   1.2826293e+01   1.4131375e+02
   1.2817142e+01   1.4131375e+02
   1.2807992e+01   1.4131374e+02
   1.2798842e+01   1.4131374e+02
   1.2789691e+01   1.4131373e+02
   1.2780541e+01   1.4131373e+02
   1.2771390e+01   1.4131372e+02
   1.2762240e+01   1.4131372e+02
   1.2753087e+01   1.4131371e+02
   1.2743934e+01   1.4131371e+02
   1.2734781e+01   1.4131370e+02
   1.2725628e+01   1.4131370e+02
   1.2716475e+01   1.4131369e+02
   1.2707322e+01   1.4131369e+02
   1.2698169e+01   1.4131368e+02
   1.2689016e+01   1.4131368e+02
   1.2679860e+01   1.4131367e+02
   1.2670704e+01   1.4131367e+02
   1.2661549e+01   1.4131366e+02
   1.2652393e+01   1.4131366e+02
   1.2643237e+01   1.4131365e+02
   1.2634082e+01   1.4131365e+02
   1.2624926e+01   1.4131364e+02
   1.2615770e+01   1.4131364e+02
   1.2606612e+01   1.4131363e+02
   1.2597454e+01   1.4131363e+02
   1.2588295e+01   1.4131362e+02
   1.2579137e+01   1.4131362e+02
   1.2569979e+01   1.4131361e+02
   1.2560820e+01   1.4131361e+02
   1.2551662e+01   1.4131360e+02
   1.2542504e+01   1.4131360e+02
   1.2533346e+01   1.4131359e+02
   1.2524019e+01   1.4131359e+02
   1.2514486e+01   1.4131358e+02
   1.2504700e+01   1.4131358e+02
   1.2494607e+01   1.4131357e+02
   1.2484138e+01   1.4131357e+02
   1.2473212e+01   1.4131356e+02
   1.2461733e+01   1.4131355e+02
   1.2449585e+01   1.4131355e+02
   1.2436631e+01   1.4131354e+02
   1.2422714e+01   1.4131353e+02
   1.2407650e+01   1.4131352e+02
   1.2391231e+01   1.4131351e+02
   1.2373223e+01   1.4131350e+02
   1.2353374e+01   1.4131349e+02
   1.2331412e+01   1.4131348e+02
   1.2307058e+01   1.4131347e+02
   1.2280036e+01   1.4131345e+02
   1.2250089e+01   1.4131344e+02
   1.2216989e+01   1.4131342e+02
   1.2180559e+01   1.4131340e+02
   1.2140683e+01   1.4131338e+02
   1.2097316e+01   1.4131335e+02
   1.2050488e+01   1.4131333e+02
   1.2000301e+01   1.4131330e+02
   1.1946922e+01   1.4131327e+02
   1.1890569e+01   1.4131324e+02
   1.1831494e+01   1.4131321e+02
   1.1769972e+01   1.4131317e+02
   1.1706282e+01   1.4131314e+02
   1.1640697e+01   1.4131310e+02
   1.1573474e+01   1.4131306e+02
   1.1504852e+01   1.4131303e+02
   1.1435043e+01   1.4131299e+02
   1.1364235e+01   1.4131295e+02
   1.1292593e+01   1.4131291e+02
   1.1220256e+01   1.4131287e+02
