     Lfloats == T

       FRREC == 0

     NFLOATS ==       7680

POS = G, C, T, N,   Ft0,   Fx0,  Fy0, Fz0,      Fdt,       Fdx, Fdy, Fdz
1  0  1  120 0.0d0    215.000     439.000  -1      0.0416666667 0.d0 0.d0 0.d0
1  0  1  120 0.0d0    216.000     439.000  -1      0.0416666667 0.d0 0.d0 0.d0
1  0  1  120 0.0d0    217.000     439.000  -1      0.0416666667 0.d0 0.d0 0.d0
1  0  1  120 0.0d0    218.000     439.000  -1      0.0416666667 0.d0 0.d0 0.d0
1  0  1  120 0.0d0    219.000     439.000  -1      0.0416666667 0.d0 0.d0 0.d0
1  0  1  120 0.0d0    220.000     439.000  -1      0.0416666667 0.d0 0.d0 0.d0
1  0  1  120 0.0d0    221.000     439.000  -1      0.0416666667 0.d0 0.d0 0.d0
1  0  1  120 0.0d0    222.000     439.000  -1      0.0416666667 0.d0 0.d0 0.d0
1  0  1  120 0.0d0    223.000     439.000  -1      0.0416666667 0.d0 0.d0 0.d0
1  0  1  120 0.0d0    224.000     439.000  -1      0.0416666667 0.d0 0.d0 0.d0
1  0  1  120 0.0d0    225.000     439.000  -1      0.0416666667 0.d0 0.d0 0.d0
1  0  1  120 0.0d0    226.000     439.000  -1      0.0416666667 0.d0 0.d0 0.d0
1  0  1  120 0.0d0    227.000     439.000  -1      0.0416666667 0.d0 0.d0 0.d0
1  0  1  120 0.0d0    228.000     439.000  -1      0.0416666667 0.d0 0.d0 0.d0
1  0  1  120 0.0d0    229.000     439.000  -1      0.0416666667 0.d0 0.d0 0.d0
1  0  1  120 0.0d0    230.000     439.000  -1      0.0416666667 0.d0 0.d0 0.d0
1  0  1  120 0.0d0    231.000     439.000  -1      0.0416666667 0.d0 0.d0 0.d0
1  0  1  120 0.0d0    232.000     439.000  -1      0.0416666667 0.d0 0.d0 0.d0
1  0  1  120 0.0d0    233.000     439.000  -1      0.0416666667 0.d0 0.d0 0.d0
1  0  1  120 0.0d0    234.000     439.000  -1      0.0416666667 0.d0 0.d0 0.d0
1  0  1  120 0.0d0    235.000     439.000  -1      0.0416666667 0.d0 0.d0 0.d0
1  0  1  120 0.0d0    236.000     439.000  -1      0.0416666667 0.d0 0.d0 0.d0
1  0  1  120 0.0d0    237.000     439.000  -1      0.0416666667 0.d0 0.d0 0.d0
1  0  1  120 0.0d0    238.000     439.000  -1      0.0416666667 0.d0 0.d0 0.d0
1  0  1  120 0.0d0    239.000     439.000  -1      0.0416666667 0.d0 0.d0 0.d0
1  0  1  120 0.0d0    240.000     439.000  -1      0.0416666667 0.d0 0.d0 0.d0
1  0  1  120 0.0d0    241.000     439.000  -1      0.0416666667 0.d0 0.d0 0.d0
1  0  1  120 0.0d0    242.000     439.000  -1      0.0416666667 0.d0 0.d0 0.d0
1  0  1  120 0.0d0    243.000     439.000  -1      0.0416666667 0.d0 0.d0 0.d0
1  0  1  120 0.0d0    244.000     439.000  -1      0.0416666667 0.d0 0.d0 0.d0
1  0  1  120 0.0d0    245.000     439.000  -1      0.0416666667 0.d0 0.d0 0.d0
1  0  1  120 0.0d0    246.000     439.000  -1      0.0416666667 0.d0 0.d0 0.d0
1  0  1  120 0.0d0    247.000     439.000  -1      0.0416666667 0.d0 0.d0 0.d0
1  0  1  120 0.0d0    248.000     439.000  -1      0.0416666667 0.d0 0.d0 0.d0
1  0  1  120 0.0d0    249.000     439.000  -1      0.0416666667 0.d0 0.d0 0.d0
1  0  1  120 0.0d0    250.000     439.000  -1      0.0416666667 0.d0 0.d0 0.d0
1  0  1  120 0.0d0    251.000     439.000  -1      0.0416666667 0.d0 0.d0 0.d0
1  0  1  120 0.0d0    252.000     439.000  -1      0.0416666667 0.d0 0.d0 0.d0
1  0  1  120 0.0d0    253.000     439.000  -1      0.0416666667 0.d0 0.d0 0.d0
1  0  1  120 0.0d0    254.000     439.000  -1      0.0416666667 0.d0 0.d0 0.d0
1  0  1  120 0.0d0    255.000     439.000  -1      0.0416666667 0.d0 0.d0 0.d0
1  0  1  120 0.0d0    256.000     439.000  -1      0.0416666667 0.d0 0.d0 0.d0
1  0  1  120 0.0d0    257.000     439.000  -1      0.0416666667 0.d0 0.d0 0.d0
1  0  1  120 0.0d0    258.000     439.000  -1      0.0416666667 0.d0 0.d0 0.d0
1  0  1  120 0.0d0    259.000     439.000  -1      0.0416666667 0.d0 0.d0 0.d0
1  0  1  120 0.0d0    260.000     439.000  -1      0.0416666667 0.d0 0.d0 0.d0
1  0  1  120 0.0d0    261.000     439.000  -1      0.0416666667 0.d0 0.d0 0.d0
1  0  1  120 0.0d0    262.000     439.000  -1      0.0416666667 0.d0 0.d0 0.d0
1  0  1  120 0.0d0    263.000     439.000  -1      0.0416666667 0.d0 0.d0 0.d0
1  0  1  120 0.0d0    264.000     439.000  -1      0.0416666667 0.d0 0.d0 0.d0
1  0  1  120 0.0d0    265.000     439.000  -1      0.0416666667 0.d0 0.d0 0.d0
1  0  1  120 0.0d0    266.000     439.000  -1      0.0416666667 0.d0 0.d0 0.d0
1  0  1  120 0.0d0    267.000     439.000  -1      0.0416666667 0.d0 0.d0 0.d0
1  0  1  120 0.0d0    268.000     439.000  -1      0.0416666667 0.d0 0.d0 0.d0
1  0  1  120 0.0d0    269.000     439.000  -1      0.0416666667 0.d0 0.d0 0.d0
1  0  1  120 0.0d0    270.000     439.000  -1      0.0416666667 0.d0 0.d0 0.d0
1  0  1  120 0.0d0    271.000     439.000  -1      0.0416666667 0.d0 0.d0 0.d0
1  0  1  120 0.0d0    272.000     439.000  -1      0.0416666667 0.d0 0.d0 0.d0
1  0  1  120 0.0d0    273.000     439.000  -1      0.0416666667 0.d0 0.d0 0.d0
1  0  1  120 0.0d0    274.000     439.000  -1      0.0416666667 0.d0 0.d0 0.d0
1  0  1  120 0.0d0    275.000     439.000  -1      0.0416666667 0.d0 0.d0 0.d0
1  0  1  120 0.0d0    276.000     439.000  -1      0.0416666667 0.d0 0.d0 0.d0
1  0  1  120 0.0d0    277.000     439.000  -1      0.0416666667 0.d0 0.d0 0.d0
1  0  1  120 0.0d0    278.000     439.000  -1      0.0416666667 0.d0 0.d0 0.d0
