     Lfloats == T

       FRREC == 0

     NFLOATS ==      15360

POS = G, C, T, N,   Ft0,   Fx0,  Fy0, Fz0,      Fdt,       Fdx, Fdy, Fdz
      1  0  1  120  0.0d0  215   439  -1        0.04166667 0.d0 0.d0 0.d0
      1  0  1  120  0.0d0  216   439  -1        0.04166667 0.d0 0.d0 0.d0
      1  0  1  120  0.0d0  217   439  -1        0.04166667 0.d0 0.d0 0.d0
      1  0  1  120  0.0d0  218   439  -1        0.04166667 0.d0 0.d0 0.d0
      1  0  1  120  0.0d0  219   439  -1        0.04166667 0.d0 0.d0 0.d0
      1  0  1  120  0.0d0  220   439  -1        0.04166667 0.d0 0.d0 0.d0
      1  0  1  120  0.0d0  221   439  -1        0.04166667 0.d0 0.d0 0.d0
      1  0  1  120  0.0d0  222   439  -1        0.04166667 0.d0 0.d0 0.d0
      1  0  1  120  0.0d0  223   439  -1        0.04166667 0.d0 0.d0 0.d0
      1  0  1  120  0.0d0  224   439  -1        0.04166667 0.d0 0.d0 0.d0
      1  0  1  120  0.0d0  225   439  -1        0.04166667 0.d0 0.d0 0.d0
      1  0  1  120  0.0d0  226   439  -1        0.04166667 0.d0 0.d0 0.d0
      1  0  1  120  0.0d0  227   439  -1        0.04166667 0.d0 0.d0 0.d0
      1  0  1  120  0.0d0  228   439  -1        0.04166667 0.d0 0.d0 0.d0
      1  0  1  120  0.0d0  229   439  -1        0.04166667 0.d0 0.d0 0.d0
      1  0  1  120  0.0d0  230   439  -1        0.04166667 0.d0 0.d0 0.d0
      1  0  1  120  0.0d0  231   439  -1        0.04166667 0.d0 0.d0 0.d0
      1  0  1  120  0.0d0  232   439  -1        0.04166667 0.d0 0.d0 0.d0
      1  0  1  120  0.0d0  233   439  -1        0.04166667 0.d0 0.d0 0.d0
      1  0  1  120  0.0d0  234   439  -1        0.04166667 0.d0 0.d0 0.d0
      1  0  1  120  0.0d0  235   439  -1        0.04166667 0.d0 0.d0 0.d0
      1  0  1  120  0.0d0  236   439  -1        0.04166667 0.d0 0.d0 0.d0
      1  0  1  120  0.0d0  237   439  -1        0.04166667 0.d0 0.d0 0.d0
      1  0  1  120  0.0d0  238   439  -1        0.04166667 0.d0 0.d0 0.d0
      1  0  1  120  0.0d0  239   439  -1        0.04166667 0.d0 0.d0 0.d0
      1  0  1  120  0.0d0  240   439  -1        0.04166667 0.d0 0.d0 0.d0
      1  0  1  120  0.0d0  241   439  -1        0.04166667 0.d0 0.d0 0.d0
      1  0  1  120  0.0d0  242   439  -1        0.04166667 0.d0 0.d0 0.d0
      1  0  1  120  0.0d0  243   439  -1        0.04166667 0.d0 0.d0 0.d0
      1  0  1  120  0.0d0  244   439  -1        0.04166667 0.d0 0.d0 0.d0
      1  0  1  120  0.0d0  245   439  -1        0.04166667 0.d0 0.d0 0.d0
      1  0  1  120  0.0d0  246   439  -1        0.04166667 0.d0 0.d0 0.d0
      1  0  1  120  0.0d0  247   439  -1        0.04166667 0.d0 0.d0 0.d0
      1  0  1  120  0.0d0  248   439  -1        0.04166667 0.d0 0.d0 0.d0
      1  0  1  120  0.0d0  249   439  -1        0.04166667 0.d0 0.d0 0.d0
      1  0  1  120  0.0d0  250   439  -1        0.04166667 0.d0 0.d0 0.d0
      1  0  1  120  0.0d0  251   439  -1        0.04166667 0.d0 0.d0 0.d0
      1  0  1  120  0.0d0  252   439  -1        0.04166667 0.d0 0.d0 0.d0
      1  0  1  120  0.0d0  253   439  -1        0.04166667 0.d0 0.d0 0.d0
      1  0  1  120  0.0d0  254   439  -1        0.04166667 0.d0 0.d0 0.d0
      1  0  1  120  0.0d0  255   439  -1        0.04166667 0.d0 0.d0 0.d0
      1  0  1  120  0.0d0  256   439  -1        0.04166667 0.d0 0.d0 0.d0
      1  0  1  120  0.0d0  257   439  -1        0.04166667 0.d0 0.d0 0.d0
      1  0  1  120  0.0d0  258   439  -1        0.04166667 0.d0 0.d0 0.d0
      1  0  1  120  0.0d0  259   439  -1        0.04166667 0.d0 0.d0 0.d0
      1  0  1  120  0.0d0  260   439  -1        0.04166667 0.d0 0.d0 0.d0
      1  0  1  120  0.0d0  261   439  -1        0.04166667 0.d0 0.d0 0.d0
      1  0  1  120  0.0d0  262   439  -1        0.04166667 0.d0 0.d0 0.d0
      1  0  1  120  0.0d0  263   439  -1        0.04166667 0.d0 0.d0 0.d0
      1  0  1  120  0.0d0  264   439  -1        0.04166667 0.d0 0.d0 0.d0
      1  0  1  120  0.0d0  265   439  -1        0.04166667 0.d0 0.d0 0.d0
      1  0  1  120  0.0d0  266   439  -1        0.04166667 0.d0 0.d0 0.d0
      1  0  1  120  0.0d0  267   439  -1        0.04166667 0.d0 0.d0 0.d0
      1  0  1  120  0.0d0  268   439  -1        0.04166667 0.d0 0.d0 0.d0
      1  0  1  120  0.0d0  269   439  -1        0.04166667 0.d0 0.d0 0.d0
      1  0  1  120  0.0d0  270   439  -1        0.04166667 0.d0 0.d0 0.d0
      1  0  1  120  0.0d0  271   439  -1        0.04166667 0.d0 0.d0 0.d0
      1  0  1  120  0.0d0  272   439  -1        0.04166667 0.d0 0.d0 0.d0
      1  0  1  120  0.0d0  273   439  -1        0.04166667 0.d0 0.d0 0.d0
      1  0  1  120  0.0d0  274   439  -1        0.04166667 0.d0 0.d0 0.d0
      1  0  1  120  0.0d0  275   439  -1        0.04166667 0.d0 0.d0 0.d0
      1  0  1  120  0.0d0  276   439  -1        0.04166667 0.d0 0.d0 0.d0
      1  0  1  120  0.0d0  277   439  -1        0.04166667 0.d0 0.d0 0.d0
      1  0  1  120  0.0d0  278   439  -1        0.04166667 0.d0 0.d0 0.d0
