     Lfloats == T

       FRREC == 0

     NFLOATS ==       7680

POS = G, C, T, N,   Ft0,   Fx0,  Fy0, Fz0,      Fdt,       Fdx, Fdy, Fdz
      1  1  1  120  0.0d0 2.371018e+02  4.768419e+01  -1        0.04166667 0.d0 0.d0 0.d0
      1  1  1  120  0.0d0 2.371031e+02  4.768419e+01  -1        0.04166667 0.d0 0.d0 0.d0
      1  1  1  120  0.0d0 2.371045e+02  4.768419e+01  -1        0.04166667 0.d0 0.d0 0.d0
      1  1  1  120  0.0d0 2.371058e+02  4.768419e+01  -1        0.04166667 0.d0 0.d0 0.d0
      1  1  1  120  0.0d0 2.371071e+02  4.768419e+01  -1        0.04166667 0.d0 0.d0 0.d0
      1  1  1  120  0.0d0 2.371084e+02  4.768419e+01  -1        0.04166667 0.d0 0.d0 0.d0
      1  1  1  120  0.0d0 2.371097e+02  4.768419e+01  -1        0.04166667 0.d0 0.d0 0.d0
      1  1  1  120  0.0d0 2.371111e+02  4.768419e+01  -1        0.04166667 0.d0 0.d0 0.d0
      1  1  1  120  0.0d0 2.371124e+02  4.768419e+01  -1        0.04166667 0.d0 0.d0 0.d0
      1  1  1  120  0.0d0 2.371137e+02  4.768419e+01  -1        0.04166667 0.d0 0.d0 0.d0
      1  1  1  120  0.0d0 2.371150e+02  4.768419e+01  -1        0.04166667 0.d0 0.d0 0.d0
      1  1  1  120  0.0d0 2.371163e+02  4.768419e+01  -1        0.04166667 0.d0 0.d0 0.d0
      1  1  1  120  0.0d0 2.371177e+02  4.768419e+01  -1        0.04166667 0.d0 0.d0 0.d0
      1  1  1  120  0.0d0 2.371190e+02  4.768419e+01  -1        0.04166667 0.d0 0.d0 0.d0
      1  1  1  120  0.0d0 2.371203e+02  4.768419e+01  -1        0.04166667 0.d0 0.d0 0.d0
      1  1  1  120  0.0d0 2.371216e+02  4.768419e+01  -1        0.04166667 0.d0 0.d0 0.d0
      1  1  1  120  0.0d0 2.371229e+02  4.768419e+01  -1        0.04166667 0.d0 0.d0 0.d0
      1  1  1  120  0.0d0 2.371243e+02  4.768419e+01  -1        0.04166667 0.d0 0.d0 0.d0
      1  1  1  120  0.0d0 2.371256e+02  4.768419e+01  -1        0.04166667 0.d0 0.d0 0.d0
      1  1  1  120  0.0d0 2.371269e+02  4.768419e+01  -1        0.04166667 0.d0 0.d0 0.d0
      1  1  1  120  0.0d0 2.371282e+02  4.768419e+01  -1        0.04166667 0.d0 0.d0 0.d0
      1  1  1  120  0.0d0 2.371295e+02  4.768419e+01  -1        0.04166667 0.d0 0.d0 0.d0
      1  1  1  120  0.0d0 2.371309e+02  4.768419e+01  -1        0.04166667 0.d0 0.d0 0.d0
      1  1  1  120  0.0d0 2.371322e+02  4.768419e+01  -1        0.04166667 0.d0 0.d0 0.d0
      1  1  1  120  0.0d0 2.371335e+02  4.768419e+01  -1        0.04166667 0.d0 0.d0 0.d0
      1  1  1  120  0.0d0 2.371348e+02  4.768419e+01  -1        0.04166667 0.d0 0.d0 0.d0
      1  1  1  120  0.0d0 2.371361e+02  4.768419e+01  -1        0.04166667 0.d0 0.d0 0.d0
      1  1  1  120  0.0d0 2.371375e+02  4.768419e+01  -1        0.04166667 0.d0 0.d0 0.d0
      1  1  1  120  0.0d0 2.371388e+02  4.768419e+01  -1        0.04166667 0.d0 0.d0 0.d0
      1  1  1  120  0.0d0 2.371401e+02  4.768419e+01  -1        0.04166667 0.d0 0.d0 0.d0
      1  1  1  120  0.0d0 2.371414e+02  4.768419e+01  -1        0.04166667 0.d0 0.d0 0.d0
      1  1  1  120  0.0d0 2.371427e+02  4.768419e+01  -1        0.04166667 0.d0 0.d0 0.d0
      1  1  1  120  0.0d0 2.371441e+02  4.768419e+01  -1        0.04166667 0.d0 0.d0 0.d0
      1  1  1  120  0.0d0 2.371454e+02  4.768419e+01  -1        0.04166667 0.d0 0.d0 0.d0
      1  1  1  120  0.0d0 2.371467e+02  4.768419e+01  -1        0.04166667 0.d0 0.d0 0.d0
      1  1  1  120  0.0d0 2.371480e+02  4.768419e+01  -1        0.04166667 0.d0 0.d0 0.d0
      1  1  1  120  0.0d0 2.371493e+02  4.768419e+01  -1        0.04166667 0.d0 0.d0 0.d0
      1  1  1  120  0.0d0 2.371507e+02  4.768419e+01  -1        0.04166667 0.d0 0.d0 0.d0
      1  1  1  120  0.0d0 2.371520e+02  4.768419e+01  -1        0.04166667 0.d0 0.d0 0.d0
      1  1  1  120  0.0d0 2.371533e+02  4.768419e+01  -1        0.04166667 0.d0 0.d0 0.d0
      1  1  1  120  0.0d0 2.371546e+02  4.768419e+01  -1        0.04166667 0.d0 0.d0 0.d0
      1  1  1  120  0.0d0 2.371559e+02  4.768419e+01  -1        0.04166667 0.d0 0.d0 0.d0
      1  1  1  120  0.0d0 2.371573e+02  4.768419e+01  -1        0.04166667 0.d0 0.d0 0.d0
      1  1  1  120  0.0d0 2.371586e+02  4.768419e+01  -1        0.04166667 0.d0 0.d0 0.d0
      1  1  1  120  0.0d0 2.371599e+02  4.768419e+01  -1        0.04166667 0.d0 0.d0 0.d0
      1  1  1  120  0.0d0 2.371612e+02  4.768419e+01  -1        0.04166667 0.d0 0.d0 0.d0
      1  1  1  120  0.0d0 2.371625e+02  4.768419e+01  -1        0.04166667 0.d0 0.d0 0.d0
      1  1  1  120  0.0d0 2.371639e+02  4.768419e+01  -1        0.04166667 0.d0 0.d0 0.d0
      1  1  1  120  0.0d0 2.371652e+02  4.768419e+01  -1        0.04166667 0.d0 0.d0 0.d0
      1  1  1  120  0.0d0 2.371665e+02  4.768419e+01  -1        0.04166667 0.d0 0.d0 0.d0
      1  1  1  120  0.0d0 2.371678e+02  4.768419e+01  -1        0.04166667 0.d0 0.d0 0.d0
      1  1  1  120  0.0d0 2.371691e+02  4.768419e+01  -1        0.04166667 0.d0 0.d0 0.d0
      1  1  1  120  0.0d0 2.371705e+02  4.768419e+01  -1        0.04166667 0.d0 0.d0 0.d0
      1  1  1  120  0.0d0 2.371718e+02  4.768419e+01  -1        0.04166667 0.d0 0.d0 0.d0
      1  1  1  120  0.0d0 2.371731e+02  4.768419e+01  -1        0.04166667 0.d0 0.d0 0.d0
      1  1  1  120  0.0d0 2.371744e+02  4.768419e+01  -1        0.04166667 0.d0 0.d0 0.d0
      1  1  1  120  0.0d0 2.371757e+02  4.768419e+01  -1        0.04166667 0.d0 0.d0 0.d0
      1  1  1  120  0.0d0 2.371771e+02  4.768419e+01  -1        0.04166667 0.d0 0.d0 0.d0
      1  1  1  120  0.0d0 2.371784e+02  4.768419e+01  -1        0.04166667 0.d0 0.d0 0.d0
      1  1  1  120  0.0d0 2.371797e+02  4.768419e+01  -1        0.04166667 0.d0 0.d0 0.d0
      1  1  1  120  0.0d0 2.371810e+02  4.768419e+01  -1        0.04166667 0.d0 0.d0 0.d0
      1  1  1  120  0.0d0 2.371823e+02  4.768419e+01  -1        0.04166667 0.d0 0.d0 0.d0
      1  1  1  120  0.0d0 2.371837e+02  4.768419e+01  -1        0.04166667 0.d0 0.d0 0.d0
      1  1  1  120  0.0d0 2.371850e+02  4.768419e+01  -1        0.04166667 0.d0 0.d0 0.d0
