   1.5672475e+01   1.4773335e+02
   1.5672479e+01   1.4764391e+02
   1.5672483e+01   1.4755554e+02
   1.5672486e+01   1.4746849e+02
   1.5672490e+01   1.4738308e+02
   1.5672493e+01   1.4729967e+02
   1.5672496e+01   1.4721868e+02
   1.5672500e+01   1.4714057e+02
   1.5672503e+01   1.4706584e+02
   1.5672505e+01   1.4699499e+02
   1.5672508e+01   1.4692850e+02
   1.5672510e+01   1.4686676e+02
   1.5672513e+01   1.4681008e+02
   1.5672515e+01   1.4675862e+02
   1.5672516e+01   1.4671237e+02
   1.5672518e+01   1.4667118e+02
   1.5672519e+01   1.4663475e+02
   1.5672521e+01   1.4660268e+02
   1.5672522e+01   1.4657448e+02
   1.5672523e+01   1.4654966e+02
   1.5672523e+01   1.4652773e+02
   1.5672524e+01   1.4650822e+02
   1.5672525e+01   1.4649071e+02
   1.5672525e+01   1.4647483e+02
   1.5672526e+01   1.4646028e+02
   1.5672527e+01   1.4644678e+02
   1.5672527e+01   1.4643414e+02
   1.5672527e+01   1.4642217e+02
   1.5672528e+01   1.4641073e+02
   1.5672528e+01   1.4639971e+02
   1.5672529e+01   1.4638902e+02
   1.5672529e+01   1.4637858e+02
   1.5672530e+01   1.4636815e+02
   1.5672530e+01   1.4635772e+02
   1.5672530e+01   1.4634728e+02
   1.5672531e+01   1.4633685e+02
   1.5672531e+01   1.4632641e+02
   1.5672532e+01   1.4631598e+02
   1.5672532e+01   1.4630555e+02
   1.5672532e+01   1.4629511e+02
   1.5672533e+01   1.4628479e+02
   1.5672533e+01   1.4627446e+02
   1.5672533e+01   1.4626413e+02
   1.5672534e+01   1.4625381e+02
   1.5672534e+01   1.4624348e+02
   1.5672535e+01   1.4623315e+02
   1.5672535e+01   1.4622282e+02
   1.5672535e+01   1.4621250e+02
   1.5672536e+01   1.4620228e+02
   1.5672536e+01   1.4619206e+02
   1.5672537e+01   1.4618184e+02
   1.5672537e+01   1.4617162e+02
   1.5672537e+01   1.4616140e+02
   1.5672538e+01   1.4615118e+02
   1.5672538e+01   1.4614096e+02
   1.5672538e+01   1.4613074e+02
   1.5672539e+01   1.4612063e+02
   1.5672539e+01   1.4611051e+02
   1.5672540e+01   1.4610040e+02
   1.5672540e+01   1.4609029e+02
   1.5672540e+01   1.4608018e+02
   1.5672541e+01   1.4607006e+02
   1.5672541e+01   1.4605995e+02
   1.5672541e+01   1.4604984e+02
   1.5672542e+01   1.4603983e+02
   1.5672542e+01   1.4602983e+02
   1.5672543e+01   1.4601982e+02
   1.5672543e+01   1.4600981e+02
   1.5672543e+01   1.4599981e+02
   1.5672544e+01   1.4598980e+02
   1.5672544e+01   1.4597980e+02
   1.5672544e+01   1.4596979e+02
   1.5672545e+01   1.4595989e+02
   1.5672545e+01   1.4594999e+02
   1.5672546e+01   1.4594009e+02
   1.5672546e+01   1.4593019e+02
   1.5672546e+01   1.4592030e+02
   1.5672547e+01   1.4591040e+02
   1.5672547e+01   1.4590050e+02
   1.5672547e+01   1.4589060e+02
   1.5672548e+01   1.4588081e+02
   1.5672548e+01   1.4587102e+02
   1.5672548e+01   1.4586122e+02
   1.5672549e+01   1.4585143e+02
   1.5672549e+01   1.4584164e+02
   1.5672549e+01   1.4583185e+02
   1.5672550e+01   1.4582206e+02
   1.5672550e+01   1.4581226e+02
   1.5672551e+01   1.4580258e+02
   1.5672551e+01   1.4579289e+02
   1.5672551e+01   1.4578321e+02
   1.5672552e+01   1.4577353e+02
   1.5672552e+01   1.4576384e+02
   1.5672552e+01   1.4575416e+02
   1.5672553e+01   1.4574447e+02
   1.5672553e+01   1.4573479e+02
   1.5672553e+01   1.4572521e+02
   1.5672554e+01   1.4571563e+02
   1.5672554e+01   1.4570605e+02
   1.5672554e+01   1.4569647e+02
   1.5672555e+01   1.4568690e+02
   1.5672555e+01   1.4567732e+02
   1.5672555e+01   1.4566774e+02
   1.5672556e+01   1.4565816e+02
   1.5672556e+01   1.4564864e+02
   1.5672556e+01   1.4563911e+02
   1.5672557e+01   1.4562959e+02
   1.5672557e+01   1.4562007e+02
   1.5672557e+01   1.4561054e+02
   1.5672558e+01   1.4560102e+02
   1.5672558e+01   1.4559149e+02
   1.5672559e+01   1.4558197e+02
   1.5672559e+01   1.4557244e+02
   1.5672559e+01   1.4556292e+02
   1.5672560e+01   1.4555339e+02
   1.5672560e+01   1.4554387e+02
   1.5672560e+01   1.4553435e+02
   1.5672561e+01   1.4552482e+02
   1.5672561e+01   1.4551530e+02
   1.5672561e+01   1.4550577e+02
   1.5672562e+01   1.4549625e+02
   1.5672562e+01   1.4548672e+02
   1.5672562e+01   1.4547720e+02
   1.5672563e+01   1.4546768e+02
   1.5672563e+01   1.4545815e+02
   1.5672563e+01   1.4544863e+02
   1.5672564e+01   1.4543910e+02
   1.5672564e+01   1.4542958e+02
   1.5672564e+01   1.4542005e+02
   1.5672565e+01   1.4541053e+02
   1.5672565e+01   1.4540100e+02
   1.5672565e+01   1.4539148e+02
   1.5672565e+01   1.4538196e+02
   1.5672566e+01   1.4537243e+02
   1.5672566e+01   1.4536291e+02
   1.5672566e+01   1.4535338e+02
   1.5672567e+01   1.4534386e+02
   1.5672567e+01   1.4533433e+02
   1.5672567e+01   1.4532481e+02
   1.5672568e+01   1.4531529e+02
   1.5672568e+01   1.4530576e+02
   1.5672568e+01   1.4529624e+02
   1.5672569e+01   1.4528671e+02
   1.5672569e+01   1.4527719e+02
   1.5672569e+01   1.4526766e+02
   1.5672570e+01   1.4525814e+02
   1.5672570e+01   1.4524862e+02
   1.5672570e+01   1.4523909e+02
   1.5672571e+01   1.4522957e+02
   1.5672571e+01   1.4522004e+02
   1.5672571e+01   1.4521052e+02
   1.5672572e+01   1.4520099e+02
   1.5672572e+01   1.4519147e+02
   1.5672572e+01   1.4518195e+02
   1.5672572e+01   1.4517242e+02
   1.5672573e+01   1.4516290e+02
   1.5672573e+01   1.4515337e+02
   1.5672573e+01   1.4514385e+02
   1.5672574e+01   1.4513432e+02
   1.5672574e+01   1.4512480e+02
   1.5672574e+01   1.4511528e+02
   1.5672575e+01   1.4510575e+02
   1.5672575e+01   1.4509623e+02
   1.5672575e+01   1.4508670e+02
   1.5672576e+01   1.4507718e+02
   1.5672576e+01   1.4506765e+02
   1.5672576e+01   1.4505813e+02
   1.5672576e+01   1.4504861e+02
   1.5672577e+01   1.4503908e+02
   1.5672577e+01   1.4502956e+02
   1.5672577e+01   1.4502003e+02
   1.5672578e+01   1.4501051e+02
   1.5672578e+01   1.4500098e+02
   1.5672578e+01   1.4499146e+02
   1.5672579e+01   1.4498194e+02
   1.5672579e+01   1.4497241e+02
   1.5672579e+01   1.4496289e+02
   1.5672579e+01   1.4495336e+02
   1.5672580e+01   1.4494384e+02
   1.5672580e+01   1.4493431e+02
   1.5672580e+01   1.4492479e+02
   1.5672581e+01   1.4491527e+02
   1.5672581e+01   1.4490574e+02
   1.5672581e+01   1.4489622e+02
   1.5672582e+01   1.4488669e+02
   1.5672582e+01   1.4487717e+02
   1.5672582e+01   1.4486764e+02
   1.5672582e+01   1.4485812e+02
   1.5672583e+01   1.4484860e+02
   1.5672583e+01   1.4483907e+02
   1.5672583e+01   1.4482955e+02
   1.5672584e+01   1.4482002e+02
   1.5672584e+01   1.4481050e+02
   1.5672584e+01   1.4480097e+02
   1.5672584e+01   1.4479145e+02
   1.5672585e+01   1.4478193e+02
   1.5672585e+01   1.4477240e+02
   1.5672585e+01   1.4476288e+02
   1.5672586e+01   1.4475335e+02
   1.5672586e+01   1.4474383e+02
   1.5672586e+01   1.4473431e+02
   1.5672586e+01   1.4472478e+02
   1.5672587e+01   1.4471526e+02
   1.5672587e+01   1.4470573e+02
   1.5672587e+01   1.4469621e+02
   1.5672588e+01   1.4468668e+02
   1.5672588e+01   1.4467716e+02
   1.5672588e+01   1.4466764e+02
   1.5672588e+01   1.4465811e+02
   1.5672589e+01   1.4464859e+02
   1.5672589e+01   1.4463906e+02
   1.5672589e+01   1.4462954e+02
   1.5672589e+01   1.4462001e+02
   1.5672590e+01   1.4461049e+02
   1.5672590e+01   1.4460097e+02
   1.5672590e+01   1.4459144e+02
   1.5672591e+01   1.4458192e+02
   1.5672591e+01   1.4457239e+02
   1.5672591e+01   1.4456287e+02
   1.5672591e+01   1.4455335e+02
   1.5672592e+01   1.4454382e+02
   1.5672592e+01   1.4453430e+02
   1.5672592e+01   1.4452477e+02
   1.5672593e+01   1.4451525e+02
   1.5672593e+01   1.4450572e+02
   1.5672593e+01   1.4449620e+02
   1.5672593e+01   1.4448668e+02
   1.5672594e+01   1.4447715e+02
   1.5672594e+01   1.4446763e+02
   1.5672594e+01   1.4445810e+02
   1.5672594e+01   1.4444858e+02
   1.5672595e+01   1.4443906e+02
   1.5672595e+01   1.4442953e+02
   1.5672595e+01   1.4442001e+02
   1.5672595e+01   1.4441048e+02
   1.5672596e+01   1.4440096e+02
   1.5672596e+01   1.4439143e+02
   1.5672596e+01   1.4438191e+02
   1.5672597e+01   1.4437239e+02
   1.5672597e+01   1.4436286e+02
   1.5672597e+01   1.4435334e+02
   1.5672597e+01   1.4434381e+02
   1.5672598e+01   1.4433429e+02
   1.5672598e+01   1.4432477e+02
   1.5672598e+01   1.4431524e+02
   1.5672598e+01   1.4430572e+02
   1.5672599e+01   1.4429619e+02
   1.5672599e+01   1.4428667e+02
   1.5672599e+01   1.4427714e+02
   1.5672599e+01   1.4426762e+02
   1.5672600e+01   1.4425810e+02
   1.5672600e+01   1.4424857e+02
   1.5672600e+01   1.4423905e+02
   1.5672600e+01   1.4422952e+02
   1.5672601e+01   1.4422000e+02
   1.5672601e+01   1.4421048e+02
   1.5672601e+01   1.4420095e+02
   1.5672601e+01   1.4419143e+02
   1.5672602e+01   1.4418190e+02
   1.5672602e+01   1.4417238e+02
   1.5672602e+01   1.4416286e+02
   1.5672602e+01   1.4415333e+02
   1.5672603e+01   1.4414381e+02
   1.5672603e+01   1.4413428e+02
   1.5672603e+01   1.4412476e+02
   1.5672603e+01   1.4411524e+02
   1.5672604e+01   1.4410571e+02
   1.5672604e+01   1.4409619e+02
   1.5672604e+01   1.4408666e+02
   1.5672604e+01   1.4407714e+02
   1.5672605e+01   1.4406761e+02
   1.5672605e+01   1.4405809e+02
   1.5672605e+01   1.4404857e+02
   1.5672605e+01   1.4403904e+02
   1.5672606e+01   1.4402952e+02
   1.5672606e+01   1.4401999e+02
   1.5672606e+01   1.4401047e+02
   1.5672606e+01   1.4400095e+02
   1.5672607e+01   1.4399142e+02
   1.5672607e+01   1.4398190e+02
   1.5672607e+01   1.4397237e+02
   1.5672607e+01   1.4396285e+02
   1.5672608e+01   1.4395333e+02
   1.5672608e+01   1.4394380e+02
   1.5672608e+01   1.4393428e+02
   1.5672608e+01   1.4392475e+02
   1.5672609e+01   1.4391523e+02
   1.5672609e+01   1.4390571e+02
   1.5672609e+01   1.4389618e+02
   1.5672609e+01   1.4388666e+02
   1.5672609e+01   1.4387713e+02
   1.5672610e+01   1.4386761e+02
   1.5672610e+01   1.4385809e+02
   1.5672610e+01   1.4384856e+02
   1.5672610e+01   1.4383904e+02
   1.5672611e+01   1.4382951e+02
   1.5672611e+01   1.4381999e+02
   1.5672611e+01   1.4381047e+02
   1.5672611e+01   1.4380094e+02
   1.5672612e+01   1.4379142e+02
   1.5672612e+01   1.4378189e+02
   1.5672612e+01   1.4377237e+02
   1.5672612e+01   1.4376285e+02
   1.5672613e+01   1.4375332e+02
   1.5672613e+01   1.4374380e+02
   1.5672613e+01   1.4373427e+02
   1.5672613e+01   1.4372475e+02
   1.5672613e+01   1.4371522e+02
   1.5672614e+01   1.4370570e+02
   1.5672614e+01   1.4369618e+02
   1.5672614e+01   1.4368665e+02
   1.5672614e+01   1.4367713e+02
   1.5672615e+01   1.4366760e+02
   1.5672615e+01   1.4365808e+02
   1.5672615e+01   1.4364856e+02
   1.5672615e+01   1.4363903e+02
   1.5672616e+01   1.4362951e+02
   1.5672616e+01   1.4361999e+02
   1.5672616e+01   1.4361046e+02
   1.5672616e+01   1.4360094e+02
   1.5672616e+01   1.4359141e+02
   1.5672617e+01   1.4358171e+02
   1.5672617e+01   1.4357180e+02
   1.5672617e+01   1.4356163e+02
   1.5672617e+01   1.4355114e+02
   1.5672618e+01   1.4354025e+02
   1.5672618e+01   1.4352890e+02
   1.5672618e+01   1.4351697e+02
   1.5672618e+01   1.4350435e+02
   1.5672619e+01   1.4349089e+02
   1.5672619e+01   1.4347643e+02
   1.5672619e+01   1.4346079e+02
   1.5672620e+01   1.4344374e+02
   1.5672620e+01   1.4342505e+02
   1.5672621e+01   1.4340445e+02
   1.5672621e+01   1.4338165e+02
   1.5672622e+01   1.4335638e+02
   1.5672622e+01   1.4332835e+02
   1.5672623e+01   1.4329728e+02
   1.5672624e+01   1.4326295e+02
   1.5672625e+01   1.4322516e+02
   1.5672626e+01   1.4318381e+02
   1.5672627e+01   1.4313884e+02
   1.5672628e+01   1.4309028e+02
   1.5672629e+01   1.4303824e+02
   1.5672630e+01   1.4298289e+02
   1.5672631e+01   1.4292446e+02
   1.5672632e+01   1.4286321e+02
   1.5672634e+01   1.4279942e+02
   1.5672635e+01   1.4273339e+02
   1.5672636e+01   1.4266539e+02
   1.5672638e+01   1.4259570e+02
   1.5672639e+01   1.4252456e+02
   1.5672640e+01   1.4245218e+02
   1.5672642e+01   1.4237877e+02
   1.5672643e+01   1.4230450e+02
   1.5672644e+01   1.4222951e+02
