   1.2102466e+01   1.4222732e+02
   1.2102466e+01   1.4230228e+02
   1.2102465e+01   1.4237653e+02
   1.2102465e+01   1.4244991e+02
   1.2102464e+01   1.4252226e+02
   1.2102464e+01   1.4259338e+02
   1.2102463e+01   1.4266305e+02
   1.2102463e+01   1.4273102e+02
   1.2102462e+01   1.4279703e+02
   1.2102462e+01   1.4286080e+02
   1.2102462e+01   1.4292202e+02
   1.2102461e+01   1.4298043e+02
   1.2102461e+01   1.4303576e+02
   1.2102460e+01   1.4308778e+02
   1.2102460e+01   1.4313633e+02
   1.2102459e+01   1.4318128e+02
   1.2102459e+01   1.4322263e+02
   1.2102459e+01   1.4326040e+02
   1.2102459e+01   1.4329472e+02
   1.2102458e+01   1.4332577e+02
   1.2102458e+01   1.4335380e+02
   1.2102458e+01   1.4337906e+02
   1.2102458e+01   1.4340185e+02
   1.2102457e+01   1.4342244e+02
   1.2102457e+01   1.4344113e+02
   1.2102457e+01   1.4345817e+02
   1.2102457e+01   1.4347381e+02
   1.2102457e+01   1.4348826e+02
   1.2102457e+01   1.4350171e+02
   1.2102457e+01   1.4351433e+02
   1.2102457e+01   1.4352625e+02
   1.2102456e+01   1.4353760e+02
   1.2102456e+01   1.4354848e+02
   1.2102456e+01   1.4355897e+02
   1.2102456e+01   1.4356914e+02
   1.2102456e+01   1.4357905e+02
   1.2102456e+01   1.4358875e+02
   1.2102456e+01   1.4359827e+02
   1.2102456e+01   1.4360779e+02
   1.2102456e+01   1.4361731e+02
   1.2102456e+01   1.4362683e+02
   1.2102456e+01   1.4363635e+02
   1.2102455e+01   1.4364587e+02
   1.2102455e+01   1.4365539e+02
   1.2102455e+01   1.4366491e+02
   1.2102455e+01   1.4367443e+02
   1.2102455e+01   1.4368395e+02
   1.2102455e+01   1.4369347e+02
   1.2102455e+01   1.4370299e+02
   1.2102455e+01   1.4371251e+02
   1.2102455e+01   1.4372203e+02
   1.2102455e+01   1.4373155e+02
   1.2102455e+01   1.4374107e+02
   1.2102454e+01   1.4375059e+02
   1.2102454e+01   1.4376012e+02
   1.2102454e+01   1.4376964e+02
   1.2102454e+01   1.4377916e+02
   1.2102454e+01   1.4378868e+02
   1.2102454e+01   1.4379820e+02
   1.2102454e+01   1.4380772e+02
   1.2102454e+01   1.4381724e+02
   1.2102454e+01   1.4382676e+02
   1.2102454e+01   1.4383628e+02
   1.2102454e+01   1.4384580e+02
   1.2102453e+01   1.4385532e+02
   1.2102453e+01   1.4386484e+02
   1.2102453e+01   1.4387436e+02
   1.2102453e+01   1.4388388e+02
   1.2102453e+01   1.4389340e+02
   1.2102453e+01   1.4390292e+02
   1.2102453e+01   1.4391244e+02
   1.2102453e+01   1.4392196e+02
   1.2102453e+01   1.4393148e+02
   1.2102453e+01   1.4394101e+02
   1.2102453e+01   1.4395053e+02
   1.2102452e+01   1.4396005e+02
   1.2102452e+01   1.4396957e+02
   1.2102452e+01   1.4397909e+02
   1.2102452e+01   1.4398861e+02
   1.2102452e+01   1.4399813e+02
   1.2102452e+01   1.4400765e+02
   1.2102452e+01   1.4401717e+02
   1.2102452e+01   1.4402669e+02
   1.2102452e+01   1.4403621e+02
   1.2102452e+01   1.4404573e+02
   1.2102451e+01   1.4405525e+02
   1.2102451e+01   1.4406477e+02
   1.2102451e+01   1.4407429e+02
   1.2102451e+01   1.4408381e+02
   1.2102451e+01   1.4409333e+02
   1.2102451e+01   1.4410285e+02
   1.2102451e+01   1.4411238e+02
   1.2102451e+01   1.4412190e+02
   1.2102451e+01   1.4413142e+02
   1.2102451e+01   1.4414094e+02
   1.2102450e+01   1.4415046e+02
   1.2102450e+01   1.4415998e+02
   1.2102450e+01   1.4416950e+02
   1.2102450e+01   1.4417902e+02
   1.2102450e+01   1.4418854e+02
   1.2102450e+01   1.4419806e+02
   1.2102450e+01   1.4420758e+02
   1.2102450e+01   1.4421710e+02
   1.2102450e+01   1.4422662e+02
   1.2102450e+01   1.4423614e+02
   1.2102449e+01   1.4424566e+02
   1.2102449e+01   1.4425518e+02
   1.2102449e+01   1.4426470e+02
   1.2102449e+01   1.4427422e+02
   1.2102449e+01   1.4428375e+02
   1.2102449e+01   1.4429327e+02
   1.2102449e+01   1.4430279e+02
   1.2102449e+01   1.4431231e+02
   1.2102449e+01   1.4432183e+02
   1.2102449e+01   1.4433135e+02
   1.2102448e+01   1.4434087e+02
   1.2102448e+01   1.4435039e+02
   1.2102448e+01   1.4435991e+02
   1.2102448e+01   1.4436943e+02
   1.2102448e+01   1.4437895e+02
   1.2102448e+01   1.4438847e+02
   1.2102448e+01   1.4439799e+02
   1.2102448e+01   1.4440751e+02
   1.2102448e+01   1.4441703e+02
   1.2102447e+01   1.4442655e+02
   1.2102447e+01   1.4443607e+02
   1.2102447e+01   1.4444560e+02
   1.2102447e+01   1.4445512e+02
   1.2102447e+01   1.4446464e+02
   1.2102447e+01   1.4447416e+02
   1.2102447e+01   1.4448368e+02
   1.2102447e+01   1.4449320e+02
   1.2102447e+01   1.4450272e+02
   1.2102446e+01   1.4451224e+02
   1.2102446e+01   1.4452176e+02
   1.2102446e+01   1.4453128e+02
   1.2102446e+01   1.4454080e+02
   1.2102446e+01   1.4455032e+02
   1.2102446e+01   1.4455984e+02
   1.2102446e+01   1.4456936e+02
   1.2102446e+01   1.4457888e+02
   1.2102446e+01   1.4458840e+02
   1.2102445e+01   1.4459792e+02
   1.2102445e+01   1.4460744e+02
   1.2102445e+01   1.4461697e+02
   1.2102445e+01   1.4462649e+02
   1.2102445e+01   1.4463601e+02
   1.2102445e+01   1.4464553e+02
   1.2102445e+01   1.4465505e+02
   1.2102445e+01   1.4466457e+02
   1.2102445e+01   1.4467409e+02
   1.2102444e+01   1.4468361e+02
   1.2102444e+01   1.4469313e+02
   1.2102444e+01   1.4470265e+02
   1.2102444e+01   1.4471217e+02
   1.2102444e+01   1.4472169e+02
   1.2102444e+01   1.4473121e+02
   1.2102444e+01   1.4474073e+02
   1.2102444e+01   1.4475025e+02
   1.2102443e+01   1.4475977e+02
   1.2102443e+01   1.4476929e+02
   1.2102443e+01   1.4477882e+02
   1.2102443e+01   1.4478834e+02
   1.2102443e+01   1.4479786e+02
   1.2102443e+01   1.4480738e+02
   1.2102443e+01   1.4481690e+02
   1.2102443e+01   1.4482642e+02
   1.2102443e+01   1.4483594e+02
   1.2102442e+01   1.4484546e+02
   1.2102442e+01   1.4485498e+02
   1.2102442e+01   1.4486450e+02
   1.2102442e+01   1.4487402e+02
   1.2102442e+01   1.4488354e+02
   1.2102442e+01   1.4489306e+02
   1.2102442e+01   1.4490258e+02
   1.2102442e+01   1.4491210e+02
   1.2102441e+01   1.4492162e+02
   1.2102441e+01   1.4493114e+02
   1.2102441e+01   1.4494067e+02
   1.2102441e+01   1.4495019e+02
   1.2102441e+01   1.4495971e+02
   1.2102441e+01   1.4496923e+02
   1.2102441e+01   1.4497875e+02
   1.2102441e+01   1.4498827e+02
   1.2102440e+01   1.4499779e+02
   1.2102440e+01   1.4500731e+02
   1.2102440e+01   1.4501683e+02
   1.2102440e+01   1.4502635e+02
   1.2102440e+01   1.4503587e+02
   1.2102440e+01   1.4504539e+02
   1.2102440e+01   1.4505491e+02
   1.2102440e+01   1.4506443e+02
   1.2102439e+01   1.4507395e+02
   1.2102439e+01   1.4508347e+02
   1.2102439e+01   1.4509299e+02
   1.2102439e+01   1.4510252e+02
   1.2102439e+01   1.4511204e+02
   1.2102439e+01   1.4512156e+02
   1.2102439e+01   1.4513108e+02
   1.2102439e+01   1.4514060e+02
   1.2102438e+01   1.4515012e+02
   1.2102438e+01   1.4515964e+02
   1.2102438e+01   1.4516916e+02
   1.2102438e+01   1.4517868e+02
   1.2102438e+01   1.4518820e+02
   1.2102438e+01   1.4519772e+02
   1.2102438e+01   1.4520724e+02
   1.2102437e+01   1.4521676e+02
   1.2102437e+01   1.4522628e+02
   1.2102437e+01   1.4523580e+02
   1.2102437e+01   1.4524532e+02
   1.2102437e+01   1.4525484e+02
   1.2102437e+01   1.4526437e+02
   1.2102437e+01   1.4527389e+02
   1.2102436e+01   1.4528341e+02
   1.2102436e+01   1.4529293e+02
   1.2102436e+01   1.4530245e+02
   1.2102436e+01   1.4531197e+02
   1.2102436e+01   1.4532149e+02
   1.2102436e+01   1.4533101e+02
   1.2102436e+01   1.4534053e+02
   1.2102436e+01   1.4535005e+02
   1.2102435e+01   1.4535957e+02
   1.2102435e+01   1.4536909e+02
   1.2102435e+01   1.4537861e+02
   1.2102435e+01   1.4538813e+02
   1.2102435e+01   1.4539765e+02
   1.2102435e+01   1.4540717e+02
   1.2102435e+01   1.4541670e+02
   1.2102434e+01   1.4542622e+02
   1.2102434e+01   1.4543574e+02
   1.2102434e+01   1.4544526e+02
   1.2102434e+01   1.4545478e+02
   1.2102434e+01   1.4546430e+02
   1.2102434e+01   1.4547382e+02
   1.2102434e+01   1.4548334e+02
   1.2102433e+01   1.4549286e+02
   1.2102433e+01   1.4550238e+02
   1.2102433e+01   1.4551190e+02
   1.2102433e+01   1.4552142e+02
   1.2102433e+01   1.4553094e+02
   1.2102433e+01   1.4554046e+02
   1.2102432e+01   1.4554998e+02
   1.2102432e+01   1.4555950e+02
   1.2102432e+01   1.4556902e+02
   1.2102432e+01   1.4557855e+02
   1.2102432e+01   1.4558807e+02
   1.2102432e+01   1.4559759e+02
   1.2102432e+01   1.4560711e+02
   1.2102431e+01   1.4561663e+02
   1.2102431e+01   1.4562615e+02
   1.2102431e+01   1.4563567e+02
   1.2102431e+01   1.4564519e+02
   1.2102431e+01   1.4565471e+02
   1.2102431e+01   1.4566428e+02
   1.2102431e+01   1.4567386e+02
   1.2102430e+01   1.4568343e+02
   1.2102430e+01   1.4569301e+02
   1.2102430e+01   1.4570258e+02
   1.2102430e+01   1.4571216e+02
   1.2102430e+01   1.4572173e+02
   1.2102430e+01   1.4573130e+02
   1.2102429e+01   1.4574098e+02
   1.2102429e+01   1.4575067e+02
   1.2102429e+01   1.4576035e+02
   1.2102429e+01   1.4577003e+02
   1.2102429e+01   1.4577971e+02
   1.2102429e+01   1.4578939e+02
   1.2102428e+01   1.4579907e+02
   1.2102428e+01   1.4580875e+02
   1.2102428e+01   1.4581854e+02
   1.2102428e+01   1.4582833e+02
   1.2102428e+01   1.4583812e+02
   1.2102428e+01   1.4584790e+02
   1.2102428e+01   1.4585769e+02
   1.2102427e+01   1.4586748e+02
   1.2102427e+01   1.4587727e+02
   1.2102427e+01   1.4588706e+02
   1.2102427e+01   1.4589695e+02
   1.2102427e+01   1.4590685e+02
   1.2102427e+01   1.4591674e+02
   1.2102426e+01   1.4592664e+02
   1.2102426e+01   1.4593653e+02
   1.2102426e+01   1.4594643e+02
   1.2102426e+01   1.4595632e+02
   1.2102426e+01   1.4596621e+02
   1.2102426e+01   1.4597622e+02
   1.2102425e+01   1.4598622e+02
   1.2102425e+01   1.4599622e+02
   1.2102425e+01   1.4600622e+02
   1.2102425e+01   1.4601622e+02
   1.2102425e+01   1.4602623e+02
   1.2102424e+01   1.4603623e+02
   1.2102424e+01   1.4604623e+02
   1.2102424e+01   1.4605634e+02
   1.2102424e+01   1.4606645e+02
   1.2102424e+01   1.4607656e+02
   1.2102424e+01   1.4608667e+02
   1.2102423e+01   1.4609677e+02
   1.2102423e+01   1.4610688e+02
   1.2102423e+01   1.4611699e+02
   1.2102423e+01   1.4612710e+02
   1.2102423e+01   1.4613732e+02
   1.2102423e+01   1.4614753e+02
   1.2102422e+01   1.4615775e+02
   1.2102422e+01   1.4616796e+02
   1.2102422e+01   1.4617818e+02
   1.2102422e+01   1.4618840e+02
   1.2102422e+01   1.4619861e+02
   1.2102421e+01   1.4620883e+02
   1.2102421e+01   1.4621915e+02
   1.2102421e+01   1.4622947e+02
   1.2102421e+01   1.4623980e+02
   1.2102421e+01   1.4625012e+02
   1.2102421e+01   1.4626044e+02
   1.2102420e+01   1.4627076e+02
   1.2102420e+01   1.4628109e+02
   1.2102420e+01   1.4629141e+02
   1.2102420e+01   1.4630184e+02
   1.2102420e+01   1.4631227e+02
   1.2102419e+01   1.4632270e+02
   1.2102419e+01   1.4633313e+02
   1.2102419e+01   1.4634356e+02
   1.2102419e+01   1.4635399e+02
   1.2102419e+01   1.4636442e+02
   1.2102418e+01   1.4637485e+02
   1.2102418e+01   1.4638528e+02
   1.2102418e+01   1.4639596e+02
   1.2102418e+01   1.4640698e+02
   1.2102418e+01   1.4641842e+02
   1.2102417e+01   1.4643038e+02
   1.2102417e+01   1.4644302e+02
   1.2102417e+01   1.4645651e+02
   1.2102417e+01   1.4647105e+02
   1.2102416e+01   1.4648692e+02
   1.2102416e+01   1.4650443e+02
   1.2102416e+01   1.4652393e+02
   1.2102415e+01   1.4654586e+02
   1.2102415e+01   1.4657067e+02
   1.2102414e+01   1.4659885e+02
   1.2102414e+01   1.4663092e+02
   1.2102413e+01   1.4666733e+02
   1.2102412e+01   1.4670850e+02
   1.2102411e+01   1.4675473e+02
   1.2102410e+01   1.4680617e+02
   1.2102409e+01   1.4686283e+02
   1.2102408e+01   1.4692454e+02
   1.2102407e+01   1.4699101e+02
   1.2102405e+01   1.4706183e+02
   1.2102404e+01   1.4713653e+02
   1.2102402e+01   1.4721461e+02
   1.2102400e+01   1.4729557e+02
   1.2102398e+01   1.4737895e+02
   1.2102396e+01   1.4746433e+02
   1.2102394e+01   1.4755134e+02
   1.2102392e+01   1.4763968e+02
   1.2102390e+01   1.4772908e+02
