         299
  -350611.750         164297.422    
  -350718.656         156911.922    
  -350822.000         149781.703    
  -350917.875         143078.000    
  -351004.625         137031.672    
  -351077.344         131882.516    
  -351137.344         127774.039    
  -351181.875         124667.852    
  -351215.281         122367.586    
  -351239.281         120626.688    
  -351260.156         119235.789    
  -351276.531         118049.430    
  -351292.938         116978.180    
  -351306.875         115970.305    
  -351320.812         114962.336    
  -351336.344         113954.383    
  -351350.281         112946.422    
  -351365.812         111938.594    
  -351379.719         110930.516    
  -351393.656         109922.672    
  -351407.562         108914.719    
  -351423.125         107906.797    
  -351437.062         106898.523    
  -351452.594         105890.391    
  -351466.500         104882.016    
  -351480.438         103873.867    
  -351496.031         102865.523    
  -351509.938         101857.375    
  -351525.500         100849.047    
  -351539.375         99840.7969    
  -351553.312         98832.2344    
  -351567.250         97823.6719    
  -351582.844         96815.1328    
  -351596.750         95806.4688    
  -351612.312         94798.0469    
  -351626.250         93789.3906    
  -351640.156         92780.7266    
  -351655.750         91772.3125    
  -351669.656         90763.3438    
  -351685.250         89754.3984    
  -351699.125         88745.6484    
  -351713.094         87736.6875    
  -351727.000         86727.8281    
  -351742.594         85718.8984    
  -351756.500         84710.0391    
  -351772.094         83701.2266    
  -351786.000         82691.9531    
  -351799.969         81682.6875    
  -351815.531         80673.5547    
  -351829.469         79664.2891    
  -351843.375         78655.1328    
  -351857.344         77645.8750    
  -351872.906         76636.6328    
  -351886.812         75627.5859    
  -351902.406         74617.9375    
  -351916.344         73608.3672    
  -351930.312         72598.8984    
  -351945.875         71589.3672    
  -351959.781         70579.7891    
  -351975.406         69570.3672    
  -351989.344         68560.7969    
  -352003.250         67551.2422    
  -352017.219         66541.4688    
  -352032.781         65531.6133    
  -352046.750         64521.6406    
  -352062.344         63511.9023    
  -352076.250         62502.0273    
  -352090.219         61492.1680    
  -352105.781         60482.4180    
  -352119.750         59472.4531    
  -352135.344         58462.4023    
  -352149.281         57452.2188    
  -352163.219         56441.9375    
  -352177.188         55431.8633    
  -352192.750         54421.7109    
  -352206.688         53411.4258    
  -352222.281         52401.3867    
  -352236.250         51391.2188    
  -352250.219         50380.7305    
  -352265.781         49370.2656    
  -352279.719         48359.6719    
  -352295.344         47349.3164    
  -352309.250         46338.7305    
  -352323.219         45328.3516    
  -352337.188         44317.7656    
  -352352.781         43307.3086    
  -352368.375         42296.5352    
  -352382.344         41285.7344    
  -352396.281         40274.9414    
  -352410.250         39264.0391    
  -352425.844         38253.3789    
  -352439.812         37242.4805    
  -352455.406         36231.7109    
  -352469.344         35220.9219    
  -352483.312         34209.8164    
  -352498.906         33198.6250    
  -352512.875         32187.6250    
  -352528.469         31176.4355    
  -352542.438         30165.3340    
  -352556.406         29154.1250    
  -352570.344         28143.0234    
  -352585.938         27131.9434    
  -352599.906         26120.5234    
  -352615.531         25109.0195    
  -352629.500         24097.6035    
  -352643.469         23086.1875    
  -352659.094         22074.6875    
  -352673.062         21063.2695    
  -352687.031         20051.7500    
  -352700.969         19040.3340    
  -352716.594         18028.6230    
  -352730.562         17016.7871    
  -352746.156         16005.0781    
  -352760.156         14993.3447    
  -352774.125         13981.5088    
  -352789.719         12969.7998    
  -352803.688         11958.0703    
  -352819.312         10946.2578    
  -352833.281         9934.20996    
  -352847.281         8922.05566    
  -352862.875         7910.03076    
  -352876.875         6897.87793    
  -352892.469         5885.85352    
  -352906.469         4873.80664    
  -352920.438         3861.65430    
  -352934.375         2849.60742    
  -352950.031         1837.15967    
  -352964.031         824.794922    
  -352979.625        -187.652847    
  -352993.594        -1200.01746    
  -353007.562        -2212.38184    
  -353023.188        -3224.82983    
  -353037.188        -4237.19434    
  -353052.812        -5249.53662    
  -353066.812        -6262.32568    
  -353080.781        -7275.00879    
  -353094.750        -8287.79883    
  -353110.375        -9300.45898    
  -353126.031        -10313.2256    
  -353140.000        -11325.9111    
  -353154.000        -12338.7002    
  -353167.969        -13351.3857    
  -353183.594        -14364.4717    
  -353197.594        -15377.5811    
  -353213.219        -16390.5625    
  -353227.219        -17403.5684    
  -353241.188        -18416.5723    
  -353256.844        -19429.6602    
  -353270.844        -20442.7734    
  -353286.469        -21455.7559    
  -353300.469        -22469.0820    
  -353314.438        -23482.5117    
  -353328.469        -24495.8379    
  -353344.062        -25509.2500    
  -353359.719        -26522.5508    
  -353373.688        -27535.9863    
  -353387.719        -28549.4199    
  -353401.688        -29562.6445    
  -353417.344        -30576.3730    
  -353431.344        -31590.0234    
  -353445.312        -32603.7773    
  -353461.000        -33617.4102    
  -353475.000        -34631.1680    
  -353490.625        -35644.7930    
  -353504.625        -36658.5547    
  -353518.625        -37672.1016    
  -353532.625        -38686.1836    
  -353548.281        -39700.1328    
  -353563.938        -40714.0859    
  -353577.938        -41728.2734    
  -353591.938        -42742.2500    
  -353605.938        -43756.2305    
  -353621.594        -44770.2930    
  -353635.594        -45784.2695    
  -353651.250        -46798.5508    
  -353665.250        -47812.8516    
  -353679.250        -48827.1523    
  -353694.906        -49841.4336    
  -353708.906        -50855.7383    
  -353724.562        -51870.2344    
  -353738.562        -52884.5352    
  -353752.562        -53898.8477    
  -353766.594        -54913.4766    
  -353782.281        -55928.1875    
  -353797.938        -56942.7969    
  -353811.938        -57957.3281    
  -353825.938        -58971.9609    
  -353839.938        -59986.6953    
  -353855.625        -61001.3125    
  -353869.625        -62015.9492    
  -353885.281        -63030.9922    
  -353899.312        -64045.8477    
  -353913.344        -65060.9102    
  -353929.000        -66075.8516    
  -353943.000        -67090.7188    
  -353958.688        -68105.7656    
  -353972.688        -69120.7344    
  -353986.719        -70135.8047    
  -354002.406        -71150.9609    
  -354016.406        -72166.2578    
  -354032.094        -73181.6406    
  -354046.094        -74196.8203    
  -354060.156        -75212.2266    
  -354074.125        -76227.4219    
  -354089.844        -77242.8125    
  -354105.469        -78257.9766    
  -354119.500        -79273.6016    
  -354133.531        -80289.2266    
  -354147.562        -81304.8516    
  -354163.250        -82320.4609    
  -354177.281        -83336.0938    
  -354191.312        -84351.7266    
  -354206.969        -85367.2266    
  -354221.000        -86382.9688    
  -354236.688        -87398.9062    
  -354250.688        -88414.7656    
  -354264.750        -89430.6250    
  -354278.781        -90446.5938    
  -354294.438        -91462.5312    
  -354310.156        -92478.4844    
  -354324.156        -93494.4453    
  -354338.219        -94510.4219    
  -354352.250        -95526.7109    
  -354367.906        -96542.8750    
  -354381.969        -97559.1875    
  -354397.688        -98575.4688    
  -354411.688        -99591.5547    
  -354425.719        -100607.859    
  -354441.375        -101624.039    
  -354455.438        -102640.359    
  -354471.156        -103656.859    
  -354485.188        -104673.594    
  -354499.219        -105690.133    
  -354514.938        -106706.633    
  -354528.938        -107723.289    
  -354544.625        -108739.805    
  -354558.688        -109756.352    
  -354572.719        -110773.000    
  -354586.781        -111789.875    
  -354602.469        -112806.820    
  -354618.156        -113823.672    
  -354632.188        -114840.547    
  -354646.250        -115857.438    
  -354660.312        -116874.414    
  -354676.000        -117891.273    
  -354690.031        -118908.156    
  -354705.750        -119925.344    
  -354719.781        -120942.555    
  -354733.844        -121959.766    
  -354749.562        -122976.961    
  -354763.594        -123994.297    
  -354779.344        -125011.383    
  -354793.375        -126028.703    
  -354807.406        -127045.945    
  -354823.125        -128063.367    
  -354837.188        -129080.930    
  -354852.906        -130098.461    
  -354866.938        -131116.031    
  -354881.000        -132133.594    
  -354896.719        -133151.125    
  -354910.781        -134168.609    
  -354924.844        -135186.281    
  -354938.875        -136204.078    
  -354954.594        -137221.938    
  -354968.656        -138239.875    
  -354984.375        -139257.641    
  -354998.469        -140275.547    
  -355012.500        -141293.453    
  -355028.219        -142311.250    
  -355042.281        -143329.172    
  -355058.000        -144347.172    
  -355072.062        -145365.438    
  -355086.125        -146383.688    
  -355101.875        -147401.797    
  -355115.906        -148419.953    
  -355131.625        -149438.203    
  -355145.719        -150456.359    
  -355159.781        -151474.625    
  -355175.500        -152493.094    
  -355189.562        -153511.469    
  -355205.312        -154530.062    
  -355219.375        -155548.547    
  -355233.438        -156567.047    
  -355247.500        -157585.656    
  -355263.219        -158604.141    
  -355278.969        -159622.625    
  -355293.031        -160641.156    
  -355308.000        -161723.750    
  -355324.594        -162923.094    
  -355345.688        -164329.906    
  -355371.656        -166091.203    
  -355405.500        -168419.531    
  -355450.594        -171564.781    
  -355511.406        -175725.828    
  -355586.750        -180941.672    
  -355673.062        -187066.859    
  -355771.906        -193858.438    
  -355876.688        -201082.312    
  -355983.406        -208565.188    
         357
  -355983.406        -208565.188    
  -347831.219        -208676.547    
  -339755.312        -208784.438    
  -331773.969        -208888.484    
  -323903.781        -208988.750    
  -316168.000        -209084.875    
  -308589.906        -209176.891    
  -301197.625        -209264.422    
  -294017.750        -209347.469    
  -287081.844        -209425.719    
  -280421.406        -209499.078    
  -274069.656        -209567.578    
  -268049.844        -209630.938    
  -262391.875        -209689.297    
  -257110.594        -209742.562    
  -252222.672        -209791.016    
  -247724.781        -209834.672    
  -243615.266        -209873.875    
  -239882.500        -209908.906    
  -236504.906        -209940.250    
  -233455.984        -209968.062    
  -230709.078        -209992.812    
  -228229.406        -210014.906    
  -225990.406        -210034.766    
  -223957.203        -210052.531    
  -222103.250        -210068.609    
  -220401.984        -210083.219    
  -218830.219        -210096.594    
  -217367.953        -210108.984    
  -215995.344        -210120.547    
  -214699.047        -210131.391    
  -213464.219        -210141.781    
  -212280.797        -210151.531    
  -211138.875        -210160.906    
  -210033.484        -210169.953    
  -208954.641        -210178.750    
  -207900.672        -210187.266    
  -206864.969        -210195.609    
  -205829.281        -210203.891    
  -204793.562        -210212.156    
  -203757.875        -210220.391    
  -202722.219        -210228.562    
  -201686.500        -210236.781    
  -200650.812        -210244.875    
  -199615.125        -210252.938    
  -198581.078        -210260.922    
  -197545.375        -210268.906    
  -196509.672        -210276.828    
  -195473.984        -210284.719    
  -194438.266        -210292.531    
  -193402.578        -210300.359    
  -192366.891        -210308.109    
  -191331.188        -210315.828    
  -190295.484        -210323.609    
  -189259.797        -210331.234    
  -188224.094        -210338.812    
  -187188.406        -210346.375    
  -186152.688        -210353.844    
  -185117.000        -210361.328    
  -184081.281        -210368.766    
  -183045.594        -210376.141    
  -182009.875        -210383.484    
  -180975.844        -210390.766    
  -179940.141        -210398.016    
  -178904.438        -210405.344    
  -177868.734        -210412.547    
  -176833.031        -210419.672    
  -175797.328        -210426.750    
  -174761.625        -210433.797    
  -173725.922        -210440.812    
  -172690.219        -210447.797    
  -171654.516        -210454.719    
  -170620.453        -210461.594    
  -169583.094        -210468.406    
  -168547.391        -210475.234    
  -167511.688        -210482.109    
  -166475.969        -210488.812    
  -165440.266        -210495.484    
  -164404.562        -210502.109    
  -163370.500        -210508.688    
  -162334.797        -210515.234    
  -161299.078        -210521.750    
  -160263.375        -210528.219    
  -159227.672        -210534.656    
  -158191.969        -210541.016    
  -157156.250        -210547.469    
  -156120.547        -210553.797    
  -155084.828        -210560.031    
  -154049.125        -210566.250    
  -153015.062        -210572.422    
  -151979.344        -210578.562    
  -150941.984        -210584.656    
  -149906.266        -210590.703    
  -148870.578        -210596.719    
  -147834.859        -210602.688    
  -146799.141        -210608.703    
  -145765.078        -210614.594    
  -144729.375        -210620.438    
  -143693.672        -210626.203    
  -142657.938        -210632.000    
  -141622.234        -210637.703    
  -140586.516        -210643.391    
  -139550.797        -210649.016    
  -138515.094        -210654.609    
  -137479.375        -210660.172    
  -136443.656        -210665.781    
  -135409.609        -210671.234    
  -134373.875        -210676.656    
  -133338.172        -210682.047    
  -132300.797        -210687.375    
  -131265.078        -210692.688    
  -130229.359        -210697.938    
  -129193.656        -210703.172    
  -128159.594        -210708.328    
  -127123.875        -210713.453    
  -126088.156        -210718.656    
  -125052.438        -210723.719    
  -124016.719        -210728.719    
  -122981.008        -210733.672    
  -121945.289        -210738.609    
  -120909.570        -210743.516    
  -119873.836        -210748.344    
  -118838.125        -210753.156    
  -117804.070        -210757.875    
  -116768.352        -210762.828    
  -115732.633        -210767.500    
  -114695.250        -210772.156    
  -113659.531        -210776.734    
  -112623.805        -210781.297    
  -111588.094        -210785.797    
  -110554.031        -210790.266    
  -109518.305        -210794.688    
  -108482.594        -210799.062    
  -107446.867        -210803.516    
  -106411.148        -210807.828    
  -105375.422        -210812.078    
  -104339.703        -210816.297    
  -103303.977        -210820.469    
  -102268.258        -210824.594    
  -101232.531        -210828.719    
  -100198.461        -210832.750    
  -99162.7422        -210836.750    
  -98127.0234        -210840.828    
  -97091.2969        -210844.750    
  -96053.9141        -210848.641    
  -95018.1875        -210852.500    
  -93982.4609        -210856.297    
  -92948.4062        -210860.031    
  -91912.6719        -210863.750    
  -90876.9453        -210867.453    
  -89841.2266        -210871.078    
  -88805.5078        -210874.781    
  -87769.7812        -210878.297    
  -86734.0469        -210881.844    
  -85698.3359        -210885.297    
  -84662.6016        -210888.734    
  -83626.8828        -210892.094    
  -82592.8125        -210895.453    
  -81557.0859        -210898.750    
  -80521.3594        -210902.125    
  -79485.6328        -210905.344    
  -78448.2500        -210908.516    
  -77412.5234        -210911.656    
  -76376.7969        -210914.734    
  -75342.7266        -210917.781    
  -74307.0000        -210920.797    
  -73271.2734        -210923.750    
  -72235.5469        -210926.719    
  -71199.8281        -210929.703    
  -70164.0938        -210932.500    
  -69128.3672        -210935.312    
  -68092.6406        -210938.094    
  -67056.9141        -210940.797    
  -66021.1797        -210943.484    
  -64987.1172        -210946.094    
  -63951.3906        -210948.703    
  -62915.6602        -210951.344    
  -61879.9297        -210953.875    
  -60842.5391        -210956.344    
  -59806.8164        -210958.781    
  -58771.0859        -210961.172    
  -57737.0156        -210963.484    
  -56701.2852        -210965.781    
  -55665.5547        -210968.078    
  -54629.8281        -210970.391    
  -53594.1016        -210972.547    
  -52558.3672        -210974.672    
  -51522.6406        -210976.797    
  -50486.9102        -210978.844    
  -49451.1836        -210980.859    
  -48415.4492        -210982.797    
  -47381.3828        -210984.750    
  -46345.6523        -210986.719    
  -45309.9219        -210988.578    
  -44274.1914        -210990.391    
  -43236.8047        -210992.125    
  -42201.0703        -210993.875    
  -41165.3398        -210995.516    
  -40131.2695        -210997.156    
  -39095.5391        -210998.750    
  -38059.8125        -211000.422    
  -37024.0820        -211001.938    
  -35988.3516        -211003.406    
  -34952.6172        -211004.844    
  -33916.8867        -211006.203    
  -32881.1562        -211007.547    
  -31845.4258        -211008.859    
  -30809.6934        -211010.219    
  -29775.6230        -211011.438    
  -28739.8926        -211012.609    
  -27704.1621        -211013.766    
  -26668.4297        -211014.844    
  -25631.0391        -211015.906    
  -24595.3066        -211016.922    
  -23559.5762        -211017.984    
  -22525.5039        -211018.891    
  -21489.7754        -211019.797    
  -20454.0410        -211020.641    
  -19418.3105        -211021.438    
  -18382.5801        -211022.203    
  -17346.8457        -211022.906    
  -16311.1152        -211023.609    
  -15275.3838        -211024.344    
  -14239.6523        -211024.922    
  -13203.9219        -211025.484    
  -12169.8486        -211025.984    
  -11134.1172        -211026.469    
  -10098.3857        -211026.875    
  -9060.99316        -211027.281    
  -8025.26172        -211027.734    
  -6989.53027        -211028.016    
  -5953.79785        -211028.281    
  -4919.72656        -211028.500    
  -3883.99438        -211028.688    
  -2848.26270        -211028.812    
  -1812.53076        -211028.922    
  -776.798950        -211029.047    
   258.932983        -211029.094    
   1294.66479        -211029.031    
   2330.39697        -211028.969    
   3366.12866        -211028.844    
   4401.85986        -211028.719    
   5435.93213        -211028.609    
   6471.66504        -211028.375    
   7507.39600        -211028.094    
   8544.78711        -211027.766    
   9580.52051        -211027.406    
   10616.2510        -211027.000    
   11651.9834        -211026.547    
   12686.0547        -211026.172    
   13721.7871        -211025.656    
   14757.5186        -211025.062    
   15793.2500        -211024.469    
   16828.9805        -211023.781    
   17869.6934        -211023.078    
   18912.0645        -211022.328    
   19952.7754        -211021.672    
   20995.1445        -211020.828    
   22035.8555        -211019.984    
   23078.2266        -211019.047    
   24118.9375        -211018.078    
   25159.6484        -211017.094    
   26213.6406        -211016.156    
   27267.6270        -211015.047    
   28319.9570        -211013.922    
   29373.9473        -211012.750    
   30426.2773        -211011.516    
   31478.6035        -211010.266    
   32532.5957        -211009.062    
   33584.9219        -211007.703    
   34650.5312        -211006.297    
   35714.4766        -211004.844    
   36780.0859        -211003.344    
   37844.0352        -211001.781    
   38909.6406        -211000.188    
   39973.5898        -210998.797    
   41039.1953        -210997.109    
   42103.1406        -210995.422    
   43180.3672        -210993.625    
   44255.9336        -210991.781    
   45331.5039        -210989.906    
   46408.7266        -210988.094    
   47484.2930        -210986.156    
   48561.5195        -210984.141    
   49637.0859        -210982.094    
   50714.3164        -210979.969    
   51803.1562        -210977.828    
   52890.3359        -210975.703    
   53977.5234        -210973.453    
   55066.3633        -210971.156    
   56153.5508        -210968.797    
   57242.3906        -210966.406    
   58329.5742        -210964.078    
   59418.4258        -210961.594    
   60517.2188        -210959.031    
   61617.6797        -210956.406    
   62716.4844        -210953.750    
   63816.9531        -210951.047    
   64915.7422        -210948.422    
   66014.5469        -210945.609    
   67115.0156        -210942.766    
   68215.4688        -210939.875    
   69325.8906        -210936.922    
   70437.9688        -210933.891    
   71548.3828        -210930.953    
   72658.8047        -210927.828    
   73770.8906        -210924.688    
   74882.9688        -210921.453    
   75993.3828        -210918.203    
   77105.4609        -210915.000    
   78227.5000        -210911.625    
   79351.1953        -210908.203    
   80474.8984        -210904.703    
   81596.9219        -210901.172    
   82718.9609        -210897.578    
   83842.6641        -210894.062    
   84966.3594        -210890.375    
   86088.3984        -210886.641    
   87222.0469        -210882.844    
   88357.3672        -210878.969    
   89491.0156        -210875.172    
   90626.3359        -210871.188    
   91761.6484        -210867.156    
   92895.2969        -210863.094    
   94030.6172        -210858.969    
   95164.2656        -210854.906    
   96299.5859        -210850.703    
   97461.4453        -210846.312    
   98659.8359        -210841.766    
   99904.7031        -210836.969    
   101204.328        -210831.984    
   102580.305        -210826.547    
   104047.578        -210820.672    
   105629.391        -210814.219    
   107355.594        -210807.203    
   109259.383        -210799.188    
   111380.617        -210790.094    
   113765.773        -210779.766    
   116464.625        -210767.719    
   119530.281        -210753.766    
   123019.195        -210737.328    
   126979.484        -210718.203    
   131457.641        -210695.875    
   136486.844        -210669.797    
   142082.016        -210639.625    
   148244.844        -210605.016    
   154958.703        -210565.578    
   162188.766        -210521.141    
   169891.844        -210471.828    
   178018.141        -210417.016    
   186511.250        -210357.125    
   195316.344        -210292.047    
   204387.000        -210221.875    
   213673.391        -210146.703    
   223139.016        -210066.609    
   232747.312        -209981.812    
   242471.766        -209892.297    
         299
   242471.766        -209892.297    
   242409.609        -202409.281    
   242349.906        -195185.156    
   242294.234        -188393.359    
   242243.203        -182267.969    
   242200.734        -177051.906    
   242166.516        -172890.891    
   242140.219        -169745.484    
   242119.938        -167417.094    
   242106.672        -165655.656    
   242095.094        -164248.938    
   242085.469        -163049.484    
   242075.266        -161966.844    
   242067.344        -160948.266    
   242059.422        -159929.672    
   242049.797        -158911.203    
   242041.891        -157892.625    
   242033.938        -156874.047    
   242026.016        -155855.484    
   242018.078        -154836.906    
   242008.516        -153818.375    
   242000.531        -152800.031    
   241992.625        -151781.672    
   241983.031        -150763.469    
   241975.109        -149745.234    
   241967.188        -148727.000    
   241957.594        -147708.812    
   241949.672        -146690.594    
   241941.766        -145672.375    
   241933.781        -144654.156    
   241925.875        -143636.281    
   241916.297        -142618.297    
   241908.359        -141600.422    
   241898.781        -140582.562    
   241890.875        -139564.672    
   241882.891        -138546.703    
   241873.328        -137528.875    
   241865.406        -136511.000    
   241857.500        -135493.344    
   241849.547        -134475.828    
   241841.625        -133458.172    
   241832.062        -132440.656    
   241824.125        -131423.125    
   241816.203        -130405.500    
   241806.609        -129387.992    
   241798.688        -128370.375    
   241790.750        -127353.070    
   241781.172        -126335.789    
   241773.266        -125318.586    
   241765.344        -124301.305    
   241757.422        -123284.016    
   241749.484        -122266.844    
   241739.906        -121249.562    
   241732.000        -120232.281    
   241724.047        -119215.336    
   241714.516        -118198.375    
   241706.562        -117181.539    
   241698.641        -116164.586    
   241689.078        -115147.562    
   241681.156        -114130.719    
   241673.250        -113113.781    
   241665.297        -112096.844    
   241655.734        -111080.234    
   241647.812        -110063.516    
   241639.891        -109046.906    
   241630.328        -108030.320    
   241622.406        -107013.703    
   241614.500        -105997.102    
   241604.922        -104980.523    
   241597.016        -103963.922    
   241589.062        -102947.641    
   241581.172        -101931.266    
   241573.250        -100914.992    
   241563.688        -99898.7422    
   241555.750        -98882.3672    
   241547.859        -97866.1016    
   241538.281        -96849.8516    
   241530.344        -95833.6016    
   241522.453        -94817.6641    
   241512.891        -93801.6328    
   241504.969        -92785.7031    
   241497.047        -91769.6641    
   241489.141        -90753.6250    
   241481.219        -89737.7031    
   241471.672        -88721.7891    
   241463.734        -87705.8672    
   241454.188        -86690.1719    
   241446.281        -85674.4688    
   241438.359        -84658.8750    
   241428.766        -83643.1875    
   241420.875        -82627.4844    
   241412.984        -81611.8984    
   241403.422        -80596.2188    
   241397.141        -79580.5078    
   241387.578        -78565.2500    
   241379.656        -77549.8906    
   241371.750        -76534.6172    
   241362.172        -75519.2734    
   241354.281        -74504.0078    
   241346.375        -73488.6484    
   241336.797        -72473.1953    
   241328.922        -71457.9375    
   241321.000        -70442.9062    
   241311.453        -69427.8828    
   241305.188        -68412.9375    
   241295.625        -67397.9141    
   241287.703        -66382.8828    
   241279.812        -65367.8555    
   241270.250        -64352.8398    
   241262.359        -63337.9180    
   241254.438        -62323.1055    
   241244.875        -61308.5234    
   241236.984        -60293.8164    
   241227.438        -59279.0195    
   241219.531        -58264.4258    
   241211.609        -57249.7266    
   241203.688        -56235.1406    
   241195.797        -55220.3281    
   241186.266        -54205.9688    
   241178.344        -53191.5898    
   241170.453        -52177.2148    
   241160.891        -51162.8633    
   241153.000        -50148.4883    
   241145.078        -49134.1133    
   241135.547        -48119.7656    
   241127.656        -47105.3945    
   241119.734        -46091.3438    
   241111.844        -45077.2969    
   241103.938        -44063.2500    
   241094.391        -43049.2188    
   241086.469        -42035.1758    
   241078.578        -41021.1328    
   241069.016        -40007.1055    
   241061.125        -38993.0586    
   241053.234        -37979.2344    
   241043.672        -36965.5312    
   241035.781        -35951.8047    
   241027.891        -34938.0898    
   241019.969        -33924.2617    
   241012.078        -32910.6484    
   241002.547        -31896.9492    
   240994.625        -30883.2324    
   240985.094        -29869.7422    
   240977.203        -28856.3477    
   240969.281        -27842.9512    
   240959.734        -26829.5703    
   240951.859        -25816.0703    
   240943.969        -24802.6758    
   240936.078        -23789.2832    
   240928.156        -22775.8887    
   240918.609        -21762.7266    
   240910.734        -20749.7578    
   240902.844        -19736.5781    
   240893.297        -18723.5215    
   240885.375        -17710.4492    
   240877.516        -16697.2734    
   240867.953        -15684.3232    
   240860.094        -14671.1455    
   240852.172        -13658.5000    
   240844.281        -12645.6416    
   240836.391        -11632.8906    
   240826.859        -10620.0479    
   240818.969        -9607.40332    
   240811.078        -8594.54688    
   240801.531        -7581.81250    
   240793.641        -6568.95508    
   240785.734        -5556.52344    
   240776.188        -4544.10693    
   240768.328        -3531.67480    
   240758.797        -2519.25879    
   240752.516        -1506.81165    
   240742.984        -494.289490    
   240735.125         518.142151    
   240727.234         1530.57373    
   240717.719         2542.77783    
   240709.797         3554.89160    
   240701.922         4567.00537    
   240692.375         5579.10352    
   240684.516         6591.21826    
   240676.594         7603.33203    
   240667.078         8615.53613    
   240660.812         9627.66602    
   240651.281         10639.4482    
   240643.422         11651.2441    
   240635.531         12663.0420    
   240625.984         13674.8242    
   240618.125         14686.6221    
   240610.203         15698.5283    
   240600.703         16710.3105    
   240592.812         17722.1094    
   240584.922         18733.5898    
   240575.406         19745.0566    
   240569.141         20756.5547    
   240559.594         21768.1289    
   240551.734         22779.6133    
   240542.203         23791.0801    
   240534.344         24802.5625    
   240526.453         25814.0508    
   240516.938         26825.2031    
   240509.047         27836.3711    
   240501.156         28847.5391    
   240491.625         29858.8008    
   240483.734         30869.8633    
   240475.875         31881.0352    
   240467.984         32892.3164    
   240460.109         33903.4883    
   240450.609         34914.2227    
   240442.719         35925.1875    
   240434.828         36935.9336    
   240425.281         37946.7812    
   240417.391         38957.7422    
   240409.531         39968.5000    
   240400.000         40979.3477    
   240392.141         41990.3125    
   240384.281         43000.7500    
   240376.391         44011.4062    
   240368.500         45021.8516    
   240358.984         46032.2734    
   240351.094         47042.9297    
   240343.203         48053.3750    
   240333.688         49064.0195    
   240325.828         50074.4648    
   240316.312         51084.7930    
   240308.438         52094.9258    
   240300.547         53105.0547    
   240291.031         54115.3945    
   240284.812         55125.5391    
   240275.281         56135.7695    
   240267.422         57146.0156    
   240259.562         58156.2578    
   240250.016         59166.0742    
   240242.156         60176.0039    
   240234.266         61185.9336    
   240224.750         62195.8477    
   240216.891         63205.6758    
   240209.031         64215.6172    
   240199.484         65225.4375    
   240191.625         66235.4766    
   240183.734         67245.0000    
   240175.875         68254.6250    
   240167.984         69264.1484    
   240158.484         70273.7578    
   240150.641         71283.2812    
   240142.750         72292.9219    
   240133.250         73302.4297    
   240125.359         74312.0703    
   240117.500         75321.2812    
   240107.984         76330.4844    
   240100.125         77339.8125    
   240092.266         78349.0234    
   240084.375         79358.2422    
   240074.859         80367.4609    
   240067.000         81376.7891    
   240059.141         82386.0156    
   240049.625         83395.0156    
   240041.734         84403.9375    
   240033.875         85412.8516    
   240024.359         86421.7500    
   240016.469         87430.7812    
   240008.641         88439.6953    
   239999.125         89448.6094    
   239992.891         90457.5469    
   239983.375         91466.2500    
   239975.516         92474.7500    
   239967.656         93483.4766    
   239958.172         94492.0781    
   239950.312         95500.7031    
   239942.422         96509.3359    
   239932.906         97517.8359    
   239925.047         98526.5625    
   239917.188         99534.7734    
   239907.672         100543.188    
   239901.469         101551.406    
   239891.953         102559.703    
   239884.094         103568.031    
   239874.609         104576.336    
   239866.719         105584.664    
   239858.859         106593.000    
   239849.344         107600.883    
   239841.516         108608.906    
   239833.625         109616.922    
   239824.141         110624.938    
   239816.281         111632.852    
   239808.391         112640.875    
   239800.547         113648.906    
   239792.688         114656.836    
   239783.172         115664.758    
   239774.703         116736.102    
   239765.156         117922.531    
   239753.688         119313.531    
   239738.953         121054.516    
   239720.516         123354.961    
   239694.516         126461.234    
   239660.672         130569.883    
   239617.062         135719.344    
   239568.234         141765.984    
   239511.594         148470.094    
   239454.188         155600.703    
   239392.688         162986.594    
         357
   239392.688         162986.594    
   229805.641         162898.406    
   220331.422         162814.828    
   211001.125         162735.875    
   201844.188         162661.953    
   192903.172         162592.750    
   184220.562         162528.578    
   175847.109         162469.500    
   167836.750         162415.594    
   160241.875         162366.828    
   153113.188         162323.156    
   146494.844         162284.312    
   140419.562         162250.281    
   134902.109         162220.578    
   129945.680         162194.938    
   125529.078         162172.922    
   121624.469         162154.016    
   118186.055         162137.875    
   115163.125         162124.078    
   112501.711         162112.266    
   110151.086         162102.062    
   108060.562         162093.188    
   106182.680         162085.359    
   104479.812         162078.281    
   102920.922         162072.031    
   101474.883         162066.203    
   100118.812         162060.938    
   98834.7109         162055.891    
   97609.5156         162051.250    
   96426.8359         162046.734    
   95281.7891         162042.406    
   94162.9062         162038.344    
   93044.0234         162034.219    
   91925.1406         162030.250    
   90807.9062         162026.219    
   89689.0234         162022.250    
   88570.1406         162018.422    
   87452.9062         162014.547    
   86332.3828         162010.938    
   85215.1406         162007.141    
   84107.7109         162003.453    
   83001.9141         161999.906    
   81894.4766         161996.328    
   80787.0547         161992.781    
   79679.6172         161989.375    
   78572.1875         161985.922    
   77464.7578         161982.641    
   76358.9688         161979.281    
   75262.9922         161976.016    
   74167.0078         161972.891    
   73072.6641         161969.703    
   71976.6875         161966.688    
   70880.7031         161963.609    
   69784.7188         161960.562    
   68690.3750         161957.703    
   67594.3906         161954.750    
   66509.8516         161951.875    
   65426.9648         161949.172    
   64340.7969         161946.375    
   63257.8984         161943.781    
   62173.3711         161941.094    
   61090.4727         161938.484    
   60004.3086         161935.984    
   58921.4062         161933.438    
   57848.3320         161930.969    
   56776.8867         161928.656    
   55703.8047         161926.297    
   54630.7188         161923.938    
   53557.6406         161921.781    
   52486.1992         161919.531    
   51413.1133         161917.453    
   50340.0273         161915.297    
   49280.0352         161913.219    
   48218.4023         161911.266    
   47156.7734         161909.281    
   46095.1406         161907.344    
   45033.5078         161905.531    
   43973.5117         161903.672    
   42911.8789         161901.875    
   41851.8867         161900.188    
   40801.7031         161898.484    
   39751.5234         161896.922    
   38701.3438         161895.297    
   37652.7930         161893.734    
   36602.6094         161892.297    
   35552.4297         161890.812    
   34503.8867         161889.359    
   33453.7031         161888.047    
   32414.9727         161886.719    
   31376.2422         161885.406    
   30339.1426         161884.250    
   29300.4141         161883.031    
   28261.6836         161881.859    
   27224.5859         161880.938    
   26185.8555         161879.844    
   25147.1230         161878.797    
   24121.4785         161877.891    
   23094.1973         161876.938    
   22066.9160         161876.031    
   21041.2715         161875.266    
   20013.9902         161874.438    
   18986.7090         161873.750    
   17959.4277         161872.984    
   16933.7812         161872.297    
   15913.0449         161871.734    
   14892.3076         161871.125    
   13869.9326         161870.531    
   12849.1943         161870.125    
   11828.4561         161869.609    
   10807.7188         161869.172    
   9786.98047         161868.859    
   8764.60742         161868.484    
   7743.86914         161868.141    
   6723.13135         161867.969    
   5702.39258         161867.719    
   4681.65479         161867.500    
   3659.28052         161867.453    
   2638.54248         161867.312    
   1617.80457         161867.234    
   597.066345         161867.297    
  -423.671753         161867.297    
  -1444.40991         161867.328    
  -2465.14795         161867.500    
  -3487.52148         161867.641    
  -4508.26025         161867.781    
  -5528.99805         161868.094    
  -6549.73584         161868.344    
  -7570.47412         161868.625    
  -8592.84766         161869.062    
  -9613.58594         161869.422    
  -10634.3242         161869.828    
  -11655.0615         161870.281    
  -12675.7998         161870.875    
  -13698.1738         161871.406    
  -14717.2744         161871.969    
  -15739.6494         161872.703    
  -16760.3867         161873.344    
  -17781.1250         161874.047    
  -18801.8633         161874.891    
  -19822.5996         161875.672    
  -20844.9766         161876.484    
  -21865.7129         161877.453    
  -22886.4473         161878.344    
  -23907.1875         161879.281    
  -24927.9277         161880.375    
  -25950.2988         161881.391    
  -26971.0332         161882.469    
  -27990.1406         161883.672    
  -29012.5117         161884.828    
  -30033.2480         161886.016    
  -31053.9844         161887.234    
  -32074.7207         161888.609    
  -33095.4609         161889.906    
  -34117.8320         161891.266    
  -35138.5703         161892.781    
  -36159.3086         161894.219    
  -37180.0469         161895.688    
  -38202.4219         161897.406    
  -39223.1523         161898.969    
  -40243.8906         161900.578    
  -41264.6289         161902.312    
  -42285.3633         161903.984    
  -43307.7383         161905.703    
  -44326.8359         161907.484    
  -45347.5742         161909.391    
  -46369.9453         161911.234    
  -47390.6836         161913.125    
  -48411.4180         161915.141    
  -49432.1562         161917.125    
  -50452.8867         161919.125    
  -51475.2656         161921.281    
  -52495.9961         161923.375    
  -53516.7383         161925.500    
  -54537.4766         161927.688    
  -55558.2070         161930.000    
  -56580.5781         161932.250    
  -57599.6758         161934.547    
  -58622.0508         161937.016    
  -59642.7852         161939.375    
  -60663.5234         161941.797    
  -61684.2578         161944.250    
  -62704.9883         161946.875    
  -63727.3672         161949.406    
  -64748.0938         161951.984    
  -65768.8281         161954.719    
  -66789.5703         161957.391    
  -67810.3047         161960.094    
  -68832.6719         161962.844    
  -69853.4141         161965.734    
  -70874.1406         161968.562    
  -71894.8672         161971.438    
  -72915.6094         161974.453    
  -73937.9766         161977.422    
  -74957.0781         161980.422    
  -75977.8125         161983.438    
  -77000.1797         161986.625    
  -78020.9141         161989.766    
  -79041.6406         161992.906    
  -80062.3906         161996.203    
  -81083.1172         161999.438    
  -82105.4922         162002.734    
  -83126.2188         162006.062    
  -84146.9453         162009.531    
  -85167.6797         162012.938    
  -86188.4141         162016.375    
  -87210.7812         162019.969    
  -88229.8750         162023.500    
  -89252.2500         162027.078    
  -90272.9766         162030.672    
  -91293.7109         162034.438    
  -92314.4531         162038.125    
  -93335.1797         162041.859    
  -94357.5391         162045.641    
  -95378.2734         162049.578    
  -96399.0078         162053.438    
  -97419.7422         162057.328    
  -98440.4609         162061.359    
  -99462.8359         162065.344    
  -100483.562         162069.375    
  -101502.664         162073.422    
  -102525.031         162077.625    
  -103545.758         162081.781    
  -104566.484         162085.953    
  -105587.211         162090.172    
  -106607.945         162094.562    
  -107630.305         162098.875    
  -108651.047         162103.234    
  -109671.773         162107.828    
  -110692.500         162112.266    
  -111713.227         162116.734    
  -112735.594         162121.250    
  -113756.320         162125.922    
  -114775.422         162130.500    
  -115797.773         162135.156    
  -116818.508         162139.828    
  -117839.234         162144.641    
  -118859.953         162149.406    
  -119880.695         162154.203    
  -120903.055         162159.062    
  -121923.773         162164.031    
  -122944.508         162168.969    
  -123965.234         162173.922    
  -124985.953         162178.938    
  -126008.328         162184.094    
  -127029.047         162189.188    
  -128049.773         162194.312    
  -129070.492         162199.500    
  -130091.242         162204.797    
  -131111.969         162210.047    
  -132132.688         162215.344    
  -133155.047         162220.688    
  -134175.766         162226.172    
  -135196.484         162231.578    
  -136217.219         162237.047    
  -137237.953         162242.531    
  -138258.672         162248.188    
  -139281.031         162253.766    
  -140301.750         162259.406    
  -141322.469         162265.078    
  -142343.188         162270.859    
  -143363.922         162276.594    
  -144386.281         162282.422    
  -145405.359         162288.219    
  -146427.734         162294.203    
  -147448.453         162300.109    
  -148469.172         162306.062    
  -149489.891         162312.062    
  -150510.625         162318.203    
  -151532.984         162324.266    
  -152553.703         162330.391    
  -153574.422         162336.531    
  -154595.141         162342.844    
  -155615.859         162349.078    
  -156636.578         162355.359    
  -157658.938         162361.688    
  -158678.016         162368.156    
  -159700.359         162374.562    
  -160721.078         162381.000    
  -161741.828         162387.500    
  -162762.531         162394.125    
  -163783.250         162400.688    
  -164805.594         162407.297    
  -165826.312         162413.953    
  -166847.031         162420.750    
  -167867.766         162427.469    
  -168888.484         162434.250    
  -169909.188         162441.062    
  -170931.531         162447.922    
  -171950.625         162454.922    
  -172972.984         162461.859    
  -173993.703         162468.828    
  -175014.406         162475.844    
  -176035.125         162483.016    
  -177055.844         162490.109    
  -178076.562         162497.250    
  -179098.922         162504.453    
  -180119.625         162511.766    
  -181140.344         162519.031    
  -182161.047         162526.344    
  -183181.766         162533.688    
  -184204.109         162541.078    
  -185223.188         162548.594    
  -186245.547         162556.078    
  -187266.250         162563.594    
  -188286.953         162571.141    
  -189307.672         162578.844    
  -190328.391         162586.469    
  -191349.094         162594.141    
  -192371.438         162601.875    
  -193392.156         162609.734    
  -194412.875         162617.531    
  -195433.578         162625.359    
  -196454.281         162633.250    
  -197476.641         162641.188    
  -198495.719         162649.344    
  -199516.406         162657.344    
  -200538.781         162665.391    
  -201559.469         162673.484    
  -202580.203         162681.719    
  -203600.891         162689.875    
  -204621.578         162698.078    
  -205661.953         162706.500    
  -206723.547         162715.109    
  -207816.219         162724.141    
  -208939.984         162733.359    
  -210106.266         162742.984    
  -211323.266         162753.094    
  -212602.406         162763.891    
  -213955.172         162775.250    
  -215397.891         162787.453    
  -216948.594         162800.766    
  -218623.594         162815.141    
  -220452.344         162830.953    
  -222456.141         162848.531    
  -224664.359         162867.984    
  -227108.188         162889.812    
  -229816.938         162914.219    
  -232821.797         162941.703    
  -236152.156         162972.562    
  -239832.578         163007.062    
  -243882.625         163045.766    
  -248317.094         163088.859    
  -253137.594         163136.562    
  -258342.438         163189.109    
  -263921.875         163246.594    
  -269854.625         163309.062    
  -276117.781         163376.516    
  -282683.500         163448.984    
  -289520.750         163526.156    
  -296600.062         163607.969    
  -303888.719         163694.391    
  -311358.906         163785.094    
  -318986.125         163879.891    
  -326742.500         163978.625    
  -334611.719         164081.328    
  -342574.125         164187.609    
  -350611.750         164297.422    
