907
-572745.000 555208.312
-572921.812 547508.562
-573085.875 540367.375
-573237.000 533784.938
-573375.312 527760.938
-573500.875 522295.156
-573613.438 517387.469
-573713.312 513038.094
-573800.312 509246.375
-573874.562 506012.781
-573935.938 503336.688
-573984.562 501218.688
-574020.438 499658.219
-574043.438 498655.469
-574066.500 497652.750
-574089.500 496650.031
-574112.438 495647.312
-574135.500 494644.594
-574158.500 493641.906
-574181.500 492639.188
-574204.438 491636.531
-574227.500 490633.656
-574250.562 489631.031
-574273.562 488628.594
-574296.500 487626.000
-574319.562 486623.375
-574342.625 485620.625
-574365.562 484617.938
-574388.562 483615.406
-574411.625 482612.844
-574434.625 481610.281
-574457.625 480607.750
-574480.562 479605.250
-574503.625 478602.750
-574526.562 477600.188
-574549.625 476597.688
-574572.625 475595.250
-574595.562 474592.781
-574618.625 473590.312
-574641.625 472587.875
-574664.688 471585.438
-574687.625 470583.000
-574710.625 469580.688
-574733.625 468578.188
-574756.625 467575.844
-574779.625 466573.438
-574802.625 465571.125
-574825.562 464568.750
-574848.562 463566.406
-574871.562 462563.875
-574894.625 461561.562
-574917.562 460559.469
-574940.562 459557.188
-574963.562 458554.688
-574986.500 457552.375
-575009.562 456550.156
-575032.562 455547.969
-575055.500 454545.844
-575078.562 453543.438
-575101.562 452541.188
-575124.500 451539.031
-575147.500 450536.812
-575170.500 449534.656
-575193.438 448532.438
-575216.500 447530.344
-575239.500 446528.188
-575262.438 445526.062
-575285.438 444523.875
-575308.375 443521.812
-575331.375 442519.750
-575354.312 441517.594
-575377.312 440515.531
-575400.312 439513.438
-575423.312 438511.406
-575446.312 437509.312
-575469.250 436507.312
-575492.250 435505.031
-575515.250 434503.031
-575538.250 433501.281
-575561.188 432499.281
-575584.125 431497.281
-575607.125 430495.062
-575630.125 429493.125
-575653.062 428491.188
-575676.062 427489.219
-575699.062 426487.281
-575722.000 425485.375
-575745.062 424483.469
-575768.062 423481.562
-575791.000 422479.656
-575814.000 421477.812
-575837.000 420475.906
-575859.938 419474.031
-575882.875 418472.219
-575905.875 417470.375
-575928.812 416468.531
-575951.812 415466.750
-575974.750 414464.906
-575997.750 413463.094
-576020.688 412461.344
-576043.688 411459.594
-576066.625 410457.781
-576089.562 409456.062
-576112.562 408454.344
-576135.562 407452.375
-576158.500 406450.625
-576181.500 405449.094
-576204.438 404447.406
-576227.375 403445.500
-576250.375 402443.844
-576273.312 401442.094
-576296.312 400440.438
-576319.250 399439.062
-576342.188 398437.188
-576365.188 397435.531
-576388.125 396433.938
-576411.125 395432.281
-576434.062 394430.688
-576457.062 393429.094
-576480.000 392427.469
-576502.938 391425.906
-576525.938 390424.344
-576548.875 389422.812
-576571.875 388421.219
-576594.812 387419.719
-576617.750 386418.188
-576640.750 385416.656
-576663.750 384415.125
-576686.625 383413.656
-576709.625 382412.156
-576732.500 381410.688
-576755.500 380409.000
-576778.500 379407.500
-576801.375 378406.250
-576824.375 377404.844
-576847.250 376403.406
-576870.250 375401.781
-576893.188 374400.344
-576916.125 373398.938
-576939.125 372397.531
-576962.062 371396.156
-576985.062 370394.750
-577007.938 369393.406
-577030.938 368392.031
-577053.812 367390.688
-577076.812 366389.312
-577099.750 365388.000
-577122.688 364386.656
-577145.625 363385.375
-577168.562 362384.062
-577191.562 361382.750
-577214.500 360381.438
-577237.500 359380.156
-577260.438 358378.906
-577283.375 357377.594
-577306.312 356376.375
-577329.250 355375.125
-577352.188 354373.906
-577375.125 353372.656
-577398.062 352371.219
-577421.062 351370.031
-577444.000 350369.031
-577466.938 349367.844
-577489.875 348366.438
-577512.812 347365.281
-577535.688 346364.094
-577558.688 345362.938
-577581.625 344361.969
-577604.562 343360.625
-577627.562 342359.531
-577650.438 341358.406
-577673.375 340357.281
-577696.250 339356.156
-577719.250 338355.062
-577742.188 337353.969
-577765.125 336352.906
-577788.062 335351.812
-577811.062 334350.750
-577834.000 333349.656
-577856.875 332348.625
-577879.812 331347.594
-577902.750 330346.531
-577925.750 329345.531
-577948.625 328344.531
-577971.562 327343.500
-577994.438 326342.500
-578017.438 325341.281
-578040.375 324340.312
-578063.312 323339.562
-578086.188 322338.562
-578109.125 321337.594
-578132.062 320336.438
-578155.000 319335.500
-578177.938 318334.562
-578200.875 317333.625
-578223.875 316332.688
-578246.750 315331.812
-578269.750 314330.906
-578292.625 313330.000
-578315.562 312329.062
-578338.438 311328.188
-578361.375 310327.344
-578384.312 309326.438
-578407.250 308325.594
-578430.125 307324.719
-578453.062 306323.906
-578476.000 305323.062
-578498.938 304322.250
-578521.875 303321.406
-578544.812 302320.594
-578567.750 301319.781
-578590.688 300318.969
-578613.562 299318.188
-578636.500 298317.219
-578659.375 297316.406
-578682.375 296315.625
-578705.250 295315.094
-578728.188 294314.344
-578751.125 293313.375
-578774.062 292312.656
-578797.000 291311.875
-578819.938 290311.156
-578842.812 289310.625
-578865.750 288309.750
-578888.625 287309.031
-578911.562 286308.344
-578934.500 285307.625
-578957.438 284306.969
-578980.375 283306.281
-579003.250 282305.594
-579026.125 281304.906
-579049.062 280304.281
-579072.000 279303.625
-579094.938 278303.000
-579117.875 277302.344
-579140.750 276301.719
-579163.625 275300.906
-579186.562 274300.469
-579209.500 273299.875
-579232.438 272299.250
-579255.250 271298.656
-579278.188 270297.844
-579301.125 269297.281
-579324.125 268296.938
-579347.000 267296.344
-579369.938 266295.781
-579392.812 265295.000
-579415.750 264294.469
-579438.625 263293.938
-579461.562 262293.406
-579484.438 261292.859
-579507.375 260292.312
-579530.250 259291.812
-579553.188 258291.297
-579576.125 257290.812
-579599.062 256290.312
-579621.938 255289.797
-579644.875 254289.312
-579667.750 253288.844
-579690.688 252288.391
-579713.562 251287.906
-579736.438 250287.453
-579759.375 249287.000
-579782.312 248286.547
-579805.250 247286.094
-579828.125 246285.641
-579851.062 245285.203
-579873.938 244284.812
-579896.875 243284.172
-579919.688 242283.766
-579942.625 241283.344
-579965.562 240283.141
-579988.500 239282.766
-580011.375 238282.172
-580034.312 237281.781
-580057.188 236281.406
-580080.125 235281.047
-580103.000 234280.891
-580125.938 233280.328
-580148.812 232279.969
-580171.750 231279.609
-580194.625 230279.281
-580217.562 229278.938
-580240.438 228278.594
-580263.312 227278.281
-580286.250 226277.969
-580309.125 225277.625
-580332.000 224277.219
-580354.938 223277.031
-580377.812 222276.734
-580400.750 221276.453
-580423.688 220276.031
-580446.562 219275.781
-580469.438 218275.484
-580492.375 217275.219
-580515.188 216275.047
-580538.125 215274.688
-580561.000 214274.453
-580584.000 213274.188
-580606.875 212273.938
-580629.750 211273.703
-580652.625 210273.375
-580675.500 209273.234
-580698.438 208273.016
-580721.312 207272.812
-580744.250 206272.500
-580767.125 205272.281
-580790.062 204272.078
-580812.938 203271.984
-580835.812 202271.797
-580858.750 201271.484
-580881.625 200271.297
-580904.500 199271.125
-580927.375 198270.969
-580950.312 197270.672
-580973.188 196270.609
-580996.125 195270.469
-581019.000 194270.312
-581041.875 193270.172
-581064.750 192269.906
-581087.625 191269.781
-581110.562 190269.641
-581133.500 189269.625
-581156.375 188269.391
-581179.250 187269.266
-581202.188 186269.172
-581225.000 185269.031
-581247.938 184268.938
-581270.812 183268.734
-581293.750 182268.719
-581316.625 181268.625
-581339.500 180268.547
-581362.438 179268.453
-581385.250 178268.266
-581408.188 177268.203
-581431.062 176268.109
-581454.000 175268.172
-581476.875 174268.000
-581499.750 173267.953
-581522.688 172267.891
-581545.500 171267.844
-581568.438 170267.781
-581591.312 169267.641
-581614.188 168267.703
-581637.125 167267.688
-581659.938 166267.656
-581682.875 165267.516
-581705.750 164267.484
-581728.625 163267.469
-581751.500 162267.469
-581774.438 161267.562
-581797.375 160267.453
-581820.188 159267.453
-581843.125 158267.453
-581865.938 157267.469
-581888.875 156267.469
-581911.750 155267.375
-581934.625 154267.500
-581957.562 153267.531
-581980.375 152267.562
-582003.312 151267.484
-582026.125 150267.500
-582049.125 149267.547
-582071.938 148267.688
-582094.875 147267.734
-582117.750 146267.688
-582140.625 145267.734
-582163.500 144267.781
-582186.375 143267.844
-582209.250 142267.797
-582232.125 141267.859
-582255.062 140268.031
-582277.938 139268.109
-582300.812 138268.188
-582323.625 137268.172
-582346.562 136268.250
-582369.438 135268.328
-582392.375 134268.531
-582415.250 133268.516
-582438.125 132268.609
-582461.000 131268.719
-582483.875 130268.820
-582506.750 129268.914
-582529.625 128268.922
-582552.562 127269.156
-582575.438 126269.258
-582598.312 125269.383
-582621.188 124269.500
-582644.062 123269.523
-582666.938 122269.641
-582689.812 121269.773
-582712.688 120270.023
-582735.625 119270.047
-582758.438 118270.195
-582781.312 117270.328
-582804.188 116270.469
-582827.062 115270.625
-582850.062 114270.664
-582872.875 113270.930
-582895.812 112271.086
-582918.625 111271.250
-582941.562 110271.305
-582964.375 109271.461
-582987.312 108271.625
-583010.188 107271.797
-583033.062 106272.078
-583055.938 105272.148
-583078.812 104272.336
-583101.625 103272.516
-583124.562 102272.695
-583147.438 101272.883
-583170.375 100272.961
-583193.188 99273.2578
-583216.062 98273.4531
-583238.938 97273.6484
-583261.812 96273.7422
-583284.750 95273.9453
-583307.625 94274.1484
-583330.438 93274.4531
-583353.375 92274.6641
-583376.188 91274.7578
-583399.125 90274.9609
-583422.000 89275.1797
-583444.875 88275.4062
-583467.750 87275.5234
-583490.625 86275.7422
-583513.500 85276.0703
-583536.375 84276.2969
-583559.250 83276.5156
-583582.125 82276.6406
-583605.000 81276.8750
-583627.875 80277.1016
-583650.750 79277.4453
-583673.625 78277.5781
-583696.562 77277.8125
-583719.438 76278.0625
-583742.312 75278.2891
-583765.125 74278.5391
-583788.000 73278.6875
-583810.875 72279.0312
-583833.812 71279.2812
-583856.688 70279.5391
-583879.562 69279.7891
-583902.438 68279.9375
-583925.312 67280.1875
-583948.125 66280.4609
-583971.062 65280.8242
-583993.938 64280.9766
-584016.812 63281.2383
-584039.688 62281.5000
-584062.500 61281.7656
-584085.375 60282.0391
-584108.312 59282.2031
-584131.188 58282.5781
-584154.062 57282.8516
-584176.938 56283.1250
-584199.750 55283.2891
-584222.688 54283.5664
-584245.562 53283.8477
-584268.500 52284.1211
-584291.312 51284.5117
-584314.188 50284.6875
-584337.062 49284.9688
-584359.938 48285.2539
-584382.875 47285.5391
-584405.750 46285.8242
-584428.562 45286.0039
-584451.438 44286.4023
-584474.250 43286.6914
-584497.125 42286.9805
-584520.062 41287.1680
-584542.938 40287.4570
-584565.812 39287.7578
-584588.688 38288.1523
-584611.500 37288.4531
-584634.438 36288.6367
-584657.312 35288.9375
-584680.250 34289.2344
-584703.062 33289.5352
-584725.875 32289.7285
-584748.750 31290.0293
-584771.688 30290.4395
-584794.562 29290.7402
-584817.438 28291.0430
-584840.312 27291.2422
-584863.188 26291.5430
-584886.000 25291.8516
-584908.938 24292.2637
-584931.812 23292.4609
-584954.688 22292.7695
-584977.562 21293.0762
-585000.375 20293.3828
-585023.250 19293.6934
-585046.188 18293.8965
-585069.062 17294.3105
-585091.938 16294.6201
-585114.812 15294.9307
-585137.625 14295.2412
-585160.562 13295.4473
-585183.438 12295.7568
-585206.375 11296.0693
-585229.125 10296.4863
-585252.000 9296.69336
-585274.875 8297.00488
-585297.750 7297.31787
-585320.625 6297.62988
-585343.562 5297.94287
-585366.375 4298.14941
-585389.312 3298.56885
-585412.125 2298.88184
-585435.000 1299.19507
-585457.938 299.402283
-585480.750 -700.284485
-585503.625 -1699.97119
-585526.500 -2699.65820
-585549.375 -3699.23901
-585572.250 -4699.03174
-585595.188 -5698.71875
-585618.062 -6698.40674
-585640.875 -7698.09424
-585663.750 -8697.78125
-585686.625 -9697.57520
-585709.500 -10697.1572
-585732.375 -11696.8457
-585755.250 -12696.5352
-585778.125 -13696.3281
-585801.000 -14696.0186
-585823.875 -15695.7070
-585846.750 -16695.2910
-585869.688 -17694.9824
-585892.500 -18694.7812
-585915.438 -19694.4707
-585938.250 -20694.1621
-585961.062 -21693.8555
-585984.000 -22693.6543
-586006.875 -23693.3477
-586029.750 -24692.9355
-586052.625 -25692.6309
-586075.438 -26692.3242
-586098.375 -27692.1250
-586121.250 -28691.8223
-586144.188 -29691.5215
-586167.000 -30691.1094
-586189.875 -31690.9199
-586212.750 -32690.6152
-586235.562 -33690.3164
-586258.500 -34690.0156
-586281.375 -35689.7188
-586304.250 -36689.5234
-586327.125 -37689.1250
-586350.000 -38688.8320
-586372.812 -39688.5391
-586395.750 -40688.2422
-586418.625 -41688.0586
-586441.500 -42687.7656
-586464.375 -43687.4766
-586487.250 -44687.0820
-586510.062 -45686.9023
-586533.000 -46686.6133
-586555.812 -47686.3242
-586578.750 -48686.0391
-586601.562 -49685.7578
-586624.500 -50685.5820
-586647.312 -51685.1992
-586670.250 -52684.9180
-586693.125 -53684.6328
-586716.000 -54684.4688
-586738.875 -55684.1836
-586761.750 -56683.9102
-586784.562 -57683.6445
-586807.562 -58683.2617
-586830.375 -59683.0977
-586853.312 -60682.8320
-586876.125 -61682.5664
-586898.938 -62682.3047
-586921.812 -63682.0312
-586944.750 -64681.8750
-586967.625 -65681.5078
-586990.500 -66681.2500
-587013.312 -67681.0000
-587036.250 -68680.8438
-587059.125 -69680.5938
-587082.062 -70680.3359
-587104.875 -71680.0859
-587127.750 -72679.7344
-587150.625 -73679.5938
-587173.500 -74679.3438
-587196.375 -75679.1016
-587219.312 -76678.8594
-587242.125 -77678.7266
-587265.062 -78678.4844
-587287.875 -79678.1406
-587310.812 -80677.9062
-587333.625 -81677.6797
-587356.562 -82677.5547
-587379.438 -83677.3281
-587402.312 -84677.1016
-587425.188 -85676.7734
-587448.062 -86676.6562
-587470.875 -87676.4297
-587493.812 -88676.2188
-587516.688 -89676.0000
-587539.625 -90675.7812
-587562.438 -91675.6875
-587585.312 -92675.3750
-587608.188 -93675.1719
-587631.062 -94674.9531
-587654.000 -95674.7578
-587676.875 -96674.6562
-587699.688 -97674.4688
-587722.625 -98674.2734
-587745.438 -99673.9844
-587768.375 -100673.883
-587791.250 -101673.703
-587814.125 -102673.516
-587837.000 -103673.344
-587859.875 -104673.156
-587882.750 -105673.094
-587905.625 -106672.812
-587928.500 -107672.633
-587951.438 -108672.469
-587974.250 -109672.406
-587997.125 -110672.250
-588020.000 -111672.078
-588042.875 -112671.914
-588065.812 -113671.664
-588088.688 -114671.609
-588111.625 -115671.461
-588134.438 -116671.320
-588157.312 -117671.172
-588180.188 -118671.031
-588203.062 -119671.000
-588226.000 -120670.750
-588248.875 -121670.617
-588271.688 -122670.500
-588294.625 -123670.477
-588317.438 -124670.352
-588340.375 -125670.234
-588363.250 -126670.117
-588386.125 -127669.898
-588409.062 -128669.891
-588431.875 -129669.781
-588454.812 -130669.672
-588477.625 -131669.562
-588500.562 -132669.594
-588523.438 -133669.484
-588546.312 -134669.281
-588569.188 -135669.203
-588592.062 -136669.125
-588615.000 -137669.141
-588637.875 -138669.062
-588660.750 -139668.984
-588683.688 -140668.828
-588706.500 -141668.844
-588729.375 -142668.797
-588752.250 -143668.734
-588775.188 -144668.672
-588798.062 -145668.609
-588820.938 -146668.656
-588843.875 -147668.516
-588866.688 -148668.484
-588889.625 -149668.438
-588912.500 -150668.391
-588935.375 -151668.469
-588958.250 -152668.438
-588981.125 -153668.422
-589004.062 -154668.281
-589026.875 -155668.391
-589049.875 -156668.375
-589072.688 -157668.359
-589095.562 -158668.359
-589118.500 -159668.344
-589141.375 -160668.469
-589164.312 -161668.375
-589187.125 -162668.375
-589210.000 -163668.391
-589232.875 -164668.516
-589255.812 -165668.531
-589278.688 -166668.562
-589301.625 -167668.578
-589324.500 -168668.516
-589347.375 -169668.672
-589370.250 -170668.703
-589393.125 -171668.766
-589416.000 -172668.812
-589438.938 -173668.875
-589461.812 -174669.031
-589484.750 -175668.984
-589507.562 -176669.062
-589530.562 -177669.125
-589553.375 -178669.312
-589576.250 -179669.406
-589599.188 -180669.484
-589622.062 -181669.578
-589645.000 -182669.562
-589667.812 -183669.781
-589690.750 -184669.891
-589713.625 -185669.984
-589736.500 -186670.094
-589759.438 -187670.328
-589782.312 -188670.438
-589805.250 -189670.453
-589828.125 -190670.609
-589851.000 -191670.719
-589873.875 -192670.984
-589896.750 -193671.125
-589919.688 -194671.266
-589942.562 -195671.328
-589965.500 -196671.609
-589988.375 -197671.750
-590011.250 -198671.938
-590034.188 -199672.094
-590057.062 -200672.281
-590079.938 -201672.578
-590102.812 -202672.672
-590125.750 -203672.859
-590148.688 -204673.047
-590171.562 -205673.281
-590194.438 -206673.562
-590217.375 -207673.797
-590240.188 -208674.016
-590263.125 -209674.125
-590286.000 -210674.469
-590308.938 -211674.719
-590331.875 -212674.953
-590354.750 -213675.203
-590377.625 -214675.422
-590400.562 -215675.781
-590423.438 -216675.969
-590446.312 -217676.234
-590469.250 -218676.500
-590492.125 -219676.875
-590515.062 -220677.172
-590537.938 -221677.469
-590560.812 -222677.734
-590583.750 -223677.953
-590606.625 -224678.344
-590629.500 -225678.672
-590652.438 -226678.984
-590675.312 -227679.312
-590698.250 -228679.750
-590721.188 -229680.078
-590744.062 -230680.297
-590767.000 -231680.656
-590789.875 -232681.000
-590812.812 -233681.438
-590835.688 -234681.844
-590858.562 -235682.188
-590881.438 -236682.562
-590904.438 -237682.844
-590927.312 -238683.328
-590950.188 -239683.719
-590973.125 -240684.125
-590996.000 -241684.516
-591018.938 -242685.031
-591041.812 -243685.453
-591064.750 -244685.797
-591087.625 -245686.188
-591110.562 -246686.625
-591133.500 -247687.156
-591156.438 -248687.609
-591179.312 -249688.094
-591202.250 -250688.438
-591225.062 -251689.000
-591248.000 -252689.453
-591270.938 -253689.938
-591293.750 -254690.406
-591316.750 -255690.922
-591339.688 -256691.484
-591362.562 -257691.906
-591385.438 -258692.391
-591408.438 -259692.938
-591431.312 -260693.438
-591454.188 -261694.062
-591477.125 -262694.594
-591500.062 -263695.156
-591522.875 -264695.594
-591545.875 -265696.250
-591568.812 -266696.812
-591591.750 -267697.406
-591614.625 -268697.938
-591637.562 -269698.531
-591660.438 -270699.219
-591683.375 -271699.688
-591706.250 -272700.312
-591729.188 -273700.906
-591752.062 -274701.594
-591775.000 -275702.219
-591797.938 -276702.875
-591820.875 -277703.500
-591843.750 -278704.031
-591866.688 -279704.781
-591889.625 -280705.438
-591912.562 -281706.094
-591935.438 -282706.781
-591958.375 -283707.531
-591981.312 -284708.250
-592004.188 -285708.812
-592027.062 -286709.500
-592050.000 -287710.219
-592073.000 -288711.031
-592095.938 -289711.719
-592118.812 -290712.469
-592141.750 -291713.188
-592164.688 -292713.812
-592187.625 -293714.688
-592210.500 -294715.469
-592233.375 -295716.188
-592256.312 -296716.969
-592279.250 -297717.812
-592302.125 -298718.625
-592325.062 -299719.312
-592348.062 -300720.094
-592371.000 -301720.906
-592393.875 -302721.812
-592416.812 -303722.656
-592439.750 -304723.469
-592462.688 -305724.188
-592485.562 -306725.156
-592508.500 -307726.000
-592531.375 -308726.844
-592554.375 -309727.719
-592577.250 -310728.594
-592600.250 -311729.562
-592623.125 -312730.344
-592646.062 -313731.219
-592669.000 -314732.125
-592692.000 -315733.062
-592714.938 -316734.062
-592737.812 -317735.000
-592760.750 -318735.938
-592783.688 -319736.781
-592806.625 -320737.844
-592829.500 -321738.812
-592852.500 -322739.719
-592875.375 -323740.719
-592898.312 -324741.688
-592921.250 -325742.781
-592944.188 -326743.688
-592967.062 -327744.688
-592990.062 -328745.719
-593012.938 -329746.844
-593035.938 -330747.844
-593058.875 -331748.906
-593081.812 -332749.938
-593104.812 -333750.906
-593127.688 -334752.062
-593150.625 -335753.156
-593173.562 -336754.219
-593196.562 -337755.312
-593219.438 -338756.500
-593242.375 -339757.625
-593265.250 -340758.625
-593288.250 -341759.719
-593311.188 -342760.844
-593334.125 -343762.125
-593357.125 -344763.281
-593380.000 -345764.438
-593402.938 -346765.562
-593425.875 -347766.656
-593448.812 -348767.938
-593471.750 -349769.125
-593494.688 -350770.312
-593517.688 -351771.500
-593540.625 -352772.844
-593563.562 -353774.062
-593586.500 -354775.188
-593609.500 -355776.438
-593632.375 -356777.656
-593655.312 -357779.062
-593678.312 -358780.344
-593701.250 -359781.594
-593724.250 -360782.781
-593747.125 -361784.188
-593770.125 -362785.438
-593793.000 -363786.781
-593816.000 -364788.125
-593838.875 -365789.438
-593861.875 -366790.875
-593884.812 -367792.094
-593907.750 -368793.438
-593930.688 -369794.844
-593953.688 -370796.219
-593976.625 -371797.688
-593999.625 -372799.094
-594022.500 -373800.500
-594045.500 -374801.812
-594068.438 -375803.344
-594091.375 -376804.781
-594114.312 -377806.188
-594137.250 -378807.656
-594160.250 -379809.094
-594183.188 -380810.656
-594206.125 -381812.062
-594229.062 -382813.562
-594264.812 -384372.094
-594313.375 -386487.500
-594374.625 -389159.844
-594448.562 -392389.531
-594535.438 -396176.219
-594635.000 -400519.938
-594747.438 -405421.094
-594872.500 -410879.562
-595010.438 -416895.344
-595161.188 -423468.844
-595324.750 -430600.031
-595501.062 -438288.812
823
-595501.062 -438288.812
-587256.500 -438476.594
-579669.812 -438647.094
-572739.500 -438800.875
-566465.438 -438938.531
-560849.438 -439060.469
-555889.750 -439167.156
-551586.438 -439258.938
-547939.500 -439336.188
-544950.562 -439399.094
-542616.375 -439447.969
-540941.875 -439482.938
-539922.250 -439504.188
-538902.500 -439525.344
-537882.688 -439546.531
-536862.938 -439567.594
-535843.188 -439588.656
-534825.062 -439609.688
-533805.312 -439630.688
-532785.625 -439651.594
-531765.812 -439672.562
-530746.125 -439693.406
-529728.000 -439714.250
-528708.250 -439735.031
-527688.500 -439755.750
-526670.438 -439776.406
-525650.625 -439797.094
-524630.875 -439817.750
-523611.094 -439838.312
-522591.312 -439858.844
-521571.562 -439879.344
-520553.469 -439899.812
-519533.688 -439920.219
-518515.594 -439940.594
-517495.844 -439960.969
-516476.062 -439981.281
-515456.281 -440001.531
-514436.500 -440021.750
-513416.719 -440041.969
-512398.656 -440062.031
-511378.812 -440082.188
-510359.031 -440102.250
-509339.312 -440122.281
-508319.531 -440142.281
-507301.406 -440162.188
-506281.625 -440182.094
-505261.844 -440201.969
-504243.750 -440221.781
-503223.969 -440241.594
-502204.125 -440261.281
-501184.375 -440281.000
-500164.594 -440300.719
-499144.750 -440320.312
-498126.656 -440339.906
-497106.875 -440359.406
-496087.125 -440378.906
-495068.969 -440398.375
-494049.188 -440417.781
-493029.406 -440437.219
-492009.562 -440456.594
-490989.781 -440475.875
-489971.688 -440495.125
-488951.844 -440514.312
-487932.062 -440533.500
-486912.281 -440552.719
-485892.469 -440571.844
-484874.312 -440590.875
-483854.531 -440609.906
-482836.375 -440628.812
-481816.594 -440647.781
-480796.812 -440666.719
-479776.969 -440685.531
-478757.125 -440704.438
-477737.344 -440723.188
-476719.219 -440741.875
-475699.375 -440760.625
-474679.562 -440779.281
-473659.750 -440797.938
-472641.594 -440816.500
-471621.875 -440835.062
-470601.969 -440853.562
-469582.188 -440872.062
-468564.094 -440890.406
-467544.219 -440908.844
-466524.406 -440927.188
-465504.562 -440945.469
-464484.781 -440963.750
-463464.938 -440981.969
-462446.781 -441000.156
-461426.938 -441018.250
-460408.812 -441036.344
-459388.969 -441054.469
-458369.188 -441072.469
-457349.344 -441090.469
-456329.469 -441108.438
-455309.688 -441126.344
-454291.500 -441144.219
-453271.656 -441162.031
-452251.875 -441179.812
-451232.031 -441197.562
-450213.844 -441215.281
-449194.031 -441232.938
-448174.188 -441250.562
-447154.344 -441268.125
-446136.188 -441285.688
-445116.344 -441303.188
-444096.531 -441320.656
-443076.688 -441338.094
-442056.844 -441355.469
-441037.000 -441372.875
-440018.812 -441390.125
-438998.969 -441407.438
-437980.812 -441424.594
-436960.906 -441441.750
-435941.062 -441458.969
-434921.219 -441476.062
-433901.375 -441493.125
-432881.562 -441510.156
-431863.344 -441527.125
-430843.531 -441544.062
-429823.688 -441561.000
-428803.844 -441577.875
-427784.000 -441594.688
-426765.812 -441611.469
-425745.875 -441628.219
-424727.719 -441644.875
-423707.875 -441661.562
-422688.031 -441678.188
-421668.188 -441694.812
-420648.312 -441711.344
-419628.469 -441727.875
-418610.281 -441744.312
-417590.438 -441760.750
-416570.562 -441777.125
-415552.375 -441793.406
-414532.531 -441809.781
-413512.594 -441826.062
-412492.750 -441842.281
-411472.875 -441858.500
-410454.719 -441874.594
-409434.875 -441890.688
-408414.969 -441906.812
-407395.125 -441922.781
-406375.188 -441938.812
-405355.312 -441954.719
-404337.156 -441970.625
-403317.250 -441986.500
-402299.062 -442002.312
-401279.188 -442018.094
-400259.344 -442033.844
-399239.438 -442049.562
-398219.531 -442065.219
-397199.688 -442080.906
-396181.500 -442096.469
-395161.562 -442112.000
-394141.719 -442127.500
-393123.500 -442142.938
-392103.656 -442158.406
-391083.750 -442173.781
-390063.875 -442189.156
-389043.969 -442204.469
-388025.750 -442219.688
-387005.875 -442234.938
-385986.031 -442250.094
-384966.094 -442265.250
-383946.219 -442280.406
-382926.344 -442295.438
-381908.125 -442310.438
-380888.219 -442325.438
-379870.000 -442340.406
-378850.094 -442355.281
-377830.250 -442370.156
-376810.312 -442385.031
-375790.406 -442399.781
-374770.531 -442414.531
-373752.312 -442429.250
-372732.438 -442443.906
-371712.500 -442458.531
-370694.281 -442473.094
-369674.406 -442487.656
-368654.531 -442502.125
-367634.625 -442516.625
-366616.406 -442531.062
-365596.469 -442545.438
-364576.594 -442559.812
-363556.656 -442574.125
-362536.781 -442588.375
-361516.875 -442602.594
-360498.625 -442616.781
-359478.750 -442630.938
-358460.469 -442645.031
-357440.594 -442659.062
-356420.688 -442673.125
-355400.750 -442687.062
-354380.875 -442701.062
-353360.938 -442714.938
-352342.688 -442728.812
-351322.812 -442742.594
-350302.875 -442756.406
-349283.000 -442770.188
-348263.094 -442783.906
-347244.812 -442797.531
-346224.875 -442811.125
-345204.969 -442824.781
-344186.750 -442838.312
-343166.844 -442851.781
-342146.906 -442865.281
-341127.000 -442878.719
-340107.062 -442892.094
-339087.156 -442905.438
-338068.906 -442918.688
-337049.000 -442932.000
-336030.719 -442945.219
-335010.844 -442958.375
-333990.875 -442971.562
-332970.969 -442984.656
-331951.062 -442997.750
-330931.125 -443010.750
-329912.844 -443023.688
-328892.969 -443036.656
-327873.000 -443049.562
-326853.125 -443062.438
-325833.156 -443075.281
-324814.906 -443088.062
-323795.000 -443100.781
-322775.031 -443113.531
-321756.781 -443126.188
-320736.875 -443138.812
-319716.938 -443151.375
-318697.000 -443163.906
-317677.031 -443176.469
-316657.125 -443188.938
-315638.844 -443201.312
-314618.938 -443213.750
-313600.625 -443226.062
-312580.719 -443238.344
-311560.781 -443250.656
-310540.875 -443262.875
-309520.906 -443275.031
-308502.656 -443287.219
-307482.719 -443299.312
-306462.750 -443311.344
-305442.844 -443323.344
-304422.875 -443335.344
-303402.938 -443347.312
-302384.688 -443359.188
-301364.719 -443371.062
-300346.469 -443382.875
-299326.500 -443394.656
-298306.562 -443406.438
-297286.625 -443418.156
-296266.688 -443429.781
-295246.719 -443441.406
-294228.469 -443452.969
-293208.500 -443464.531
-292188.562 -443476.031
-291168.625 -443487.562
-290150.344 -443498.969
-289130.375 -443510.344
-288110.438 -443521.656
-287090.469 -443532.969
-286072.219 -443544.188
-285052.250 -443555.469
-284032.281 -443566.625
-283012.344 -443577.750
-281992.406 -443588.875
-280972.406 -443599.938
-279954.156 -443610.969
-278934.219 -443621.969
-277915.875 -443632.875
-276895.969 -443643.812
-275876.000 -443654.656
-274856.031 -443665.469
-273836.094 -443676.281
-272816.156 -443687.000
-271797.812 -443697.719
-270777.875 -443708.375
-269757.906 -443719.000
-268737.969 -443729.594
-267719.656 -443740.094
-266699.719 -443750.625
-265679.719 -443761.094
-264659.781 -443771.531
-263641.500 -443781.875
-262621.531 -443792.219
-261601.578 -443802.531
-260581.594 -443812.844
-259561.641 -443823.031
-258541.656 -443833.250
-257523.391 -443843.344
-256503.438 -443853.469
-255485.094 -443863.469
-254465.141 -443873.531
-253445.172 -443883.500
-252425.219 -443893.438
-251405.234 -443903.406
-250386.938 -443913.219
-249366.953 -443923.031
-248347.000 -443932.812
-247327.016 -443942.562
-246307.062 -443952.250
-245288.734 -443961.906
-244268.781 -443971.562
-243248.797 -443981.125
-242230.500 -443990.688
-241210.516 -444000.156
-240190.562 -444009.688
-239170.594 -444019.062
-238150.609 -444028.469
-237130.594 -444037.812
-236112.297 -444047.062
-235092.344 -444056.375
-234072.359 -444065.594
-233054.047 -444074.719
-232034.062 -444083.906
-231014.109 -444093.000
-229994.125 -444102.094
-228974.141 -444111.094
-227955.828 -444120.094
-226935.828 -444129.000
-225915.891 -444137.938
-224895.891 -444146.781
-223875.906 -444155.562
-222855.922 -444164.344
-221837.609 -444173.094
-220817.609 -444181.812
-219799.312 -444190.438
-218779.344 -444199.125
-217759.344 -444207.656
-216739.344 -444216.188
-215719.375 -444224.688
-214699.375 -444233.188
-213681.062 -444241.562
-212661.078 -444249.969
-211641.078 -444258.312
-210622.766 -444266.594
-209602.781 -444274.844
-208582.812 -444283.062
-207562.828 -444291.281
-206542.812 -444299.375
-205524.500 -444307.531
-204504.516 -444315.562
-203484.531 -444323.594
-202464.516 -444331.562
-201444.516 -444339.500
-200424.562 -444347.344
-199406.219 -444355.281
-198386.234 -444363.094
-197367.906 -444370.844
-196347.906 -444378.562
-195327.922 -444386.312
-194307.938 -444393.938
-193287.938 -444401.562
-192269.609 -444409.156
-191249.609 -444416.688
-190229.625 -444424.219
-189209.625 -444431.625
-188191.281 -444439.031
-187171.297 -444446.406
-186151.297 -444453.719
-185131.297 -444461.094
-184112.984 -444468.312
-183093.000 -444475.531
-182072.969 -444482.719
-181052.969 -444489.906
-180032.984 -444496.938
-179012.969 -444504.000
-177994.641 -444511.031
-176974.656 -444518.000
-175956.328 -444524.938
-174936.328 -444531.844
-173916.312 -444538.719
-172896.312 -444545.500
-171876.312 -444552.281
-170856.312 -444559.031
-169837.984 -444565.750
-168817.984 -444572.375
-167797.969 -444579.000
-166777.969 -444585.531
-165757.953 -444592.125
-164739.625 -444598.625
-163719.625 -444605.094
-162699.625 -444611.438
-161681.281 -444617.844
-160661.281 -444624.219
-159641.281 -444630.438
-158621.250 -444636.750
-157601.266 -444642.969
-156581.250 -444649.094
-155562.922 -444655.250
-154542.906 -444661.375
-153524.562 -444667.375
-152504.562 -444673.406
-151484.547 -444679.406
-150464.547 -444685.312
-149444.531 -444691.281
-148424.516 -444697.094
-147406.188 -444702.906
-146386.172 -444708.688
-145366.172 -444714.438
-144346.156 -444720.125
-143326.141 -444725.750
-142307.797 -444731.375
-141287.781 -444736.969
-140267.766 -444742.469
-139249.438 -444748.000
-138229.438 -444753.438
-137209.406 -444758.875
-136189.406 -444764.219
-135169.391 -444769.562
-134151.047 -444774.875
-133131.047 -444780.125
-132111.016 -444785.344
-131092.672 -444790.531
-130072.664 -444795.625
-129052.641 -444800.750
-128032.617 -444805.781
-127012.602 -444810.812
-125994.266 -444815.750
-124974.258 -444820.719
-123954.234 -444825.594
-122934.227 -444830.406
-121914.195 -444835.281
-120894.172 -444840.031
-119875.836 -444844.750
-118855.812 -444849.469
-117837.469 -444854.094
-116817.453 -444858.719
-115797.445 -444863.281
-114777.422 -444867.812
-113757.406 -444872.344
-112737.383 -444876.750
-111719.039 -444881.156
-110699.016 -444885.531
-109678.992 -444889.938
-108660.648 -444894.188
-107640.633 -444898.469
-106620.609 -444902.625
-105600.586 -444906.781
-104580.562 -444910.969
-103562.219 -444915.062
-102542.195 -444919.094
-101522.172 -444923.094
-100502.156 -444927.062
-99482.1328 -444931.031
-98462.1172 -444934.906
-97443.7578 -444938.750
-96423.7422 -444942.531
-95405.3828 -444946.344
-94385.3594 -444950.062
-93365.3359 -444953.750
-92345.3203 -444957.406
-91325.2969 -444961.000
-90305.2734 -444964.594
-89286.9219 -444968.156
-88266.8984 -444971.594
-87246.8750 -444975.094
-86226.8438 -444978.469
-85208.5000 -444981.812
-84188.4688 -444985.188
-83168.4453 -444988.469
-82148.4219 -444991.719
-81130.0703 -444994.906
-80110.0469 -444998.094
-79090.0156 -445001.219
-78069.9922 -445004.312
-77049.9688 -445007.344
-76031.6094 -445010.406
-75011.5859 -445013.344
-73993.2344 -445016.281
-72973.2109 -445019.156
-71953.1875 -445022.000
-70933.1562 -445024.812
-69913.1250 -445027.594
-68893.0938 -445030.312
-67874.7422 -445033.000
-66854.7266 -445035.625
-65834.6875 -445038.219
-64814.6641 -445040.844
-63794.6406 -445043.375
-62776.2852 -445045.844
-61756.2539 -445048.312
-60736.2227 -445050.688
-59717.8750 -445053.062
-58697.8516 -445055.406
-57677.8125 -445057.688
-56657.7891 -445059.938
-55637.7617 -445062.125
-54617.7266 -445064.344
-53599.3750 -445066.438
-52579.3477 -445068.531
-51560.9922 -445070.562
-50540.9609 -445072.562
-49520.9297 -445074.562
-48500.9023 -445076.469
-47480.8711 -445078.344
-46460.8398 -445080.219
-45442.4844 -445081.969
-44422.4531 -445083.781
-43402.4219 -445085.500
-42382.3945 -445087.188
-41362.3633 -445088.844
-40344.0078 -445090.469
-39323.9805 -445092.031
-38303.9453 -445093.562
-37285.5898 -445095.000
-36265.5625 -445096.469
-35245.5312 -445097.844
-34225.5000 -445099.250
-33205.4648 -445100.562
-32185.4395 -445101.844
-31167.0781 -445103.062
-30147.0488 -445104.312
-29127.0176 -445105.469
-28108.6641 -445106.594
-27088.6309 -445107.688
-26068.5996 -445108.719
-25048.5664 -445109.750
-24028.5352 -445110.688
-23010.1797 -445111.594
-21990.1465 -445112.438
-20970.1172 -445113.312
-19950.0859 -445114.125
-18930.0527 -445114.875
-17911.6953 -445115.625
-16891.6641 -445116.344
-15873.3066 -445116.938
-14853.2754 -445117.562
-13833.2432 -445118.094
-12813.2109 -445118.656
-11793.1787 -445119.125
-10773.1465 -445119.625
-9754.78906 -445119.969
-8734.75684 -445120.375
-7714.72607 -445120.688
-6694.69336 -445120.969
-5676.33643 -445121.219
-4656.30469 -445121.375
-3636.27197 -445121.531
-2616.23999 -445121.688
-1597.88293 -445121.750
-577.850708 -445121.812
442.181396 -445121.812
1462.21350 -445121.750
2482.24561 -445121.688
3502.27783 -445121.594
4520.63525 -445121.438
5540.66699 -445121.219
6559.02393 -445120.969
7579.05664 -445120.750
8599.08789 -445120.406
9619.12012 -445120.031
10639.1523 -445119.625
11659.1846 -445119.219
12677.5420 -445118.750
13697.5742 -445118.250
14717.6055 -445117.656
15737.6367 -445117.031
16755.9922 -445116.406
17776.0254 -445115.719
18796.0566 -445115.031
19816.0898 -445114.250
20834.4473 -445113.469
21854.4785 -445112.656
22874.5117 -445111.688
23894.5430 -445110.812
24914.5723 -445109.875
25934.6055 -445108.844
26952.9570 -445107.844
27972.9902 -445106.719
28991.3477 -445105.562
30011.3789 -445104.469
31031.4121 -445103.281
32051.4453 -445102.031
33071.4727 -445100.719
34091.5039 -445099.406
35109.8594 -445098.062
36129.8906 -445096.656
37149.9258 -445095.219
38169.9492 -445093.719
39189.9844 -445092.188
40208.3398 -445090.656
41228.3711 -445089.062
42246.7305 -445087.438
43266.7539 -445085.719
44286.7891 -445084.000
45306.8164 -445082.219
46326.8477 -445080.406
47346.8789 -445078.594
48365.2305 -445076.719
49385.2617 -445074.750
50405.2891 -445072.875
51423.6445 -445070.844
52443.6719 -445068.844
53463.7031 -445066.750
54483.7383 -445064.594
55503.7617 -445062.469
56522.1094 -445060.250
57542.1445 -445057.969
58562.1719 -445055.688
59582.2031 -445053.406
60602.2344 -445051.000
61622.2539 -445048.594
62640.6133 -445046.188
63660.6445 -445043.719
64678.9961 -445041.188
65699.0234 -445038.625
66719.0547 -445036.031
67739.0781 -445033.344
68759.1094 -445030.688
69779.1328 -445027.938
70797.4844 -445025.188
71817.5156 -445022.375
72837.5391 -445019.531
73855.8984 -445016.625
74875.9219 -445013.750
75895.9453 -445010.781
76915.9688 -445007.750
77936.0000 -445004.750
78954.3516 -445001.625
79974.3750 -444998.500
80994.3984 -444995.344
82014.4297 -444992.156
83034.4453 -444988.875
84054.4766 -444985.594
85072.8281 -444982.250
86092.8516 -444978.875
87111.2031 -444975.531
88131.2266 -444972.062
89151.2500 -444968.625
90171.2734 -444965.031
91191.3047 -444961.500
92211.3281 -444957.875
93229.6641 -444954.219
94249.6875 -444950.562
95269.7266 -444946.844
96289.7500 -444943.094
97308.0859 -444939.250
98328.1094 -444935.438
99348.1484 -444931.531
100366.484 -444927.625
101386.508 -444923.656
102406.523 -444919.625
103426.562 -444915.594
104446.570 -444911.500
105466.594 -444907.375
106484.938 -444903.188
107504.961 -444899.031
108523.312 -444894.781
109543.320 -444890.500
110563.344 -444886.156
111583.367 -444881.812
112603.391 -444877.406
113623.398 -444872.906
114641.758 -444868.469
115661.773 -444863.906
116681.789 -444859.312
117701.805 -444854.719
118721.828 -444850.125
119740.172 -444845.375
120760.195 -444840.656
121780.203 -444835.906
122798.555 -444831.125
123818.570 -444826.281
124838.586 -444821.375
125858.602 -444816.469
126878.617 -444811.438
127898.633 -444806.469
128916.977 -444801.344
129936.992 -444796.312
130955.328 -444791.156
131975.344 -444786.031
132995.375 -444780.844
134015.375 -444775.562
135035.391 -444770.281
136055.406 -444764.969
137073.750 -444759.562
138093.766 -444754.156
139113.766 -444748.719
140133.781 -444743.250
141153.781 -444737.688
142172.141 -444732.156
143192.141 -444726.531
144212.172 -444720.906
145230.500 -444715.188
146250.500 -444709.438
147270.516 -444703.719
148290.516 -444697.844
149310.547 -444692.031
150330.547 -444686.125
151348.891 -444680.219
152368.906 -444674.219
153387.234 -444668.250
154407.250 -444662.156
155427.250 -444656.062
156447.266 -444649.969
157467.266 -444643.750
158485.578 -444637.625
159505.609 -444631.312
160525.609 -444625.031
161545.625 -444618.688
162565.625 -444612.312
163585.625 -444605.938
164603.969 -444599.469
165623.984 -444593.000
166642.297 -444586.469
167662.297 -444579.844
168682.312 -444573.250
169702.312 -444566.625
170722.312 -444559.906
171742.328 -444553.219
172760.641 -444546.406
173780.656 -444539.625
174800.656 -444532.719
175820.656 -444525.844
176838.984 -444518.906
177858.984 -444511.938
178878.984 -444504.969
179899.000 -444497.875
180917.312 -444490.812
181937.312 -444483.656
182957.312 -444476.500
183977.328 -444469.281
184997.312 -444462.000
186017.297 -444454.750
187035.641 -444447.406
188055.656 -444440.031
189073.953 -444432.594
190093.953 -444425.156
191113.953 -444417.688
192133.953 -444410.125
193153.938 -444402.562
194173.922 -444394.969
195192.250 -444387.312
196212.250 -444379.625
197232.250 -444371.906
198252.219 -444364.062
199270.562 -444356.281
200290.547 -444348.406
201310.547 -444340.531
202330.547 -444332.625
203348.844 -444324.656
204368.828 -444316.625
205388.844 -444308.594
206408.844 -444300.500
207428.812 -444292.344
208448.812 -444284.125
209467.109 -444275.938
210487.141 -444267.688
211505.422 -444259.406
212525.406 -444251.062
213545.406 -444242.656
214565.391 -444234.250
215585.375 -444225.844
216603.688 -444217.312
217623.656 -444208.781
218643.656 -444200.250
219663.656 -444191.594
220683.625 -444182.969
221701.953 -444174.312
222721.906 -444165.531
223741.906 -444156.719
224760.234 -444147.938
225780.203 -444139.094
226800.172 -444130.188
227820.172 -444121.250
228840.141 -444112.312
229860.109 -444103.250
230878.422 -444094.188
231898.391 -444085.125
232918.391 -444075.969
233936.703 -444066.812
234956.688 -444057.625
235976.672 -444048.281
236996.625 -444039.031
238016.594 -444029.688
239034.906 -444020.281
240054.891 -444010.906
241074.828 -444001.469
242094.844 -443991.938
243114.797 -443982.438
244134.812 -443972.844
245153.109 -443963.188
246173.062 -443953.531
247191.359 -443943.875
248211.344 -443934.156
249231.328 -443924.375
250251.281 -443914.531
251271.234 -443904.656
252291.234 -443894.719
253309.484 -443884.844
254329.484 -443874.844
255349.438 -443864.844
256367.750 -443854.781
257387.703 -443844.719
258407.688 -443834.562
259427.656 -443824.375
260447.609 -443814.156
261465.922 -443803.938
262485.875 -443793.594
263505.844 -443783.281
264525.812 -443772.906
265545.750 -443762.438
266565.750 -443752.031
267584.000 -443741.531
268603.969 -443731.000
269622.250 -443720.406
270642.219 -443709.750
271662.156 -443699.125
272682.156 -443688.406
273702.094 -443677.656
274722.094 -443666.938
276396.875 -443649.094
278731.562 -443624.125
281721.094 -443591.844
285368.781 -443551.938
289673.031 -443504.281
294633.750 -443448.375
300252.688 -443383.938
306528.094 -443310.562
313458.312 -443227.750
321046.688 -443134.969
329293.188 -443031.625
907
329293.188 -443031.625
329195.594 -435340.969
329105.062 -428208.156
329021.625 -421633.156
328945.281 -415616.000
328876.000 -410156.250
328813.781 -405254.000
328758.688 -400909.219
328710.625 -397121.719
328669.656 -393891.281
328635.750 -391218.312
328608.875 -389102.438
328589.125 -387543.531
328576.375 -386541.844
328563.688 -385540.219
328550.969 -384538.406
328538.281 -383536.750
328525.562 -382535.062
328512.875 -381533.406
328500.188 -380531.750
328487.438 -379529.969
328474.750 -378528.438
328462.031 -377526.844
328449.375 -376525.219
328436.656 -375523.500
328423.938 -374521.938
328411.250 -373520.281
328398.500 -372518.719
328385.812 -371517.250
328373.125 -370515.594
328360.406 -369514.031
328347.719 -368512.469
328335.000 -367510.938
328322.312 -366509.406
328309.594 -365507.812
328296.906 -364506.406
328284.188 -363504.875
328271.500 -362503.375
328258.812 -361501.812
328246.062 -360500.344
328233.406 -359498.906
328220.688 -358497.531
328208.000 -357496.062
328195.281 -356494.500
328182.594 -355493.125
328169.906 -354491.656
328157.188 -353490.281
328144.500 -352488.750
328131.781 -351487.469
328119.094 -350486.062
328106.406 -349484.719
328093.688 -348483.344
328081.000 -347481.844
328068.312 -346480.500
328055.594 -345479.156
328042.906 -344477.938
328030.219 -343476.625
328017.531 -342475.188
328004.844 -341473.875
327992.094 -340472.562
327979.438 -339471.281
327966.719 -338469.906
327954.031 -337468.719
327941.312 -336467.500
327928.625 -335466.188
327915.938 -334464.969
327903.250 -333463.625
327890.562 -332462.375
327877.844 -331461.125
327865.156 -330460.031
327852.438 -329458.719
327839.750 -328457.500
327827.094 -327456.344
327814.406 -326455.125
327801.656 -325453.969
327789.000 -324452.688
327776.281 -323451.625
327763.594 -322450.469
327750.906 -321449.344
327738.250 -320448.094
327725.531 -319446.969
327712.812 -318445.844
327700.156 -317444.719
327687.438 -316443.750
327674.781 -315442.562
327662.062 -314441.438
327649.375 -313440.375
327636.656 -312439.250
327624.000 -311438.219
327611.312 -310437.062
327598.594 -309436.125
327585.906 -308435.031
327573.250 -307434.031
327560.500 -306432.875
327547.844 -305431.875
327535.156 -304430.844
327522.469 -303429.938
327509.750 -302428.938
327497.125 -301427.844
327484.406 -300426.844
327471.719 -299425.906
327459.031 -298424.906
327446.312 -297423.844
327433.656 -296423.031
327420.969 -295422.062
327408.281 -294421.156
327395.594 -293420.188
327382.906 -292419.156
327370.188 -291418.250
327357.562 -290417.344
327344.812 -289416.531
327332.156 -288415.656
327319.469 -287414.656
327306.781 -286413.781
327294.094 -285412.875
327281.406 -284412.031
327268.719 -283411.031
327256.031 -282410.312
327243.344 -281409.469
327230.656 -280408.625
327218.000 -279407.781
327205.281 -278406.844
327192.594 -277406.062
327179.938 -276405.219
327167.219 -275404.500
327154.594 -274403.594
327141.844 -273402.812
327129.219 -272402.031
327116.500 -271401.250
327103.844 -270400.469
327091.125 -269399.594
327078.469 -268398.938
327065.781 -267398.219
327053.094 -266397.500
327040.406 -265396.625
327027.719 -264395.875
327015.031 -263395.156
327002.406 -262394.438
326989.656 -261393.844
326977.000 -260393.000
326964.312 -259392.328
326951.625 -258391.625
326938.969 -257390.922
326926.250 -256390.266
326913.594 -255389.453
326900.906 -254388.906
326888.219 -253388.266
326875.562 -252387.594
326862.875 -251386.828
326850.188 -250386.203
326837.500 -249385.562
326824.812 -248385.016
326812.156 -247384.391
326799.438 -246383.688
326786.781 -245383.047
326774.094 -244382.484
326761.438 -243381.859
326748.719 -242381.156
326736.062 -241380.672
326723.375 -240380.109
326710.719 -239379.516
326698.031 -238378.953
326685.344 -237378.266
326672.656 -236377.703
326660.031 -235377.172
326647.312 -234376.703
326634.688 -233376.172
326621.938 -232375.547
326609.281 -231375.000
326596.594 -230374.484
326583.938 -229373.953
326571.250 -228373.344
326558.594 -227372.906
326545.906 -226372.453
326533.219 -225371.953
326520.562 -224371.438
326507.844 -223370.844
326495.188 -222370.359
326482.531 -221369.891
326469.844 -220369.547
326457.188 -219368.984
326444.500 -218368.516
326431.781 -217368.078
326419.156 -216367.609
326406.438 -215367.172
326393.812 -214366.625
326381.125 -213366.297
326368.438 -212365.875
326355.781 -211365.453
326343.094 -210364.922
326330.438 -209364.531
326317.719 -208364.109
326305.094 -207363.703
326292.375 -206363.406
326279.750 -205362.922
326267.031 -204362.547
326254.406 -203362.156
326241.688 -202361.781
326229.062 -201361.438
326216.344 -200360.938
326203.688 -199360.688
326191.000 -198360.344
326178.344 -197359.969
326165.656 -196359.531
326153.000 -195359.188
326140.312 -194358.859
326127.656 -193358.625
326114.969 -192358.312
326102.312 -191357.859
326089.625 -190357.547
326076.969 -189357.266
326064.281 -188356.938
326051.625 -187356.531
326038.938 -186356.344
326026.250 -185356.047
326013.562 -184355.734
326000.938 -183355.469
325988.281 -182355.078
325975.594 -181354.797
325962.938 -180354.547
325950.250 -179354.359
325937.562 -178354.000
325924.906 -177353.750
325912.219 -176353.484
325899.531 -175353.250
325886.906 -174353.016
325874.219 -173352.656
325861.562 -172352.531
325848.875 -171352.297
325836.219 -170352.062
325823.531 -169351.844
325810.875 -168351.516
325798.219 -167351.297
325785.531 -166351.094
325772.875 -165350.984
325760.188 -164350.672
325747.531 -163350.469
325734.844 -162350.281
325722.219 -161350.078
325709.500 -160349.906
325696.844 -159349.609
325684.156 -158349.547
325671.500 -157349.359
325658.875 -156349.203
325646.188 -155348.938
325633.531 -154348.766
325620.812 -153348.594
325608.188 -152348.453
325595.500 -151348.406
325582.844 -150348.141
325570.156 -149347.984
325557.500 -148347.859
325544.844 -147347.719
325532.156 -146347.594
325519.500 -145347.344
325506.812 -144347.328
325494.156 -143347.219
325481.500 -142347.094
325468.812 -141346.875
325456.156 -140346.750
325443.500 -139346.641
325430.844 -138346.656
325418.156 -137346.547
325405.500 -136346.328
325392.844 -135346.250
325380.156 -134346.156
325367.500 -133346.062
325354.844 -132345.875
325342.156 -131345.891
325329.500 -130345.812
325316.844 -129345.734
325304.188 -128345.656
325291.500 -127345.500
325278.844 -126345.406
325266.156 -125345.359
325253.500 -124345.414
325240.844 -123345.242
325228.188 -122345.188
325215.500 -121345.133
325202.844 -120345.086
325190.188 -119345.047
325177.500 -118344.906
325164.875 -117344.969
325152.156 -116344.930
325139.531 -115344.898
325126.875 -114344.859
325114.188 -113344.711
325101.562 -112344.711
325088.844 -111344.680
325076.219 -110344.766
325063.531 -109344.641
325050.875 -108344.633
325038.188 -107344.609
325025.531 -106344.609
325012.875 -105344.602
325000.219 -104344.492
324987.562 -103344.594
324974.875 -102344.602
324962.219 -101344.594
324949.531 -100344.492
324936.906 -99344.5078
324924.250 -98344.5234
324911.531 -97344.5391
324898.938 -96344.6562
324886.219 -95344.5781
324873.562 -94344.5938
324860.906 -93344.6172
324848.219 -92344.6328
324835.594 -91344.6641
324822.906 -90344.5859
324810.281 -89344.7344
324797.594 -88344.7656
324784.938 -87344.8047
324772.250 -86344.7344
324759.594 -85344.7812
324746.969 -84344.8203
324734.281 -83344.9688
324721.625 -82345.0234
324708.938 -81344.9688
324696.281 -80345.0156
324683.625 -79345.0625
324670.969 -78345.1250
324658.312 -77345.0781
324645.625 -76345.2344
324632.969 -75345.2969
324620.312 -74345.3594
324607.656 -73345.4219
324595.000 -72345.3906
324582.344 -71345.4531
324569.656 -70345.5234
324557.000 -69345.7031
324544.344 -68345.6641
324531.688 -67345.7422
324519.000 -66345.8203
324506.375 -65345.9023
324493.688 -64345.9805
324481.031 -63345.9531
324468.375 -62346.1445
324455.719 -61346.2305
324443.062 -60346.3164
324430.406 -59346.3984
324417.719 -58346.3906
324405.062 -57346.4805
324392.375 -56346.5664
324379.719 -55346.7656
324367.094 -54346.7578
324354.406 -53346.8516
324341.750 -52346.9492
324329.094 -51347.0469
324316.438 -50347.1484
324303.750 -49347.1445
324291.125 -48347.3477
324278.438 -47347.4570
324265.781 -46347.5586
324253.125 -45347.5625
324240.438 -44347.6641
324227.812 -43347.7734
324215.156 -42347.8789
324202.500 -41348.0977
324189.812 -40348.1055
324177.125 -39348.2148
324164.500 -38348.3281
324151.844 -37348.4453
324139.188 -36348.5586
324126.500 -35348.5664
324113.844 -34348.7891
324101.219 -33348.9062
324088.500 -32349.0273
324075.875 -31349.0410
324063.188 -30349.1621
324050.562 -29349.2812
324037.906 -28349.5098
324025.219 -27349.6309
324012.562 -26349.6484
323999.906 -25349.7715
323987.250 -24349.8965
323974.594 -23350.0195
323961.906 -22350.0391
323949.281 -21350.1660
323936.562 -20350.3984
323923.969 -19350.5254
323911.250 -18350.6543
323898.625 -17350.6738
323885.938 -16350.8027
323873.281 -15350.9297
323860.656 -14351.1670
323847.969 -13351.1885
323835.344 -12351.3184
323822.625 -11351.4492
323810.000 -10351.5791
323797.344 -9351.70996
323784.656 -8351.73438
323772.031 -7351.97119
323759.344 -6352.10254
323746.688 -5352.23389
323734.031 -4352.36572
323721.344 -3352.39111
323708.719 -2352.52271
323696.031 -1352.65417
323683.375 -352.891876
323670.719 647.082397
323658.062 1646.95081
323645.438 2646.81909
323632.719 3646.68774
323620.094 4646.55615
323607.406 5646.53027
323594.750 6646.29346
323582.094 7646.16162
323569.438 8646.03223
323556.781 9646.00684
323544.125 10645.8760
323531.438 11645.7461
323518.781 12645.6162
323506.125 13645.3799
323493.469 14645.3584
323480.812 15645.2285
323468.156 16645.1016
323455.500 17644.9727
323442.812 18644.8438
323430.188 19644.8223
323417.500 20644.5898
323404.875 21644.4648
323392.188 22644.3379
323379.531 23644.3184
323366.875 24644.1953
323354.219 25644.0703
323341.531 26643.8418
323328.875 27643.7168
323316.219 28643.7031
323303.562 29643.5801
323290.906 30643.4609
323278.250 31643.3398
323265.562 32643.3281
323252.938 33643.2070
323240.250 34642.9844
323227.594 35642.8711
323214.938 36642.7539
323202.281 37642.7461
323189.625 38642.6328
323176.969 39642.5195
323164.312 40642.3047
323151.625 41642.2969
323138.969 42642.1875
323126.312 43642.0781
323113.656 44641.9688
323100.969 45641.8633
323088.344 46641.8633
323075.656 47641.6562
323063.031 48641.5508
323050.344 49641.4453
323037.688 50641.3516
323025.031 51641.3555
323012.344 52641.2578
322999.688 53641.1562
322987.031 54640.9570
322974.375 55640.9688
322961.719 56640.8750
322949.031 57640.7812
322936.406 58640.6953
322923.719 59640.6016
322911.062 60640.6250
322898.406 61640.4336
322885.750 62640.3477
322873.094 63640.2695
322860.375 64640.2891
322847.750 65640.2109
322835.062 66640.1328
322822.438 67640.0547
322809.781 68639.8750
322797.094 69639.9062
322784.438 70639.8359
322771.781 71639.7656
322759.125 72639.6953
322746.438 73639.6328
322733.812 74639.6797
322721.156 75639.5156
322708.438 76639.4453
322695.844 77639.3906
322683.125 78639.4375
322670.500 79639.3906
322657.812 80639.3281
322645.156 81639.1797
322632.500 82639.1328
322619.812 83639.1875
322607.188 84639.1406
322594.500 85639.1016
322581.875 86639.0625
322569.156 87639.1250
322556.500 88639.0859
322543.875 89638.9453
322531.188 90638.9297
322518.562 91638.8906
322505.844 92638.9766
322493.219 93638.9453
322480.531 94638.9219
322467.844 95638.7891
322455.219 96638.8906
322442.531 97638.8672
322429.906 98638.8516
322417.219 99638.8359
322404.531 100638.836
322391.906 101638.930
322379.219 102638.828
322366.562 103638.828
322353.906 104638.820
322341.219 105638.828
322328.562 106638.938
322315.906 107638.961
322303.219 108638.961
322290.562 109638.867
322277.906 110639.008
322265.250 111639.023
322252.594 112639.039
322239.906 113639.070
322227.250 114639.102
322214.594 115639.242
322201.906 116639.164
322189.281 117639.203
322176.594 118639.242
322163.938 119639.383
322151.281 120639.430
322138.562 121639.477
322125.938 122639.539
322113.281 123639.492
322100.594 124639.648
322087.938 125639.711
322075.281 126639.773
322062.594 127639.836
322049.906 128639.922
322037.281 129640.102
322024.594 130640.062
322011.938 131640.141
321999.281 132640.234
321986.625 133640.438
321973.938 134640.516
321961.281 135640.609
321948.625 136640.594
321935.938 137640.688
321923.281 138640.906
321910.594 139641.016
321897.969 140641.125
321885.250 141641.234
321872.594 142641.453
321859.969 143641.578
321847.250 144641.594
321834.625 145641.734
321821.938 146641.859
321809.281 147642.109
321796.594 148642.234
321783.938 149642.375
321771.281 150642.422
321758.594 151642.672
321745.938 152642.828
321733.250 153642.984
321720.594 154643.156
321707.938 155643.297
321695.281 156643.578
321682.594 157643.641
321669.938 158643.828
321657.250 159644.016
321644.594 160644.203
321631.906 161644.484
321619.250 162644.672
321606.562 163644.859
321593.906 164644.969
321581.281 165645.281
321568.594 166645.500
321555.906 167645.703
321543.219 168645.922
321530.562 169646.125
321517.875 170646.469
321505.219 171646.594
321492.562 172646.812
321479.906 173647.062
321467.219 174647.422
321454.531 175647.656
321441.875 176647.906
321429.188 177648.156
321416.500 178648.312
321403.844 179648.672
321391.219 180648.953
321378.531 181649.219
321365.875 182649.500
321353.188 183649.781
321340.500 184650.188
321327.844 185650.344
321315.156 186650.656
321302.469 187650.969
321289.812 188651.359
321277.125 189651.672
321264.469 190651.984
321251.781 191652.297
321239.156 192652.516
321226.469 193652.953
321213.812 194653.297
321201.125 195653.641
321188.469 196653.969
321175.781 197654.406
321163.094 198654.766
321150.438 199655.047
321137.750 200655.406
321125.094 201655.750
321112.406 202656.234
321099.750 203656.625
321087.062 204656.969
321074.406 205657.281
321061.719 206657.750
321049.062 207658.156
321036.375 208658.562
321023.688 209658.969
321011.000 210659.391
320998.344 211659.906
320985.656 212660.219
320972.969 213660.656
320960.312 214661.094
320947.625 215661.531
320934.969 216662.078
320922.281 217662.516
320909.625 218662.969
320896.938 219663.328
320884.281 220663.922
320871.594 221664.375
320858.906 222664.844
320846.219 223665.344
320833.562 224665.812
320820.875 225666.297
320808.188 226666.812
320795.531 227667.312
320782.844 228667.844
320770.188 229668.531
320757.469 230668.859
320744.844 231669.375
320732.125 232669.906
320719.500 233670.453
320706.781 234671.203
320694.125 235671.750
320681.406 236672.094
320668.781 237672.656
320656.062 238673.250
320643.438 239674.016
320630.688 240674.609
320618.062 241675.172
320605.344 242675.766
320592.688 243676.359
320580.000 244676.953
320567.344 245677.609
320554.656 246678.203
320541.969 247678.797
320529.281 248679.469
320516.594 249680.062
320503.938 250680.734
320491.219 251681.359
320478.562 252682.000
320465.875 253682.688
320453.219 254683.328
320440.500 255684.016
320427.844 256684.688
320415.156 257685.359
320402.469 258686.047
320389.781 259686.719
320377.125 260687.453
320364.406 261688.359
320351.781 262689.094
320339.031 263689.812
320326.406 264690.344
320313.688 265691.062
320301.031 266692.031
320288.344 267692.750
320275.625 268693.500
320262.969 269694.281
320250.281 270694.844
320237.594 271695.781
320224.938 272696.594
320212.219 273697.406
320199.562 274698.156
320186.844 275698.969
320174.188 276699.781
320161.500 277700.625
320148.812 278701.406
320136.125 279702.250
320123.438 280703.094
320110.719 281703.938
320098.094 282704.781
320085.344 283705.656
320072.719 284706.688
320060.000 285707.375
320047.344 286708.250
320034.625 287709.125
320021.969 288710.031
320009.250 289711.125
319996.594 290712.031
319983.875 291712.750
319971.188 292713.656
319958.531 293714.594
319945.812 294715.719
319933.125 295716.656
319920.469 296717.625
319907.750 297718.562
319895.094 298719.562
319882.375 299720.531
319869.688 300721.500
319857.031 301722.469
319844.312 302723.469
319831.625 303724.500
319818.969 304725.469
319806.250 305726.469
319793.562 306727.531
319780.875 307728.531
319768.188 308729.594
319755.500 309730.656
319742.781 310731.719
319730.125 311732.750
319717.406 312733.812
319704.750 313734.906
319692.031 314736.000
319679.375 315737.094
319666.656 316738.406
319653.969 317739.469
319641.250 318740.594
319628.562 319741.531
319615.875 320742.656
319603.188 321744.000
319590.500 322745.156
319577.812 323746.312
319565.125 324747.469
319552.406 325748.656
319539.719 326749.812
319527.031 327751.031
319514.344 328752.219
319501.625 329753.406
319488.969 330754.594
319476.250 331755.875
319463.562 332757.062
319450.844 333758.312
319438.156 334759.562
319425.469 335760.812
319412.750 336762.062
319400.094 337763.344
319387.375 338764.594
319374.688 339766.125
319361.969 340767.188
319349.281 341768.500
319336.594 342769.812
319323.875 343771.125
319311.188 344772.656
319298.500 345774.000
319285.812 346775.156
319273.094 347776.500
319260.406 348778.062
319247.688 349779.438
319235.031 350780.812
319222.312 351782.219
319209.625 352783.625
319196.906 353785.031
319184.188 354786.406
319171.531 355787.875
319158.781 356789.312
319146.094 357790.719
319133.406 358792.188
319120.719 359793.625
319108.000 360795.125
319095.281 361796.531
319082.594 362798.062
319069.906 363799.562
319057.219 364801.094
319044.500 365802.562
319031.781 366804.094
319019.062 367805.625
319006.406 368807.156
318993.688 369808.719
318980.969 370810.281
318968.281 371812.031
318955.562 372813.656
318942.844 373815.219
318930.156 374816.562
318917.469 375818.219
318904.750 376820.000
318892.031 377821.656
318879.344 378823.250
318866.625 379824.906
318853.938 380826.562
318841.219 381828.219
318828.531 382829.875
318815.844 383831.594
318803.094 384833.281
318790.406 385834.969
318777.688 386836.656
318764.969 387838.344
318752.281 388840.094
318739.562 389841.844
318726.875 390843.562
318714.156 391845.375
318701.438 392847.094
318688.719 393848.875
318676.031 394850.875
318663.312 395852.500
318650.625 396854.250
318637.906 397856.094
318625.188 398857.906
318612.469 399859.969
318599.781 400861.812
318587.031 401863.406
318574.344 402865.281
318561.625 403867.375
318548.906 404869.281
318536.188 405871.156
318523.500 406873.062
318510.781 407875.000
318498.062 408876.875
318485.375 409878.812
318472.656 410880.719
318459.906 411882.719
318447.219 412884.688
318434.500 413886.625
318421.781 414888.594
318409.094 415890.656
318396.344 416892.656
318383.625 417894.656
318370.938 418896.688
318358.219 419898.719
318345.500 420900.750
318332.750 421902.844
318320.062 422904.875
318307.344 423906.969
318294.594 424909.031
318281.938 425911.125
318269.219 426913.500
318256.469 427915.562
318243.781 428917.656
318231.031 429919.625
318218.312 430921.781
318205.594 431924.188
318192.875 432926.375
318180.156 433928.562
318167.438 434930.750
318154.719 435932.906
318142.000 436935.188
318129.281 437937.344
318116.531 438939.562
318103.844 439941.875
318091.094 440944.125
318078.375 441946.375
318065.688 442948.656
318052.938 443950.938
318040.219 444953.250
318027.500 445955.562
318014.781 446957.906
318002.062 447960.250
317989.344 448962.531
317976.625 449965.125
317963.906 450967.312
317951.156 451969.688
317938.438 452972.094
317925.750 453974.500
317913.000 454977.062
317900.281 455979.531
317887.562 456981.750
317874.812 457984.156
317862.094 458986.844
317849.375 459989.312
317836.625 460991.812
317823.906 461994.312
317811.188 462996.781
317798.438 463999.312
317785.719 465001.844
317773.031 466004.406
317760.281 467006.906
317747.531 468009.469
317734.812 469012.031
317722.094 470014.688
317709.344 471017.250
317696.625 472019.875
317683.875 473022.469
317671.156 474025.125
317658.469 475027.750
317645.688 476030.406
317632.969 477033.062
317620.219 478035.719
317607.500 479038.438
317594.750 480041.156
317582.062 481043.844
317569.312 482046.844
317556.594 483049.562
317543.844 484052.281
317531.125 485054.812
317518.344 486057.594
317505.625 487060.594
317492.938 488063.438
317480.156 489066.188
317467.438 490069.031
317454.688 491071.875
317441.938 492074.688
317429.250 493077.594
317416.500 494080.406
317403.750 495083.312
317383.938 496643.906
317357.000 498762.281
317323.031 501438.688
317281.938 504672.656
317233.781 508464.844
317178.531 512814.781
317116.156 517723.062
317046.719 523189.531
316970.156 529214.312
316886.531 535797.562
316795.781 542939.688
316697.906 550640.250
823
316697.906 550640.250
308766.562 550540.688
301468.188 550451.375
294802.875 550371.625
288767.344 550300.938
283363.219 550238.938
278592.125 550185.062
274452.406 550139.125
270944.156 550100.688
268068.938 550069.625
265823.531 550045.562
264212.750 550028.438
263231.781 550018.062
262250.812 550007.688
261269.859 549997.438
260288.875 549987.125
259307.922 549976.938
258328.562 549966.750
257347.609 549956.562
256368.219 549946.500
255387.297 549936.375
254406.312 549926.438
253425.359 549916.375
252444.375 549906.438
251463.422 549896.562
250484.031 549886.688
249503.109 549876.812
248522.125 549867.000
247541.172 549857.188
246560.188 549847.500
245580.812 549837.812
244599.859 549828.250
243618.875 549818.625
242639.531 549809.000
241658.562 549799.438
240677.609 549789.938
239696.625 549780.562
238715.672 549771.125
237734.688 549761.750
236755.328 549752.438
235774.344 549743.125
234795.016 549733.875
233814.016 549724.625
232833.062 549715.500
231852.078 549706.312
230871.125 549697.188
229890.141 549688.125
228910.750 549679.125
227929.797 549670.125
226948.812 549661.125
225967.859 549652.250
224986.875 549643.375
224007.531 549634.500
223026.547 549625.750
222045.562 549616.938
221066.203 549608.250
220085.219 549599.625
219104.250 549590.938
218123.281 549582.312
217142.297 549573.750
216161.328 549565.188
215181.969 549556.750
214201.000 549548.250
213220.016 549539.875
212240.641 549531.500
211259.656 549523.188
210278.703 549514.875
209297.703 549506.625
208316.734 549498.438
207337.375 549490.188
206356.391 549482.062
205375.422 549473.938
204394.469 549465.875
203413.453 549457.875
202434.094 549449.875
201453.125 549441.938
200473.734 549434.062
199492.781 549426.125
198511.797 549418.312
197530.797 549410.562
196549.828 549402.812
195568.859 549395.125
194589.469 549387.375
193608.516 549379.688
192627.531 549372.125
191646.516 549364.625
190667.156 549357.062
189686.188 549349.625
188705.203 549342.125
187724.219 549334.750
186744.859 549327.312
185763.875 549320.000
184782.891 549312.750
183801.906 549305.438
182820.938 549298.250
181839.953 549291.000
180860.562 549284.000
179879.578 549276.812
178900.219 549269.812
177919.219 549262.750
176938.234 549255.688
175957.266 549248.812
174976.281 549241.875
173995.297 549235.000
173015.922 549228.188
172034.922 549221.438
171053.938 549214.688
170072.969 549208.000
169093.578 549201.250
168112.609 549194.688
167131.625 549188.062
166150.641 549181.500
165171.250 549175.000
164190.281 549168.500
163209.297 549162.062
162228.297 549155.688
161247.312 549149.312
160266.328 549142.938
159286.953 549136.625
158305.969 549130.375
157326.594 549124.188
156345.609 549118.000
155364.609 549111.938
154383.625 549105.812
153402.641 549099.750
152421.656 549093.750
151442.266 549087.688
150461.281 549081.812
149480.297 549075.875
148499.312 549070.000
147518.328 549064.188
146538.953 549058.375
145557.953 549052.688
144578.578 549046.938
143597.594 549041.312
142616.609 549035.688
141635.609 549030.062
140654.625 549024.438
139673.625 549019.000
138694.250 549013.500
137713.266 549008.062
136732.281 549002.625
135752.891 548997.250
134771.891 548991.938
133790.906 548986.625
132809.922 548981.438
131828.922 548976.250
130849.547 548971.062
129868.562 548965.938
128887.570 548960.875
127906.578 548955.750
126925.578 548950.750
125944.594 548945.750
124965.227 548940.875
123984.211 548935.938
123004.844 548931.062
122023.844 548926.188
121042.852 548921.438
120061.852 548916.688
119080.867 548912.000
118099.891 548907.375
117120.484 548902.688
116139.508 548898.125
115158.516 548893.625
114179.125 548889.062
113198.133 548884.500
112217.141 548880.125
111236.156 548875.750
110255.148 548871.375
109275.773 548867.062
108294.781 548862.812
107313.781 548858.562
106332.789 548854.312
105351.797 548850.125
104370.797 548846.062
103391.414 548841.938
102410.414 548837.938
101431.031 548833.812
100450.039 548830.000
99469.0469 548826.000
98488.0547 548822.062
97507.0547 548818.250
96526.0625 548814.438
95546.6719 548810.625
94565.6797 548806.875
93584.6875 548803.188
92605.3047 548799.562
91624.2969 548795.875
90643.3125 548792.312
89662.3125 548788.750
88682.9297 548785.250
87701.9297 548781.750
86720.9297 548778.312
85739.9375 548775.000
84758.9453 548771.625
83777.9453 548768.312
82798.5625 548765.000
81817.5625 548761.750
80838.1797 548758.562
79857.1797 548755.375
78876.1875 548752.250
77895.1875 548749.250
76914.1875 548746.125
75933.1953 548743.125
74953.8125 548740.188
73972.8125 548737.188
72991.8125 548734.375
72010.8203 548731.500
71029.8203 548728.625
70050.4297 548725.938
69069.4375 548723.125
68088.4375 548720.438
67109.0469 548717.812
66128.0547 548715.188
65147.0547 548712.562
64166.0508 548710.000
63185.0625 548707.562
62204.0586 548705.062
61224.6719 548702.625
60243.6758 548700.250
59264.2891 548697.875
58283.2852 548695.500
57302.2930 548693.312
56321.2969 548691.062
55340.2930 548688.875
54359.3008 548686.688
53379.9102 548684.562
52398.9102 548682.500
51417.9141 548680.500
50436.9102 548678.438
49455.9141 548676.438
48476.5234 548674.625
47495.5234 548672.688
46514.5273 548670.812
45535.1406 548669.000
44554.1367 548667.250
43573.1406 548665.500
42592.1445 548663.812
41611.1406 548662.125
40630.1445 548660.562
39650.7539 548658.938
38669.7578 548657.375
37690.3672 548655.938
36709.3672 548654.438
35728.3711 548653.062
34747.3672 548651.625
33766.3672 548650.312
32786.9805 548648.938
31805.9824 548647.688
30824.9824 548646.438
29843.9844 548645.250
28862.9824 548644.125
27881.9863 548643.062
26902.5957 548641.938
25921.5957 548640.938
24942.2070 548639.875
23961.2070 548638.938
22980.2090 548637.938
21999.2070 548637.062
21018.2070 548636.250
20037.2090 548635.500
19057.8184 548634.625
18076.8184 548634.000
17095.8184 548633.250
16114.8193 548632.625
15135.4287 548632.000
14154.4287 548631.375
13173.4287 548630.812
12192.4297 548630.375
11213.0400 548629.938
10232.0410 548629.500
9251.04004 548629.125
8270.04004 548628.750
7289.04053 548628.438
6308.03955 548628.188
5328.65039 548628.000
4347.65088 548627.750
3368.26172 548627.625
2387.26147 548627.500
1406.26111 548627.438
425.261139 548627.375
-555.738953 548627.375
-1536.73901 548627.438
-2516.12842 548627.562
-3497.12817 548627.625
-4478.12842 548627.750
-5459.12842 548628.000
-6438.51807 548628.188
-7419.51758 548628.500
-8400.51855 548628.812
-9381.51855 548629.188
-10360.9062 548629.562
-11341.9072 548630.000
-12322.9082 548630.438
-13303.9072 548630.938
-14284.9082 548631.438
-15265.9072 548632.062
-16245.2959 548632.625
-17226.2949 548633.375
-18205.6855 548634.062
-19186.6855 548634.812
-20167.6836 548635.562
-21148.6855 548636.312
-22129.6855 548637.250
-23109.0742 548638.125
-24090.0742 548639.000
-25071.0742 548640.000
-26052.0723 548641.000
-27033.0723 548642.062
-28012.4609 548643.125
-28993.4609 548644.250
-29974.4609 548645.438
-30953.8516 548646.625
-31934.8516 548647.875
-32915.8516 548649.125
-33896.8477 548650.500
-34877.8477 548651.812
-35858.8477 548653.250
-36838.2383 548654.688
-37819.2344 548656.125
-38800.2344 548657.562
-39779.6250 548659.125
-40760.6211 548660.750
-41741.6250 548662.375
-42722.6211 548664.062
-43703.6211 548665.750
-44683.0117 548667.438
-45664.0117 548669.312
-46645.0039 548671.062
-47626.0000 548672.938
-48607.0039 548674.812
-49588.0000 548676.750
-50567.3867 548678.750
-51548.3906 548680.750
-52527.7773 548682.812
-53508.7734 548684.875
-54489.7773 548686.938
-55470.7695 548689.125
-56451.7695 548691.312
-57432.7734 548693.625
-58412.1602 548695.875
-59393.1562 548698.188
-60374.1523 548700.562
-61353.5391 548702.938
-62334.5352 548705.438
-63315.5352 548707.875
-64296.5312 548710.375
-65277.5352 548712.938
-66256.9219 548715.500
-67237.9219 548718.125
-68218.9141 548720.812
-69199.9141 548723.500
-70180.9141 548726.250
-71161.9062 548729.062
-72141.2969 548731.875
-73122.2891 548734.750
-74101.6719 548737.625
-75082.6797 548740.562
-76063.6719 548743.562
-77044.6719 548746.562
-78025.6719 548749.562
-79005.0547 548752.625
-79986.0469 548755.812
-80967.0469 548759.000
-81948.0469 548762.250
-82927.4297 548765.438
-83908.4219 548768.688
-84889.4219 548772.000
-85870.4141 548775.375
-86849.8047 548778.812
-87830.8047 548782.250
-88811.7969 548785.750
-89792.7969 548789.188
-90773.7812 548792.750
-91754.7812 548796.375
-92734.1719 548800.000
-93715.1641 548803.688
-94694.5547 548807.375
-95675.5469 548811.125
-96656.5391 548814.938
-97637.5312 548818.750
-98618.5312 548822.625
-99599.5234 548826.500
-100578.914 548830.500
-101559.898 548834.438
-102540.891 548838.438
-103521.891 548842.500
-104502.891 548846.625
-105482.258 548850.750
-106463.266 548854.875
-107444.250 548859.125
-108423.633 548863.312
-109404.625 548867.625
-110385.625 548872.000
-111366.625 548876.375
-112347.609 548880.750
-113328.617 548885.188
-114307.984 548889.688
-115288.984 548894.125
-116268.367 548898.688
-117249.359 548903.312
-118230.352 548908.000
-119211.336 548912.625
-120192.344 548917.375
-121173.328 548922.125
-122152.719 548926.938
-123133.711 548931.688
-124114.695 548936.625
-125095.688 548941.500
-126076.672 548946.500
-127056.062 548951.375
-128037.055 548956.438
-129018.039 548961.500
-129997.406 548966.625
-130978.422 548971.688
-131959.406 548976.938
-132940.391 548982.125
-133921.375 548987.375
-134900.766 548992.688
-135881.766 548998.000
-136862.750 549003.375
-137842.125 549008.812
-138823.109 549014.250
-139804.109 549019.688
-140785.094 549025.188
-141766.094 549030.812
-142745.469 549036.375
-143726.438 549042.000
-144707.438 549047.688
-145688.438 549053.438
-146669.438 549059.188
-147650.406 549065.000
-148629.781 549070.750
-149610.781 549076.688
-150590.156 549082.562
-151571.141 549088.562
-152552.125 549094.500
-153533.125 549100.562
-154514.109 549106.625
-155495.094 549112.688
-156474.469 549118.812
-157455.469 549125.000
-158436.438 549131.250
-159415.812 549137.500
-160396.797 549143.750
-161377.781 549150.062
-162358.797 549156.500
-163339.766 549162.875
-164319.141 549169.312
-165300.125 549175.812
-166281.109 549182.375
-167262.094 549188.938
-168243.094 549195.500
-169224.078 549202.188
-170203.422 549208.875
-171184.438 549215.562
-172163.797 549222.312
-173144.781 549229.125
-174125.766 549235.938
-175106.750 549242.875
-176087.750 549249.688
-177068.719 549256.750
-178048.094 549263.688
-179029.078 549270.688
-180010.062 549277.750
-180991.047 549284.875
-181970.406 549292.000
-182951.391 549299.125
-183932.391 549306.438
-184913.359 549313.688
-185892.734 549320.938
-186873.719 549328.312
-187854.703 549335.688
-188835.688 549343.188
-189816.656 549350.562
-190796.016 549358.062
-191777.000 549365.625
-192756.359 549373.188
-193737.344 549380.688
-194718.359 549388.375
-195699.344 549396.062
-196680.312 549403.750
-197661.266 549411.562
-198640.641 549419.375
-199621.641 549427.188
-200602.594 549435.062
-201583.578 549443.000
-202564.594 549451.000
-203543.938 549458.938
-204524.922 549467.000
-205505.891 549475.062
-206485.250 549483.188
-207466.203 549491.250
-208447.219 549499.500
-209428.203 549507.688
-210409.156 549515.938
-211390.172 549524.250
-212369.516 549532.625
-213350.500 549540.938
-214329.844 549549.375
-215310.828 549557.875
-216291.812 549566.375
-217272.766 549574.938
-218253.750 549583.438
-219234.734 549592.062
-220214.109 549600.750
-221195.062 549609.375
-222176.047 549618.188
-223157.000 549626.875
-224137.984 549635.688
-225117.359 549644.500
-226098.328 549653.438
-227079.312 549662.375
-228058.656 549671.250
-229039.625 549680.312
-230020.594 549689.312
-231001.578 549698.438
-231982.531 549707.562
-232963.516 549716.688
-233942.891 549725.812
-234923.875 549735.062
-235904.859 549744.375
-236884.188 549753.625
-237865.172 549763.000
-238846.125 549772.375
-239827.094 549781.750
-240808.078 549791.250
-241787.438 549800.750
-242768.391 549810.250
-243749.375 549819.812
-244730.328 549829.500
-245711.312 549839.062
-246690.672 549848.750
-247671.625 549858.500
-248650.953 549868.312
-249631.938 549878.125
-250612.891 549888.000
-251593.875 549897.812
-252574.859 549907.750
-253555.844 549917.688
-254535.203 549927.688
-255516.125 549937.750
-256497.078 549947.875
-257478.062 549957.938
-258457.453 549968.062
-259438.406 549978.250
-260419.328 549988.500
-261400.312 549998.750
-262379.656 550009.062
-263360.656 550019.438
-264341.594 550029.812
-265322.562 550040.250
-266303.500 550050.688
-267284.469 550061.188
-268263.812 550071.750
-269244.812 550082.312
-270224.156 550092.938
-271205.125 550103.562
-272186.062 550114.250
-273167.031 550125.062
-274148.000 550135.812
-275128.969 550146.562
-276108.312 550157.438
-277089.281 550168.312
-278070.219 550179.250
-279051.188 550190.250
-280030.562 550201.188
-281011.500 550212.250
-281992.469 550223.375
-282973.406 550234.438
-283952.781 550245.562
-284933.719 550256.812
-285914.688 550268.062
-286895.625 550279.312
-287876.594 550290.688
-288857.562 550302.000
-289836.906 550313.312
-290817.844 550324.812
-291797.188 550336.188
-292778.125 550347.750
-293759.125 550359.250
-294740.031 550370.875
-295721.031 550382.500
-296701.938 550394.188
-297681.312 550405.875
-298662.281 550417.562
-299643.219 550429.312
-300624.188 550441.188
-301605.094 550453.062
-302584.469 550464.875
-303565.406 550476.750
-304544.750 550488.812
-305525.688 550500.750
-306506.688 550512.812
-307487.594 550524.938
-308468.562 550537.000
-309449.500 550549.188
-310428.844 550561.375
-311409.812 550573.625
-312390.719 550585.938
-313370.094 550598.250
-314351.031 550610.562
-315332.000 550622.938
-316312.938 550635.375
-317293.875 550647.875
-318273.219 550660.312
-319254.156 550672.875
-320235.125 550685.438
-321216.062 550698.125
-322197.000 550710.750
-323177.938 550723.500
-324157.281 550736.188
-325138.219 550749.000
-326117.562 550761.812
-327098.531 550774.625
-328079.469 550787.500
-329060.375 550800.438
-330041.312 550813.438
-331022.281 550826.438
-332001.594 550839.500
-332982.562 550852.562
-333963.500 550865.688
-334942.844 550878.812
-335923.750 550892.062
-336904.688 550905.312
-337885.656 550918.562
-338866.594 550931.875
-339845.906 550945.250
-340826.875 550958.625
-341807.781 550972.062
-342788.719 550985.562
-343769.656 550999.000
-344750.594 551012.562
-345729.938 551026.188
-346710.875 551039.750
-347690.219 551053.375
-348671.125 551067.188
-349652.062 551080.938
-350633.031 551094.688
-351613.938 551108.438
-352594.875 551122.312
-353574.188 551136.188
-354555.125 551150.125
-355536.062 551164.125
-356517.000 551178.125
-357496.344 551192.188
-358477.250 551206.250
-359458.188 551220.438
-360437.531 551234.500
-361418.438 551248.750
-362399.344 551263.000
-363380.344 551277.250
-364361.219 551291.625
-365342.156 551306.000
-366321.469 551320.375
-367302.406 551334.812
-368281.719 551349.250
-369262.656 551363.750
-370243.594 551378.312
-371224.531 551392.938
-372205.469 551407.500
-373186.406 551422.188
-374165.688 551436.875
-375146.594 551451.688
-376127.562 551466.375
-377108.469 551481.188
-378089.406 551496.062
-379068.719 551511.000
-380049.594 551525.938
-381030.531 551540.938
-382009.906 551555.938
-382990.781 551570.938
-383971.719 551586.000
-384952.656 551601.188
-385933.531 551616.375
-386914.469 551631.562
-387893.812 551646.750
-388874.719 551662.062
-389854.031 551677.312
-390834.969 551692.688
-391815.875 551708.125
-392796.781 551723.625
-393777.719 551739.062
-394758.625 551754.562
-395737.938 551770.125
-396718.844 551785.625
-397699.750 551801.312
-398680.688 551817.000
-399661.594 551832.688
-400640.875 551848.438
-401621.812 551864.188
-402602.750 551880.062
-403582.062 551895.875
-404562.938 551911.750
-405543.875 551927.688
-406524.781 551943.688
-407505.688 551959.750
-408486.625 551975.750
-409465.938 551991.812
-410446.844 552008.000
-411426.156 552024.125
-412407.031 552040.375
-413387.969 552056.625
-414368.844 552072.875
-415349.781 552089.188
-416329.062 552105.500
-417310.031 552122.000
-418290.906 552138.375
-419271.812 552154.812
-420252.719 552171.375
-421233.625 552187.938
-422212.906 552204.500
-423193.812 552221.188
-424173.094 552237.875
-425154.000 552254.562
-426134.906 552271.250
-427115.844 552288.062
-428096.750 552304.875
-429077.625 552321.812
-430056.938 552338.625
-431037.844 552355.562
-432018.719 552372.562
-432999.625 552389.625
-433978.906 552406.625
-434959.812 552423.688
-435940.688 552440.875
-436921.656 552458.000
-437900.969 552475.188
-438881.844 552492.438
-439862.719 552509.750
-440843.625 552527.062
-441824.531 552544.500
-442805.406 552561.875
-443784.688 552579.250
-444765.594 552596.812
-445744.844 552614.250
-446725.781 552631.812
-447706.656 552649.375
-448687.594 552667.062
-449668.469 552684.688
-450649.406 552702.438
-451628.656 552720.188
-452609.500 552737.875
-453590.438 552755.750
-454571.312 552773.688
-455550.594 552791.500
-456531.469 552809.438
-457512.375 552827.438
-458493.250 552845.500
-459472.562 552863.500
-460453.438 552881.562
-461434.281 552899.688
-462415.250 552917.875
-463396.125 552936.125
-464377.000 552954.375
-465356.250 552972.625
-466337.188 552990.938
-467316.438 553009.312
-468297.312 553027.750
-469278.188 553046.125
-470259.094 553064.688
-471240.000 553083.188
-472219.219 553101.688
-473200.125 553120.250
-474181.000 553138.938
-475161.844 553157.625
-476142.750 553176.375
-477122.031 553195.062
-478102.938 553213.875
-479083.812 553232.688
-480063.094 553251.562
-481043.938 553270.375
-482024.844 553289.375
-483005.750 553308.375
-483986.594 553327.438
-484967.469 553346.500
-485946.688 553365.500
-486927.656 553384.688
-487908.500 553403.875
-488887.781 553423.062
-489868.656 553442.312
-490849.500 553461.562
-491830.344 553480.875
-492811.250 553500.250
-493790.469 553519.688
-494771.375 553539.125
-495752.281 553558.625
-496733.094 553578.125
-497714.000 553597.688
-498694.844 553617.250
-499674.125 553636.875
-500655.031 553656.562
-501634.250 553676.250
-502615.125 553696.000
-503595.969 553715.750
-504576.812 553735.625
-505557.719 553755.500
-506538.562 553775.438
-507517.844 553795.312
-508498.688 553815.375
-509479.594 553835.375
-510458.812 553855.312
-511439.688 553875.438
-512420.531 553895.625
-513401.375 553915.750
-514382.281 553936.000
-515361.562 553956.188
-516342.344 553976.500
-517323.250 553996.812
-518304.125 554017.250
-519284.938 554037.688
-520265.812 554058.125
-521876.469 554091.750
-524121.594 554138.875
-526996.562 554199.438
-530504.375 554273.875
-534643.688 554362.250
-539414.250 554465.000
-544816.125 554582.500
-550851.000 554715.000
-557517.125 554863.188
-564814.625 555027.438
-572745.000 555208.312
