457
   5.6046926e+05  -2.0878052e+06
   5.5807518e+05  -2.0878052e+06
   5.5572917e+05  -2.0878052e+06
   5.5343124e+05  -2.0878052e+06
   5.5118138e+05  -2.0878052e+06
   5.4897959e+05  -2.0878052e+06
   5.4682587e+05  -2.0878052e+06
   5.4472022e+05  -2.0878052e+06
   5.4266265e+05  -2.0878052e+06
   5.4065315e+05  -2.0878052e+06
   5.3869171e+05  -2.0878052e+06
   5.3677835e+05  -2.0878052e+06
   5.3491306e+05  -2.0878052e+06
   5.3309585e+05  -2.0878052e+06
   5.3132670e+05  -2.0878052e+06
   5.2960563e+05  -2.0878052e+06
   5.2793262e+05  -2.0878052e+06
   5.2630769e+05  -2.0878052e+06
   5.2473083e+05  -2.0878052e+06
   5.2320205e+05  -2.0878052e+06
   5.2172133e+05  -2.0878052e+06
   5.2028869e+05  -2.0878052e+06
   5.1890411e+05  -2.0878052e+06
   5.1756761e+05  -2.0878052e+06
   5.1627918e+05  -2.0878052e+06
   5.1503883e+05  -2.0878052e+06
   5.1384654e+05  -2.0878052e+06
   5.1270232e+05  -2.0878052e+06
   5.1160618e+05  -2.0878052e+06
   5.1055811e+05  -2.0878052e+06
   5.0955811e+05  -2.0878052e+06
   5.0855811e+05  -2.0878052e+06
   5.0755811e+05  -2.0878052e+06
   5.0655811e+05  -2.0878052e+06
   5.0555811e+05  -2.0878052e+06
   5.0455811e+05  -2.0878052e+06
   5.0355811e+05  -2.0878052e+06
   5.0255811e+05  -2.0878052e+06
   5.0155811e+05  -2.0878052e+06
   5.0055811e+05  -2.0878052e+06
   4.9955811e+05  -2.0878052e+06
   4.9855811e+05  -2.0878052e+06
   4.9755811e+05  -2.0878052e+06
   4.9655811e+05  -2.0878052e+06
   4.9555811e+05  -2.0878052e+06
   4.9455811e+05  -2.0878052e+06
   4.9355811e+05  -2.0878052e+06
   4.9255811e+05  -2.0878052e+06
   4.9155811e+05  -2.0878052e+06
   4.9055811e+05  -2.0878052e+06
   4.8955811e+05  -2.0878052e+06
   4.8855811e+05  -2.0878052e+06
   4.8755811e+05  -2.0878052e+06
   4.8655811e+05  -2.0878052e+06
   4.8555811e+05  -2.0878052e+06
   4.8455811e+05  -2.0878052e+06
   4.8355811e+05  -2.0878052e+06
   4.8255811e+05  -2.0878052e+06
   4.8155811e+05  -2.0878052e+06
   4.8055811e+05  -2.0878052e+06
   4.7955811e+05  -2.0878052e+06
   4.7855811e+05  -2.0878052e+06
   4.7755811e+05  -2.0878052e+06
   4.7655811e+05  -2.0878052e+06
   4.7555811e+05  -2.0878052e+06
   4.7455811e+05  -2.0878052e+06
   4.7355811e+05  -2.0878052e+06
   4.7255811e+05  -2.0878052e+06
   4.7155811e+05  -2.0878052e+06
   4.7055811e+05  -2.0878052e+06
   4.6955811e+05  -2.0878052e+06
   4.6855811e+05  -2.0878052e+06
   4.6755811e+05  -2.0878052e+06
   4.6655811e+05  -2.0878052e+06
   4.6555811e+05  -2.0878052e+06
   4.6455811e+05  -2.0878052e+06
   4.6355811e+05  -2.0878052e+06
   4.6255811e+05  -2.0878052e+06
   4.6155811e+05  -2.0878052e+06
   4.6055811e+05  -2.0878052e+06
   4.5955811e+05  -2.0878052e+06
   4.5855811e+05  -2.0878052e+06
   4.5755811e+05  -2.0878052e+06
   4.5655811e+05  -2.0878052e+06
   4.5555811e+05  -2.0878052e+06
   4.5455811e+05  -2.0878052e+06
   4.5355811e+05  -2.0878052e+06
   4.5255811e+05  -2.0878052e+06
   4.5155811e+05  -2.0878052e+06
   4.5055811e+05  -2.0878052e+06
   4.4955811e+05  -2.0878052e+06
   4.4855811e+05  -2.0878052e+06
   4.4755811e+05  -2.0878052e+06
   4.4655811e+05  -2.0878052e+06
   4.4555811e+05  -2.0878052e+06
   4.4455811e+05  -2.0878052e+06
   4.4355811e+05  -2.0878052e+06
   4.4255811e+05  -2.0878052e+06
   4.4155811e+05  -2.0878052e+06
   4.4055811e+05  -2.0878052e+06
   4.3955811e+05  -2.0878052e+06
   4.3855811e+05  -2.0878052e+06
   4.3755811e+05  -2.0878052e+06
   4.3655811e+05  -2.0878052e+06
   4.3555811e+05  -2.0878052e+06
   4.3455811e+05  -2.0878052e+06
   4.3355811e+05  -2.0878052e+06
   4.3255811e+05  -2.0878052e+06
   4.3155811e+05  -2.0878052e+06
   4.3055811e+05  -2.0878052e+06
   4.2955811e+05  -2.0878052e+06
   4.2855811e+05  -2.0878052e+06
   4.2755811e+05  -2.0878052e+06
   4.2655811e+05  -2.0878052e+06
   4.2555811e+05  -2.0878052e+06
   4.2455811e+05  -2.0878052e+06
   4.2355811e+05  -2.0878052e+06
   4.2255811e+05  -2.0878052e+06
   4.2155811e+05  -2.0878052e+06
   4.2055811e+05  -2.0878052e+06
   4.1955811e+05  -2.0878052e+06
   4.1855811e+05  -2.0878052e+06
   4.1755811e+05  -2.0878052e+06
   4.1655811e+05  -2.0878052e+06
   4.1555811e+05  -2.0878052e+06
   4.1455811e+05  -2.0878052e+06
   4.1355811e+05  -2.0878052e+06
   4.1255811e+05  -2.0878052e+06
   4.1155811e+05  -2.0878052e+06
   4.1055811e+05  -2.0878052e+06
   4.0955811e+05  -2.0878052e+06
   4.0855811e+05  -2.0878052e+06
   4.0755811e+05  -2.0878052e+06
   4.0655811e+05  -2.0878052e+06
   4.0555811e+05  -2.0878052e+06
   4.0455811e+05  -2.0878052e+06
   4.0355811e+05  -2.0878052e+06
   4.0255811e+05  -2.0878052e+06
   4.0155811e+05  -2.0878052e+06
   4.0055811e+05  -2.0878052e+06
   3.9955811e+05  -2.0878052e+06
   3.9855811e+05  -2.0878052e+06
   3.9755811e+05  -2.0878052e+06
   3.9655811e+05  -2.0878052e+06
   3.9555811e+05  -2.0878052e+06
   3.9455811e+05  -2.0878052e+06
   3.9355811e+05  -2.0878052e+06
   3.9255811e+05  -2.0878052e+06
   3.9155811e+05  -2.0878052e+06
   3.9055811e+05  -2.0878052e+06
   3.8955811e+05  -2.0878052e+06
   3.8855811e+05  -2.0878052e+06
   3.8755811e+05  -2.0878052e+06
   3.8655811e+05  -2.0878052e+06
   3.8555811e+05  -2.0878052e+06
   3.8455811e+05  -2.0878052e+06
   3.8355811e+05  -2.0878052e+06
   3.8255811e+05  -2.0878052e+06
   3.8155811e+05  -2.0878052e+06
   3.8055811e+05  -2.0878052e+06
   3.7955811e+05  -2.0878052e+06
   3.7855811e+05  -2.0878052e+06
   3.7755811e+05  -2.0878052e+06
   3.7655811e+05  -2.0878052e+06
   3.7555811e+05  -2.0878052e+06
   3.7455811e+05  -2.0878052e+06
   3.7355811e+05  -2.0878052e+06
   3.7255811e+05  -2.0878052e+06
   3.7155811e+05  -2.0878052e+06
   3.7055811e+05  -2.0878052e+06
   3.6955811e+05  -2.0878052e+06
   3.6855811e+05  -2.0878052e+06
   3.6755811e+05  -2.0878052e+06
   3.6655811e+05  -2.0878052e+06
   3.6555811e+05  -2.0878052e+06
   3.6455811e+05  -2.0878052e+06
   3.6355811e+05  -2.0878052e+06
   3.6255811e+05  -2.0878052e+06
   3.6155811e+05  -2.0878052e+06
   3.6055811e+05  -2.0878052e+06
   3.5955811e+05  -2.0878052e+06
   3.5855811e+05  -2.0878052e+06
   3.5755811e+05  -2.0878052e+06
   3.5655811e+05  -2.0878052e+06
   3.5555811e+05  -2.0878052e+06
   3.5455811e+05  -2.0878052e+06
   3.5355811e+05  -2.0878052e+06
   3.5255811e+05  -2.0878052e+06
   3.5155811e+05  -2.0878052e+06
   3.5055811e+05  -2.0878052e+06
   3.4955811e+05  -2.0878052e+06
   3.4855811e+05  -2.0878052e+06
   3.4755811e+05  -2.0878052e+06
   3.4655811e+05  -2.0878052e+06
   3.4555811e+05  -2.0878052e+06
   3.4455811e+05  -2.0878052e+06
   3.4355811e+05  -2.0878052e+06
   3.4255811e+05  -2.0878052e+06
   3.4155811e+05  -2.0878052e+06
   3.4055811e+05  -2.0878052e+06
   3.3955811e+05  -2.0878052e+06
   3.3855811e+05  -2.0878052e+06
   3.3755811e+05  -2.0878052e+06
   3.3655811e+05  -2.0878052e+06
   3.3555811e+05  -2.0878052e+06
   3.3455811e+05  -2.0878052e+06
   3.3355811e+05  -2.0878052e+06
   3.3255811e+05  -2.0878052e+06
   3.3155811e+05  -2.0878052e+06
   3.3055811e+05  -2.0878052e+06
   3.2955811e+05  -2.0878052e+06
   3.2855811e+05  -2.0878052e+06
   3.2755811e+05  -2.0878052e+06
   3.2655811e+05  -2.0878052e+06
   3.2555811e+05  -2.0878052e+06
   3.2455811e+05  -2.0878052e+06
   3.2355811e+05  -2.0878052e+06
   3.2255811e+05  -2.0878052e+06
   3.2155811e+05  -2.0878052e+06
   3.2055811e+05  -2.0878052e+06
   3.1955811e+05  -2.0878052e+06
   3.1855811e+05  -2.0878052e+06
   3.1755811e+05  -2.0878052e+06
   3.1655811e+05  -2.0878052e+06
   3.1555811e+05  -2.0878052e+06
   3.1455811e+05  -2.0878052e+06
   3.1355811e+05  -2.0878052e+06
   3.1255811e+05  -2.0878052e+06
   3.1155811e+05  -2.0878052e+06
   3.1055811e+05  -2.0878052e+06
   3.0955811e+05  -2.0878052e+06
   3.0855811e+05  -2.0878052e+06
   3.0755811e+05  -2.0878052e+06
   3.0655811e+05  -2.0878052e+06
   3.0555811e+05  -2.0878052e+06
   3.0455811e+05  -2.0878052e+06
   3.0355811e+05  -2.0878052e+06
   3.0255811e+05  -2.0878052e+06
   3.0155811e+05  -2.0878052e+06
   3.0055811e+05  -2.0878052e+06
   2.9955811e+05  -2.0878052e+06
   2.9855811e+05  -2.0878052e+06
   2.9755811e+05  -2.0878052e+06
   2.9655811e+05  -2.0878052e+06
   2.9555811e+05  -2.0878052e+06
   2.9455811e+05  -2.0878052e+06
   2.9355811e+05  -2.0878052e+06
   2.9255811e+05  -2.0878052e+06
   2.9155811e+05  -2.0878052e+06
   2.9055811e+05  -2.0878052e+06
   2.8955811e+05  -2.0878052e+06
   2.8855811e+05  -2.0878052e+06
   2.8755811e+05  -2.0878052e+06
   2.8655811e+05  -2.0878052e+06
   2.8555811e+05  -2.0878052e+06
   2.8455811e+05  -2.0878052e+06
   2.8355811e+05  -2.0878052e+06
   2.8255811e+05  -2.0878052e+06
   2.8155811e+05  -2.0878052e+06
   2.8055811e+05  -2.0878052e+06
   2.7955811e+05  -2.0878052e+06
   2.7855811e+05  -2.0878052e+06
   2.7755811e+05  -2.0878052e+06
   2.7655811e+05  -2.0878052e+06
   2.7555811e+05  -2.0878052e+06
   2.7455811e+05  -2.0878052e+06
   2.7355811e+05  -2.0878052e+06
   2.7255811e+05  -2.0878052e+06
   2.7155811e+05  -2.0878052e+06
   2.7055811e+05  -2.0878052e+06
   2.6955811e+05  -2.0878052e+06
   2.6855811e+05  -2.0878052e+06
   2.6755811e+05  -2.0878052e+06
   2.6655811e+05  -2.0878052e+06
   2.6555811e+05  -2.0878052e+06
   2.6455811e+05  -2.0878052e+06
   2.6355811e+05  -2.0878052e+06
   2.6255811e+05  -2.0878052e+06
   2.6155811e+05  -2.0878052e+06
   2.6055811e+05  -2.0878052e+06
   2.5955811e+05  -2.0878052e+06
   2.5855811e+05  -2.0878052e+06
   2.5755811e+05  -2.0878052e+06
   2.5655811e+05  -2.0878052e+06
   2.5555811e+05  -2.0878052e+06
   2.5455811e+05  -2.0878052e+06
   2.5355811e+05  -2.0878052e+06
   2.5255811e+05  -2.0878052e+06
   2.5155811e+05  -2.0878052e+06
   2.5055811e+05  -2.0878052e+06
   2.4955811e+05  -2.0878052e+06
   2.4855811e+05  -2.0878052e+06
   2.4755811e+05  -2.0878052e+06
   2.4655811e+05  -2.0878052e+06
   2.4555811e+05  -2.0878052e+06
   2.4455811e+05  -2.0878052e+06
   2.4355811e+05  -2.0878052e+06
   2.4255811e+05  -2.0878052e+06
   2.4155811e+05  -2.0878052e+06
   2.4055811e+05  -2.0878052e+06
   2.3955811e+05  -2.0878052e+06
   2.3855811e+05  -2.0878052e+06
   2.3755811e+05  -2.0878052e+06
   2.3655811e+05  -2.0878052e+06
   2.3555811e+05  -2.0878052e+06
   2.3455811e+05  -2.0878052e+06
   2.3355811e+05  -2.0878052e+06
   2.3255811e+05  -2.0878052e+06
   2.3155811e+05  -2.0878052e+06
   2.3055811e+05  -2.0878052e+06
   2.2955811e+05  -2.0878052e+06
   2.2855811e+05  -2.0878052e+06
   2.2755811e+05  -2.0878052e+06
   2.2655811e+05  -2.0878052e+06
   2.2555811e+05  -2.0878052e+06
   2.2455811e+05  -2.0878052e+06
   2.2355811e+05  -2.0878052e+06
   2.2255811e+05  -2.0878052e+06
   2.2155811e+05  -2.0878052e+06
   2.2055811e+05  -2.0878052e+06
   2.1955811e+05  -2.0878052e+06
   2.1855811e+05  -2.0878052e+06
   2.1755811e+05  -2.0878052e+06
   2.1655811e+05  -2.0878052e+06
   2.1555811e+05  -2.0878052e+06
   2.1455811e+05  -2.0878052e+06
   2.1355811e+05  -2.0878052e+06
   2.1255811e+05  -2.0878052e+06
   2.1155811e+05  -2.0878052e+06
   2.1055811e+05  -2.0878052e+06
   2.0955811e+05  -2.0878052e+06
   2.0855811e+05  -2.0878052e+06
   2.0755811e+05  -2.0878052e+06
   2.0655811e+05  -2.0878052e+06
   2.0555811e+05  -2.0878052e+06
   2.0455811e+05  -2.0878052e+06
   2.0355811e+05  -2.0878052e+06
   2.0255811e+05  -2.0878052e+06
   2.0155811e+05  -2.0878052e+06
   2.0055811e+05  -2.0878052e+06
   1.9955811e+05  -2.0878052e+06
   1.9855811e+05  -2.0878052e+06
   1.9755811e+05  -2.0878052e+06
   1.9655811e+05  -2.0878052e+06
   1.9555811e+05  -2.0878052e+06
   1.9455811e+05  -2.0878052e+06
   1.9355811e+05  -2.0878052e+06
   1.9255811e+05  -2.0878052e+06
   1.9155811e+05  -2.0878052e+06
   1.9055811e+05  -2.0878052e+06
   1.8955811e+05  -2.0878052e+06
   1.8855811e+05  -2.0878052e+06
   1.8755811e+05  -2.0878052e+06
   1.8655811e+05  -2.0878052e+06
   1.8555811e+05  -2.0878052e+06
   1.8455811e+05  -2.0878052e+06
   1.8355811e+05  -2.0878052e+06
   1.8255811e+05  -2.0878052e+06
   1.8155811e+05  -2.0878052e+06
   1.8055811e+05  -2.0878052e+06
   1.7955811e+05  -2.0878052e+06
   1.7855811e+05  -2.0878052e+06
   1.7755811e+05  -2.0878052e+06
   1.7655811e+05  -2.0878052e+06
   1.7555811e+05  -2.0878052e+06
   1.7455811e+05  -2.0878052e+06
   1.7355811e+05  -2.0878052e+06
   1.7255811e+05  -2.0878052e+06
   1.7155811e+05  -2.0878052e+06
   1.7055811e+05  -2.0878052e+06
   1.6955811e+05  -2.0878052e+06
   1.6855811e+05  -2.0878052e+06
   1.6755811e+05  -2.0878052e+06
   1.6655811e+05  -2.0878052e+06
   1.6555811e+05  -2.0878052e+06
   1.6455811e+05  -2.0878052e+06
   1.6355811e+05  -2.0878052e+06
   1.6255811e+05  -2.0878052e+06
   1.6155811e+05  -2.0878052e+06
   1.6055811e+05  -2.0878052e+06
   1.5955811e+05  -2.0878052e+06
   1.5855811e+05  -2.0878052e+06
   1.5755811e+05  -2.0878052e+06
   1.5655811e+05  -2.0878052e+06
   1.5555811e+05  -2.0878052e+06
   1.5455811e+05  -2.0878052e+06
   1.5355811e+05  -2.0878052e+06
   1.5255811e+05  -2.0878052e+06
   1.5155811e+05  -2.0878052e+06
   1.5055811e+05  -2.0878052e+06
   1.4955811e+05  -2.0878052e+06
   1.4855811e+05  -2.0878052e+06
   1.4755811e+05  -2.0878052e+06
   1.4655811e+05  -2.0878052e+06
   1.4555811e+05  -2.0878052e+06
   1.4455811e+05  -2.0878052e+06
   1.4355811e+05  -2.0878052e+06
   1.4255811e+05  -2.0878052e+06
   1.4155811e+05  -2.0878052e+06
   1.4055811e+05  -2.0878052e+06
   1.3955811e+05  -2.0878052e+06
   1.3855811e+05  -2.0878052e+06
   1.3755811e+05  -2.0878052e+06
   1.3655811e+05  -2.0878052e+06
   1.3555811e+05  -2.0878052e+06
   1.3455811e+05  -2.0878052e+06
   1.3355811e+05  -2.0878052e+06
   1.3255811e+05  -2.0878052e+06
   1.3155811e+05  -2.0878052e+06
   1.3055811e+05  -2.0878052e+06
   1.2955811e+05  -2.0878052e+06
   1.2855811e+05  -2.0878052e+06
   1.2755811e+05  -2.0878052e+06
   1.2655811e+05  -2.0878052e+06
   1.2555811e+05  -2.0878052e+06
   1.2455811e+05  -2.0878052e+06
   1.2355811e+05  -2.0878052e+06
   1.2255811e+05  -2.0878052e+06
   1.2155811e+05  -2.0878052e+06
   1.2055811e+05  -2.0878052e+06
   1.1955811e+05  -2.0878052e+06
   1.1855811e+05  -2.0878052e+06
   1.1755811e+05  -2.0878052e+06
   1.1655811e+05  -2.0878052e+06
   1.1555811e+05  -2.0878052e+06
   1.1455811e+05  -2.0878052e+06
   1.1355811e+05  -2.0878052e+06
   1.1255811e+05  -2.0878052e+06
   1.1151004e+05  -2.0878052e+06
   1.1041389e+05  -2.0878052e+06
   1.0926968e+05  -2.0878052e+06
   1.0807739e+05  -2.0878052e+06
   1.0683704e+05  -2.0878052e+06
   1.0554861e+05  -2.0878052e+06
   1.0421210e+05  -2.0878052e+06
   1.0282753e+05  -2.0878052e+06
   1.0139489e+05  -2.0878052e+06
   9.9914171e+04  -2.0878052e+06
   9.8385384e+04  -2.0878052e+06
   9.6808525e+04  -2.0878052e+06
   9.5183594e+04  -2.0878052e+06
   9.3510591e+04  -2.0878052e+06
   9.1789517e+04  -2.0878052e+06
   9.0020372e+04  -2.0878052e+06
   8.8203155e+04  -2.0878052e+06
   8.6337866e+04  -2.0878052e+06
   8.4424505e+04  -2.0878052e+06
   8.2463073e+04  -2.0878052e+06
   8.0453570e+04  -2.0878052e+06
   7.8395995e+04  -2.0878052e+06
   7.6290348e+04  -2.0878052e+06
   7.4136629e+04  -2.0878052e+06
   7.1934839e+04  -2.0878052e+06
   6.9684978e+04  -2.0878052e+06
   6.7387045e+04  -2.0878052e+06
   6.5041040e+04  -2.0878052e+06
   6.2646963e+04  -2.0878052e+06
