361
   6.2646963e+04  -2.0878052e+06
   6.2646963e+04  -2.0961386e+06
   6.2646963e+04  -2.1035552e+06
   6.2646963e+04  -2.1100552e+06
   6.2646963e+04  -2.1156386e+06
   6.2646963e+04  -2.1203052e+06
   6.2646963e+04  -2.1240552e+06
   6.2646963e+04  -2.1268886e+06
   6.2646963e+04  -2.1288052e+06
   6.2646963e+04  -2.1298052e+06
   6.2646963e+04  -2.1308052e+06
   6.2646963e+04  -2.1318052e+06
   6.2646963e+04  -2.1328052e+06
   6.2646963e+04  -2.1338052e+06
   6.2646963e+04  -2.1348052e+06
   6.2646963e+04  -2.1358052e+06
   6.2646963e+04  -2.1368052e+06
   6.2646963e+04  -2.1378052e+06
   6.2646963e+04  -2.1388052e+06
   6.2646963e+04  -2.1398052e+06
   6.2646963e+04  -2.1408052e+06
   6.2646963e+04  -2.1418052e+06
   6.2646963e+04  -2.1428052e+06
   6.2646963e+04  -2.1438052e+06
   6.2646963e+04  -2.1448052e+06
   6.2646963e+04  -2.1458052e+06
   6.2646963e+04  -2.1468052e+06
   6.2646963e+04  -2.1478052e+06
   6.2646963e+04  -2.1488052e+06
   6.2646963e+04  -2.1498052e+06
   6.2646963e+04  -2.1508052e+06
   6.2646963e+04  -2.1518052e+06
   6.2646963e+04  -2.1528052e+06
   6.2646963e+04  -2.1538052e+06
   6.2646963e+04  -2.1548052e+06
   6.2646963e+04  -2.1558052e+06
   6.2646963e+04  -2.1568052e+06
   6.2646963e+04  -2.1578052e+06
   6.2646963e+04  -2.1588052e+06
   6.2646963e+04  -2.1598052e+06
   6.2646963e+04  -2.1608052e+06
   6.2646963e+04  -2.1618052e+06
   6.2646963e+04  -2.1628052e+06
   6.2646963e+04  -2.1638052e+06
   6.2646963e+04  -2.1648052e+06
   6.2646963e+04  -2.1658052e+06
   6.2646963e+04  -2.1668052e+06
   6.2646963e+04  -2.1678052e+06
   6.2646963e+04  -2.1688052e+06
   6.2646963e+04  -2.1698052e+06
   6.2646963e+04  -2.1708052e+06
   6.2646963e+04  -2.1718052e+06
   6.2646963e+04  -2.1728052e+06
   6.2646963e+04  -2.1738052e+06
   6.2646963e+04  -2.1748052e+06
   6.2646963e+04  -2.1758052e+06
   6.2646963e+04  -2.1768052e+06
   6.2646963e+04  -2.1778052e+06
   6.2646963e+04  -2.1788052e+06
   6.2646963e+04  -2.1798052e+06
   6.2646963e+04  -2.1808052e+06
   6.2646963e+04  -2.1818052e+06
   6.2646963e+04  -2.1828052e+06
   6.2646963e+04  -2.1838052e+06
   6.2646963e+04  -2.1848052e+06
   6.2646963e+04  -2.1858052e+06
   6.2646963e+04  -2.1868052e+06
   6.2646963e+04  -2.1878052e+06
   6.2646963e+04  -2.1888052e+06
   6.2646963e+04  -2.1898052e+06
   6.2646963e+04  -2.1908052e+06
   6.2646963e+04  -2.1918052e+06
   6.2646963e+04  -2.1928052e+06
   6.2646963e+04  -2.1938052e+06
   6.2646963e+04  -2.1948052e+06
   6.2646963e+04  -2.1958052e+06
   6.2646963e+04  -2.1968052e+06
   6.2646963e+04  -2.1978052e+06
   6.2646963e+04  -2.1988052e+06
   6.2646963e+04  -2.1998052e+06
   6.2646963e+04  -2.2008052e+06
   6.2646963e+04  -2.2018052e+06
   6.2646963e+04  -2.2028052e+06
   6.2646963e+04  -2.2038052e+06
   6.2646963e+04  -2.2048052e+06
   6.2646963e+04  -2.2058052e+06
   6.2646963e+04  -2.2068052e+06
   6.2646963e+04  -2.2078052e+06
   6.2646963e+04  -2.2088052e+06
   6.2646963e+04  -2.2098052e+06
   6.2646963e+04  -2.2108052e+06
   6.2646963e+04  -2.2118052e+06
   6.2646963e+04  -2.2128052e+06
   6.2646963e+04  -2.2138052e+06
   6.2646963e+04  -2.2148052e+06
   6.2646963e+04  -2.2158052e+06
   6.2646963e+04  -2.2168052e+06
   6.2646963e+04  -2.2178052e+06
   6.2646963e+04  -2.2188052e+06
   6.2646963e+04  -2.2198052e+06
   6.2646963e+04  -2.2208052e+06
   6.2646963e+04  -2.2218052e+06
   6.2646963e+04  -2.2228052e+06
   6.2646963e+04  -2.2238052e+06
   6.2646963e+04  -2.2248052e+06
   6.2646963e+04  -2.2258052e+06
   6.2646963e+04  -2.2268052e+06
   6.2646963e+04  -2.2278052e+06
   6.2646963e+04  -2.2288052e+06
   6.2646963e+04  -2.2298052e+06
   6.2646963e+04  -2.2308052e+06
   6.2646963e+04  -2.2318052e+06
   6.2646963e+04  -2.2328052e+06
   6.2646963e+04  -2.2338052e+06
   6.2646963e+04  -2.2348052e+06
   6.2646963e+04  -2.2358052e+06
   6.2646963e+04  -2.2368052e+06
   6.2646963e+04  -2.2378052e+06
   6.2646963e+04  -2.2388052e+06
   6.2646963e+04  -2.2398052e+06
   6.2646963e+04  -2.2408052e+06
   6.2646963e+04  -2.2418052e+06
   6.2646963e+04  -2.2428052e+06
   6.2646963e+04  -2.2438052e+06
   6.2646963e+04  -2.2448052e+06
   6.2646963e+04  -2.2458052e+06
   6.2646963e+04  -2.2468052e+06
   6.2646963e+04  -2.2478052e+06
   6.2646963e+04  -2.2488052e+06
   6.2646963e+04  -2.2498052e+06
   6.2646963e+04  -2.2508052e+06
   6.2646963e+04  -2.2518052e+06
   6.2646963e+04  -2.2528052e+06
   6.2646963e+04  -2.2538052e+06
   6.2646963e+04  -2.2548052e+06
   6.2646963e+04  -2.2558052e+06
   6.2646963e+04  -2.2568052e+06
   6.2646963e+04  -2.2578052e+06
   6.2646963e+04  -2.2588052e+06
   6.2646963e+04  -2.2598052e+06
   6.2646963e+04  -2.2608052e+06
   6.2646963e+04  -2.2618052e+06
   6.2646963e+04  -2.2628052e+06
   6.2646963e+04  -2.2638052e+06
   6.2646963e+04  -2.2648052e+06
   6.2646963e+04  -2.2658052e+06
   6.2646963e+04  -2.2668052e+06
   6.2646963e+04  -2.2678052e+06
   6.2646963e+04  -2.2688052e+06
   6.2646963e+04  -2.2698052e+06
   6.2646963e+04  -2.2708052e+06
   6.2646963e+04  -2.2718052e+06
   6.2646963e+04  -2.2728052e+06
   6.2646963e+04  -2.2738052e+06
   6.2646963e+04  -2.2748052e+06
   6.2646963e+04  -2.2758052e+06
   6.2646963e+04  -2.2768052e+06
   6.2646963e+04  -2.2778052e+06
   6.2646963e+04  -2.2788052e+06
   6.2646963e+04  -2.2798052e+06
   6.2646963e+04  -2.2808052e+06
   6.2646963e+04  -2.2818052e+06
   6.2646963e+04  -2.2828052e+06
   6.2646963e+04  -2.2838052e+06
   6.2646963e+04  -2.2848052e+06
   6.2646963e+04  -2.2858052e+06
   6.2646963e+04  -2.2868052e+06
   6.2646963e+04  -2.2878052e+06
   6.2646963e+04  -2.2888052e+06
   6.2646963e+04  -2.2898052e+06
   6.2646963e+04  -2.2908052e+06
   6.2646963e+04  -2.2918052e+06
   6.2646963e+04  -2.2928052e+06
   6.2646963e+04  -2.2938052e+06
   6.2646963e+04  -2.2948052e+06
   6.2646963e+04  -2.2958052e+06
   6.2646963e+04  -2.2968052e+06
   6.2646963e+04  -2.2978052e+06
   6.2646963e+04  -2.2988052e+06
   6.2646963e+04  -2.2998052e+06
   6.2646963e+04  -2.3008052e+06
   6.2646963e+04  -2.3018052e+06
   6.2646963e+04  -2.3028052e+06
   6.2646963e+04  -2.3038052e+06
   6.2646963e+04  -2.3048052e+06
   6.2646963e+04  -2.3058052e+06
   6.2646963e+04  -2.3068052e+06
   6.2646963e+04  -2.3078052e+06
   6.2646963e+04  -2.3088052e+06
   6.2646963e+04  -2.3098052e+06
   6.2646963e+04  -2.3108052e+06
   6.2646963e+04  -2.3118052e+06
   6.2646963e+04  -2.3128052e+06
   6.2646963e+04  -2.3138052e+06
   6.2646963e+04  -2.3148052e+06
   6.2646963e+04  -2.3158052e+06
   6.2646963e+04  -2.3168052e+06
   6.2646963e+04  -2.3178052e+06
   6.2646963e+04  -2.3188052e+06
   6.2646963e+04  -2.3198052e+06
   6.2646963e+04  -2.3208052e+06
   6.2646963e+04  -2.3218052e+06
   6.2646963e+04  -2.3228052e+06
   6.2646963e+04  -2.3238052e+06
   6.2646963e+04  -2.3248052e+06
   6.2646963e+04  -2.3258052e+06
   6.2646963e+04  -2.3268052e+06
   6.2646963e+04  -2.3278052e+06
   6.2646963e+04  -2.3288052e+06
   6.2646963e+04  -2.3298052e+06
   6.2646963e+04  -2.3308052e+06
   6.2646963e+04  -2.3318052e+06
   6.2646963e+04  -2.3328052e+06
   6.2646963e+04  -2.3338052e+06
   6.2646963e+04  -2.3348052e+06
   6.2646963e+04  -2.3358052e+06
   6.2646963e+04  -2.3368052e+06
   6.2646963e+04  -2.3378052e+06
   6.2646963e+04  -2.3388052e+06
   6.2646963e+04  -2.3398052e+06
   6.2646963e+04  -2.3408052e+06
   6.2646963e+04  -2.3418052e+06
   6.2646963e+04  -2.3428052e+06
   6.2646963e+04  -2.3438052e+06
   6.2646963e+04  -2.3448052e+06
   6.2646963e+04  -2.3458052e+06
   6.2646963e+04  -2.3468052e+06
   6.2646963e+04  -2.3478052e+06
   6.2646963e+04  -2.3488052e+06
   6.2646963e+04  -2.3498052e+06
   6.2646963e+04  -2.3508052e+06
   6.2646963e+04  -2.3518052e+06
   6.2646963e+04  -2.3528052e+06
   6.2646963e+04  -2.3538052e+06
   6.2646963e+04  -2.3548052e+06
   6.2646963e+04  -2.3558052e+06
   6.2646963e+04  -2.3568052e+06
   6.2646963e+04  -2.3578052e+06
   6.2646963e+04  -2.3588052e+06
   6.2646963e+04  -2.3598052e+06
   6.2646963e+04  -2.3608052e+06
   6.2646963e+04  -2.3618052e+06
   6.2646963e+04  -2.3628052e+06
   6.2646963e+04  -2.3638052e+06
   6.2646963e+04  -2.3648052e+06
   6.2646963e+04  -2.3658052e+06
   6.2646963e+04  -2.3668052e+06
   6.2646963e+04  -2.3678052e+06
   6.2646963e+04  -2.3688052e+06
   6.2646963e+04  -2.3698052e+06
   6.2646963e+04  -2.3708052e+06
   6.2646963e+04  -2.3718052e+06
   6.2646963e+04  -2.3728052e+06
   6.2646963e+04  -2.3738052e+06
   6.2646963e+04  -2.3748052e+06
   6.2646963e+04  -2.3758052e+06
   6.2646963e+04  -2.3768052e+06
   6.2646963e+04  -2.3778052e+06
   6.2646963e+04  -2.3788052e+06
   6.2646963e+04  -2.3798052e+06
   6.2646963e+04  -2.3808052e+06
   6.2646963e+04  -2.3818052e+06
   6.2646963e+04  -2.3828052e+06
   6.2646963e+04  -2.3838052e+06
   6.2646963e+04  -2.3848052e+06
   6.2646963e+04  -2.3858052e+06
   6.2646963e+04  -2.3868052e+06
   6.2646963e+04  -2.3878052e+06
   6.2646963e+04  -2.3888052e+06
   6.2646963e+04  -2.3898052e+06
   6.2646963e+04  -2.3908052e+06
   6.2646963e+04  -2.3918052e+06
   6.2646963e+04  -2.3928052e+06
   6.2646963e+04  -2.3938052e+06
   6.2646963e+04  -2.3948052e+06
   6.2646963e+04  -2.3958052e+06
   6.2646963e+04  -2.3968052e+06
   6.2646963e+04  -2.3978052e+06
   6.2646963e+04  -2.3988052e+06
   6.2646963e+04  -2.3998052e+06
   6.2646963e+04  -2.4008052e+06
   6.2646963e+04  -2.4018052e+06
   6.2646963e+04  -2.4028052e+06
   6.2646963e+04  -2.4038052e+06
   6.2646963e+04  -2.4048052e+06
   6.2646963e+04  -2.4058052e+06
   6.2646963e+04  -2.4068052e+06
   6.2646963e+04  -2.4078052e+06
   6.2646963e+04  -2.4088052e+06
   6.2646963e+04  -2.4098052e+06
   6.2646963e+04  -2.4108052e+06
   6.2646963e+04  -2.4118052e+06
   6.2646963e+04  -2.4128052e+06
   6.2646963e+04  -2.4138052e+06
   6.2646963e+04  -2.4148052e+06
   6.2646963e+04  -2.4158052e+06
   6.2646963e+04  -2.4168052e+06
   6.2646963e+04  -2.4178052e+06
   6.2646963e+04  -2.4188052e+06
   6.2646963e+04  -2.4198052e+06
   6.2646963e+04  -2.4208052e+06
   6.2646963e+04  -2.4218052e+06
   6.2646963e+04  -2.4228052e+06
   6.2646963e+04  -2.4238052e+06
   6.2646963e+04  -2.4248052e+06
   6.2646963e+04  -2.4258052e+06
   6.2646963e+04  -2.4268052e+06
   6.2646963e+04  -2.4278052e+06
   6.2646963e+04  -2.4288052e+06
   6.2646963e+04  -2.4298052e+06
   6.2646963e+04  -2.4308052e+06
   6.2646963e+04  -2.4318052e+06
   6.2646963e+04  -2.4328052e+06
   6.2646963e+04  -2.4338052e+06
   6.2646963e+04  -2.4348052e+06
   6.2646963e+04  -2.4358052e+06
   6.2646963e+04  -2.4368052e+06
   6.2646963e+04  -2.4378052e+06
   6.2646963e+04  -2.4388052e+06
   6.2646963e+04  -2.4398052e+06
   6.2646963e+04  -2.4408052e+06
   6.2646963e+04  -2.4418052e+06
   6.2646963e+04  -2.4428052e+06
   6.2646963e+04  -2.4438052e+06
   6.2646963e+04  -2.4448052e+06
   6.2646963e+04  -2.4458052e+06
   6.2646963e+04  -2.4468052e+06
   6.2646963e+04  -2.4478052e+06
   6.2646963e+04  -2.4488052e+06
   6.2646963e+04  -2.4498052e+06
   6.2646963e+04  -2.4508052e+06
   6.2646963e+04  -2.4518052e+06
   6.2646963e+04  -2.4528052e+06
   6.2646963e+04  -2.4538052e+06
   6.2646963e+04  -2.4548052e+06
   6.2646963e+04  -2.4558052e+06
   6.2646963e+04  -2.4568052e+06
   6.2646963e+04  -2.4578052e+06
   6.2646963e+04  -2.4588052e+06
   6.2646963e+04  -2.4598052e+06
   6.2646963e+04  -2.4608052e+06
   6.2646963e+04  -2.4618052e+06
   6.2646963e+04  -2.4628052e+06
   6.2646963e+04  -2.4638052e+06
   6.2646963e+04  -2.4648052e+06
   6.2646963e+04  -2.4658052e+06
   6.2646963e+04  -2.4668052e+06
   6.2646963e+04  -2.4678052e+06
   6.2646963e+04  -2.4688052e+06
   6.2646963e+04  -2.4698052e+06
   6.2646963e+04  -2.4708052e+06
   6.2646963e+04  -2.4718052e+06
   6.2646963e+04  -2.4728052e+06
   6.2646963e+04  -2.4747219e+06
   6.2646963e+04  -2.4775553e+06
   6.2646963e+04  -2.4813053e+06
   6.2646963e+04  -2.4859719e+06
   6.2646963e+04  -2.4915553e+06
   6.2646963e+04  -2.4980553e+06
   6.2646963e+04  -2.5054719e+06
   6.2646963e+04  -2.5138053e+06
457
   6.2646963e+04  -2.5138053e+06
   6.5041040e+04  -2.5138053e+06
   6.7387045e+04  -2.5138053e+06
   6.9684978e+04  -2.5138053e+06
   7.1934839e+04  -2.5138053e+06
   7.4136629e+04  -2.5138053e+06
   7.6290348e+04  -2.5138053e+06
   7.8395995e+04  -2.5138053e+06
   8.0453570e+04  -2.5138053e+06
   8.2463073e+04  -2.5138053e+06
   8.4424505e+04  -2.5138053e+06
   8.6337866e+04  -2.5138053e+06
   8.8203155e+04  -2.5138053e+06
   9.0020372e+04  -2.5138053e+06
   9.1789517e+04  -2.5138053e+06
   9.3510591e+04  -2.5138053e+06
   9.5183594e+04  -2.5138053e+06
   9.6808525e+04  -2.5138053e+06
   9.8385384e+04  -2.5138053e+06
   9.9914171e+04  -2.5138053e+06
   1.0139489e+05  -2.5138053e+06
   1.0282753e+05  -2.5138053e+06
   1.0421210e+05  -2.5138053e+06
   1.0554861e+05  -2.5138053e+06
   1.0683704e+05  -2.5138053e+06
   1.0807739e+05  -2.5138053e+06
   1.0926968e+05  -2.5138053e+06
   1.1041389e+05  -2.5138053e+06
   1.1151004e+05  -2.5138053e+06
   1.1255811e+05  -2.5138053e+06
   1.1355811e+05  -2.5138053e+06
   1.1455811e+05  -2.5138053e+06
   1.1555811e+05  -2.5138053e+06
   1.1655811e+05  -2.5138053e+06
   1.1755811e+05  -2.5138053e+06
   1.1855811e+05  -2.5138053e+06
   1.1955811e+05  -2.5138053e+06
   1.2055811e+05  -2.5138053e+06
   1.2155811e+05  -2.5138053e+06
   1.2255811e+05  -2.5138053e+06
   1.2355811e+05  -2.5138053e+06
   1.2455811e+05  -2.5138053e+06
   1.2555811e+05  -2.5138053e+06
   1.2655811e+05  -2.5138053e+06
   1.2755811e+05  -2.5138053e+06
   1.2855811e+05  -2.5138053e+06
   1.2955811e+05  -2.5138053e+06
   1.3055811e+05  -2.5138053e+06
   1.3155811e+05  -2.5138053e+06
   1.3255811e+05  -2.5138053e+06
   1.3355811e+05  -2.5138053e+06
   1.3455811e+05  -2.5138053e+06
   1.3555811e+05  -2.5138053e+06
   1.3655811e+05  -2.5138053e+06
   1.3755811e+05  -2.5138053e+06
   1.3855811e+05  -2.5138053e+06
   1.3955811e+05  -2.5138053e+06
   1.4055811e+05  -2.5138053e+06
   1.4155811e+05  -2.5138053e+06
   1.4255811e+05  -2.5138053e+06
   1.4355811e+05  -2.5138053e+06
   1.4455811e+05  -2.5138053e+06
   1.4555811e+05  -2.5138053e+06
   1.4655811e+05  -2.5138053e+06
   1.4755811e+05  -2.5138053e+06
   1.4855811e+05  -2.5138053e+06
   1.4955811e+05  -2.5138053e+06
   1.5055811e+05  -2.5138053e+06
   1.5155811e+05  -2.5138053e+06
   1.5255811e+05  -2.5138053e+06
   1.5355811e+05  -2.5138053e+06
   1.5455811e+05  -2.5138053e+06
   1.5555811e+05  -2.5138053e+06
   1.5655811e+05  -2.5138053e+06
   1.5755811e+05  -2.5138053e+06
   1.5855811e+05  -2.5138053e+06
   1.5955811e+05  -2.5138053e+06
   1.6055811e+05  -2.5138053e+06
   1.6155811e+05  -2.5138053e+06
   1.6255811e+05  -2.5138053e+06
   1.6355811e+05  -2.5138053e+06
   1.6455811e+05  -2.5138053e+06
   1.6555811e+05  -2.5138053e+06
   1.6655811e+05  -2.5138053e+06
   1.6755811e+05  -2.5138053e+06
   1.6855811e+05  -2.5138053e+06
   1.6955811e+05  -2.5138053e+06
   1.7055811e+05  -2.5138053e+06
   1.7155811e+05  -2.5138053e+06
   1.7255811e+05  -2.5138053e+06
   1.7355811e+05  -2.5138053e+06
   1.7455811e+05  -2.5138053e+06
   1.7555811e+05  -2.5138053e+06
   1.7655811e+05  -2.5138053e+06
   1.7755811e+05  -2.5138053e+06
   1.7855811e+05  -2.5138053e+06
   1.7955811e+05  -2.5138053e+06
   1.8055811e+05  -2.5138053e+06
   1.8155811e+05  -2.5138053e+06
   1.8255811e+05  -2.5138053e+06
   1.8355811e+05  -2.5138053e+06
   1.8455811e+05  -2.5138053e+06
   1.8555811e+05  -2.5138053e+06
   1.8655811e+05  -2.5138053e+06
   1.8755811e+05  -2.5138053e+06
   1.8855811e+05  -2.5138053e+06
   1.8955811e+05  -2.5138053e+06
   1.9055811e+05  -2.5138053e+06
   1.9155811e+05  -2.5138053e+06
   1.9255811e+05  -2.5138053e+06
   1.9355811e+05  -2.5138053e+06
   1.9455811e+05  -2.5138053e+06
   1.9555811e+05  -2.5138053e+06
   1.9655811e+05  -2.5138053e+06
   1.9755811e+05  -2.5138053e+06
   1.9855811e+05  -2.5138053e+06
   1.9955811e+05  -2.5138053e+06
   2.0055811e+05  -2.5138053e+06
   2.0155811e+05  -2.5138053e+06
   2.0255811e+05  -2.5138053e+06
   2.0355811e+05  -2.5138053e+06
   2.0455811e+05  -2.5138053e+06
   2.0555811e+05  -2.5138053e+06
   2.0655811e+05  -2.5138053e+06
   2.0755811e+05  -2.5138053e+06
   2.0855811e+05  -2.5138053e+06
   2.0955811e+05  -2.5138053e+06
   2.1055811e+05  -2.5138053e+06
   2.1155811e+05  -2.5138053e+06
   2.1255811e+05  -2.5138053e+06
   2.1355811e+05  -2.5138053e+06
   2.1455811e+05  -2.5138053e+06
   2.1555811e+05  -2.5138053e+06
   2.1655811e+05  -2.5138053e+06
   2.1755811e+05  -2.5138053e+06
   2.1855811e+05  -2.5138053e+06
   2.1955811e+05  -2.5138053e+06
   2.2055811e+05  -2.5138053e+06
   2.2155811e+05  -2.5138053e+06
   2.2255811e+05  -2.5138053e+06
   2.2355811e+05  -2.5138053e+06
   2.2455811e+05  -2.5138053e+06
   2.2555811e+05  -2.5138053e+06
   2.2655811e+05  -2.5138053e+06
   2.2755811e+05  -2.5138053e+06
   2.2855811e+05  -2.5138053e+06
   2.2955811e+05  -2.5138053e+06
   2.3055811e+05  -2.5138053e+06
   2.3155811e+05  -2.5138053e+06
   2.3255811e+05  -2.5138053e+06
   2.3355811e+05  -2.5138053e+06
   2.3455811e+05  -2.5138053e+06
   2.3555811e+05  -2.5138053e+06
   2.3655811e+05  -2.5138053e+06
   2.3755811e+05  -2.5138053e+06
   2.3855811e+05  -2.5138053e+06
   2.3955811e+05  -2.5138053e+06
   2.4055811e+05  -2.5138053e+06
   2.4155811e+05  -2.5138053e+06
   2.4255811e+05  -2.5138053e+06
   2.4355811e+05  -2.5138053e+06
   2.4455811e+05  -2.5138053e+06
   2.4555811e+05  -2.5138053e+06
   2.4655811e+05  -2.5138053e+06
   2.4755811e+05  -2.5138053e+06
   2.4855811e+05  -2.5138053e+06
   2.4955811e+05  -2.5138053e+06
   2.5055811e+05  -2.5138053e+06
   2.5155811e+05  -2.5138053e+06
   2.5255811e+05  -2.5138053e+06
   2.5355811e+05  -2.5138053e+06
   2.5455811e+05  -2.5138053e+06
   2.5555811e+05  -2.5138053e+06
   2.5655811e+05  -2.5138053e+06
   2.5755811e+05  -2.5138053e+06
   2.5855811e+05  -2.5138053e+06
   2.5955811e+05  -2.5138053e+06
   2.6055811e+05  -2.5138053e+06
   2.6155811e+05  -2.5138053e+06
   2.6255811e+05  -2.5138053e+06
   2.6355811e+05  -2.5138053e+06
   2.6455811e+05  -2.5138053e+06
   2.6555811e+05  -2.5138053e+06
   2.6655811e+05  -2.5138053e+06
   2.6755811e+05  -2.5138053e+06
   2.6855811e+05  -2.5138053e+06
   2.6955811e+05  -2.5138053e+06
   2.7055811e+05  -2.5138053e+06
   2.7155811e+05  -2.5138053e+06
   2.7255811e+05  -2.5138053e+06
   2.7355811e+05  -2.5138053e+06
   2.7455811e+05  -2.5138053e+06
   2.7555811e+05  -2.5138053e+06
   2.7655811e+05  -2.5138053e+06
   2.7755811e+05  -2.5138053e+06
   2.7855811e+05  -2.5138053e+06
   2.7955811e+05  -2.5138053e+06
   2.8055811e+05  -2.5138053e+06
   2.8155811e+05  -2.5138053e+06
   2.8255811e+05  -2.5138053e+06
   2.8355811e+05  -2.5138053e+06
   2.8455811e+05  -2.5138053e+06
   2.8555811e+05  -2.5138053e+06
   2.8655811e+05  -2.5138053e+06
   2.8755811e+05  -2.5138053e+06
   2.8855811e+05  -2.5138053e+06
   2.8955811e+05  -2.5138053e+06
   2.9055811e+05  -2.5138053e+06
   2.9155811e+05  -2.5138053e+06
   2.9255811e+05  -2.5138053e+06
   2.9355811e+05  -2.5138053e+06
   2.9455811e+05  -2.5138053e+06
   2.9555811e+05  -2.5138053e+06
   2.9655811e+05  -2.5138053e+06
   2.9755811e+05  -2.5138053e+06
   2.9855811e+05  -2.5138053e+06
   2.9955811e+05  -2.5138053e+06
   3.0055811e+05  -2.5138053e+06
   3.0155811e+05  -2.5138053e+06
   3.0255811e+05  -2.5138053e+06
   3.0355811e+05  -2.5138053e+06
   3.0455811e+05  -2.5138053e+06
   3.0555811e+05  -2.5138053e+06
   3.0655811e+05  -2.5138053e+06
   3.0755811e+05  -2.5138053e+06
   3.0855811e+05  -2.5138053e+06
   3.0955811e+05  -2.5138053e+06
   3.1055811e+05  -2.5138053e+06
   3.1155811e+05  -2.5138053e+06
   3.1255811e+05  -2.5138053e+06
   3.1355811e+05  -2.5138053e+06
   3.1455811e+05  -2.5138053e+06
   3.1555811e+05  -2.5138053e+06
   3.1655811e+05  -2.5138053e+06
   3.1755811e+05  -2.5138053e+06
   3.1855811e+05  -2.5138053e+06
   3.1955811e+05  -2.5138053e+06
   3.2055811e+05  -2.5138053e+06
   3.2155811e+05  -2.5138053e+06
   3.2255811e+05  -2.5138053e+06
   3.2355811e+05  -2.5138053e+06
   3.2455811e+05  -2.5138053e+06
   3.2555811e+05  -2.5138053e+06
   3.2655811e+05  -2.5138053e+06
   3.2755811e+05  -2.5138053e+06
   3.2855811e+05  -2.5138053e+06
   3.2955811e+05  -2.5138053e+06
   3.3055811e+05  -2.5138053e+06
   3.3155811e+05  -2.5138053e+06
   3.3255811e+05  -2.5138053e+06
   3.3355811e+05  -2.5138053e+06
   3.3455811e+05  -2.5138053e+06
   3.3555811e+05  -2.5138053e+06
   3.3655811e+05  -2.5138053e+06
   3.3755811e+05  -2.5138053e+06
   3.3855811e+05  -2.5138053e+06
   3.3955811e+05  -2.5138053e+06
   3.4055811e+05  -2.5138053e+06
   3.4155811e+05  -2.5138053e+06
   3.4255811e+05  -2.5138053e+06
   3.4355811e+05  -2.5138053e+06
   3.4455811e+05  -2.5138053e+06
   3.4555811e+05  -2.5138053e+06
   3.4655811e+05  -2.5138053e+06
   3.4755811e+05  -2.5138053e+06
   3.4855811e+05  -2.5138053e+06
   3.4955811e+05  -2.5138053e+06
   3.5055811e+05  -2.5138053e+06
   3.5155811e+05  -2.5138053e+06
   3.5255811e+05  -2.5138053e+06
   3.5355811e+05  -2.5138053e+06
   3.5455811e+05  -2.5138053e+06
   3.5555811e+05  -2.5138053e+06
   3.5655811e+05  -2.5138053e+06
   3.5755811e+05  -2.5138053e+06
   3.5855811e+05  -2.5138053e+06
   3.5955811e+05  -2.5138053e+06
   3.6055811e+05  -2.5138053e+06
   3.6155811e+05  -2.5138053e+06
   3.6255811e+05  -2.5138053e+06
   3.6355811e+05  -2.5138053e+06
   3.6455811e+05  -2.5138053e+06
   3.6555811e+05  -2.5138053e+06
   3.6655811e+05  -2.5138053e+06
   3.6755811e+05  -2.5138053e+06
   3.6855811e+05  -2.5138053e+06
   3.6955811e+05  -2.5138053e+06
   3.7055811e+05  -2.5138053e+06
   3.7155811e+05  -2.5138053e+06
   3.7255811e+05  -2.5138053e+06
   3.7355811e+05  -2.5138053e+06
   3.7455811e+05  -2.5138053e+06
   3.7555811e+05  -2.5138053e+06
   3.7655811e+05  -2.5138053e+06
   3.7755811e+05  -2.5138053e+06
   3.7855811e+05  -2.5138053e+06
   3.7955811e+05  -2.5138053e+06
   3.8055811e+05  -2.5138053e+06
   3.8155811e+05  -2.5138053e+06
   3.8255811e+05  -2.5138053e+06
   3.8355811e+05  -2.5138053e+06
   3.8455811e+05  -2.5138053e+06
   3.8555811e+05  -2.5138053e+06
   3.8655811e+05  -2.5138053e+06
   3.8755811e+05  -2.5138053e+06
   3.8855811e+05  -2.5138053e+06
   3.8955811e+05  -2.5138053e+06
   3.9055811e+05  -2.5138053e+06
   3.9155811e+05  -2.5138053e+06
   3.9255811e+05  -2.5138053e+06
   3.9355811e+05  -2.5138053e+06
   3.9455811e+05  -2.5138053e+06
   3.9555811e+05  -2.5138053e+06
   3.9655811e+05  -2.5138053e+06
   3.9755811e+05  -2.5138053e+06
   3.9855811e+05  -2.5138053e+06
   3.9955811e+05  -2.5138053e+06
   4.0055811e+05  -2.5138053e+06
   4.0155811e+05  -2.5138053e+06
   4.0255811e+05  -2.5138053e+06
   4.0355811e+05  -2.5138053e+06
   4.0455811e+05  -2.5138053e+06
   4.0555811e+05  -2.5138053e+06
   4.0655811e+05  -2.5138053e+06
   4.0755811e+05  -2.5138053e+06
   4.0855811e+05  -2.5138053e+06
   4.0955811e+05  -2.5138053e+06
   4.1055811e+05  -2.5138053e+06
   4.1155811e+05  -2.5138053e+06
   4.1255811e+05  -2.5138053e+06
   4.1355811e+05  -2.5138053e+06
   4.1455811e+05  -2.5138053e+06
   4.1555811e+05  -2.5138053e+06
   4.1655811e+05  -2.5138053e+06
   4.1755811e+05  -2.5138053e+06
   4.1855811e+05  -2.5138053e+06
   4.1955811e+05  -2.5138053e+06
   4.2055811e+05  -2.5138053e+06
   4.2155811e+05  -2.5138053e+06
   4.2255811e+05  -2.5138053e+06
   4.2355811e+05  -2.5138053e+06
   4.2455811e+05  -2.5138053e+06
   4.2555811e+05  -2.5138053e+06
   4.2655811e+05  -2.5138053e+06
   4.2755811e+05  -2.5138053e+06
   4.2855811e+05  -2.5138053e+06
   4.2955811e+05  -2.5138053e+06
   4.3055811e+05  -2.5138053e+06
   4.3155811e+05  -2.5138053e+06
   4.3255811e+05  -2.5138053e+06
   4.3355811e+05  -2.5138053e+06
   4.3455811e+05  -2.5138053e+06
   4.3555811e+05  -2.5138053e+06
   4.3655811e+05  -2.5138053e+06
   4.3755811e+05  -2.5138053e+06
   4.3855811e+05  -2.5138053e+06
   4.3955811e+05  -2.5138053e+06
   4.4055811e+05  -2.5138053e+06
   4.4155811e+05  -2.5138053e+06
   4.4255811e+05  -2.5138053e+06
   4.4355811e+05  -2.5138053e+06
   4.4455811e+05  -2.5138053e+06
   4.4555811e+05  -2.5138053e+06
   4.4655811e+05  -2.5138053e+06
   4.4755811e+05  -2.5138053e+06
   4.4855811e+05  -2.5138053e+06
   4.4955811e+05  -2.5138053e+06
   4.5055811e+05  -2.5138053e+06
   4.5155811e+05  -2.5138053e+06
   4.5255811e+05  -2.5138053e+06
   4.5355811e+05  -2.5138053e+06
   4.5455811e+05  -2.5138053e+06
   4.5555811e+05  -2.5138053e+06
   4.5655811e+05  -2.5138053e+06
   4.5755811e+05  -2.5138053e+06
   4.5855811e+05  -2.5138053e+06
   4.5955811e+05  -2.5138053e+06
   4.6055811e+05  -2.5138053e+06
   4.6155811e+05  -2.5138053e+06
   4.6255811e+05  -2.5138053e+06
   4.6355811e+05  -2.5138053e+06
   4.6455811e+05  -2.5138053e+06
   4.6555811e+05  -2.5138053e+06
   4.6655811e+05  -2.5138053e+06
   4.6755811e+05  -2.5138053e+06
   4.6855811e+05  -2.5138053e+06
   4.6955811e+05  -2.5138053e+06
   4.7055811e+05  -2.5138053e+06
   4.7155811e+05  -2.5138053e+06
   4.7255811e+05  -2.5138053e+06
   4.7355811e+05  -2.5138053e+06
   4.7455811e+05  -2.5138053e+06
   4.7555811e+05  -2.5138053e+06
   4.7655811e+05  -2.5138053e+06
   4.7755811e+05  -2.5138053e+06
   4.7855811e+05  -2.5138053e+06
   4.7955811e+05  -2.5138053e+06
   4.8055811e+05  -2.5138053e+06
   4.8155811e+05  -2.5138053e+06
   4.8255811e+05  -2.5138053e+06
   4.8355811e+05  -2.5138053e+06
   4.8455811e+05  -2.5138053e+06
   4.8555811e+05  -2.5138053e+06
   4.8655811e+05  -2.5138053e+06
   4.8755811e+05  -2.5138053e+06
   4.8855811e+05  -2.5138053e+06
   4.8955811e+05  -2.5138053e+06
   4.9055811e+05  -2.5138053e+06
   4.9155811e+05  -2.5138053e+06
   4.9255811e+05  -2.5138053e+06
   4.9355811e+05  -2.5138053e+06
   4.9455811e+05  -2.5138053e+06
   4.9555811e+05  -2.5138053e+06
   4.9655811e+05  -2.5138053e+06
   4.9755811e+05  -2.5138053e+06
   4.9855811e+05  -2.5138053e+06
   4.9955811e+05  -2.5138053e+06
   5.0055811e+05  -2.5138053e+06
   5.0155811e+05  -2.5138053e+06
   5.0255811e+05  -2.5138053e+06
   5.0355811e+05  -2.5138053e+06
   5.0455811e+05  -2.5138053e+06
   5.0555811e+05  -2.5138053e+06
   5.0655811e+05  -2.5138053e+06
   5.0755811e+05  -2.5138053e+06
   5.0855811e+05  -2.5138053e+06
   5.0955811e+05  -2.5138053e+06
   5.1055811e+05  -2.5138053e+06
   5.1160618e+05  -2.5138053e+06
   5.1270232e+05  -2.5138053e+06
   5.1384654e+05  -2.5138053e+06
   5.1503883e+05  -2.5138053e+06
   5.1627918e+05  -2.5138053e+06
   5.1756761e+05  -2.5138053e+06
   5.1890411e+05  -2.5138053e+06
   5.2028869e+05  -2.5138053e+06
   5.2172133e+05  -2.5138053e+06
   5.2320205e+05  -2.5138053e+06
   5.2473083e+05  -2.5138053e+06
   5.2630769e+05  -2.5138053e+06
   5.2793262e+05  -2.5138053e+06
   5.2960563e+05  -2.5138053e+06
   5.3132670e+05  -2.5138053e+06
   5.3309585e+05  -2.5138053e+06
   5.3491306e+05  -2.5138053e+06
   5.3677835e+05  -2.5138053e+06
   5.3869171e+05  -2.5138053e+06
   5.4065315e+05  -2.5138053e+06
   5.4266265e+05  -2.5138053e+06
   5.4472022e+05  -2.5138053e+06
   5.4682587e+05  -2.5138053e+06
   5.4897959e+05  -2.5138053e+06
   5.5118138e+05  -2.5138053e+06
   5.5343124e+05  -2.5138053e+06
   5.5572917e+05  -2.5138053e+06
   5.5807518e+05  -2.5138053e+06
   5.6046926e+05  -2.5138053e+06
361
   5.6046926e+05  -2.5138053e+06
   5.6046926e+05  -2.5054719e+06
   5.6046926e+05  -2.4980553e+06
   5.6046926e+05  -2.4915553e+06
   5.6046926e+05  -2.4859719e+06
   5.6046926e+05  -2.4813053e+06
   5.6046926e+05  -2.4775553e+06
   5.6046926e+05  -2.4747219e+06
   5.6046926e+05  -2.4728052e+06
   5.6046926e+05  -2.4718052e+06
   5.6046926e+05  -2.4708052e+06
   5.6046926e+05  -2.4698052e+06
   5.6046926e+05  -2.4688052e+06
   5.6046926e+05  -2.4678052e+06
   5.6046926e+05  -2.4668052e+06
   5.6046926e+05  -2.4658052e+06
   5.6046926e+05  -2.4648052e+06
   5.6046926e+05  -2.4638052e+06
   5.6046926e+05  -2.4628052e+06
   5.6046926e+05  -2.4618052e+06
   5.6046926e+05  -2.4608052e+06
   5.6046926e+05  -2.4598052e+06
   5.6046926e+05  -2.4588052e+06
   5.6046926e+05  -2.4578052e+06
   5.6046926e+05  -2.4568052e+06
   5.6046926e+05  -2.4558052e+06
   5.6046926e+05  -2.4548052e+06
   5.6046926e+05  -2.4538052e+06
   5.6046926e+05  -2.4528052e+06
   5.6046926e+05  -2.4518052e+06
   5.6046926e+05  -2.4508052e+06
   5.6046926e+05  -2.4498052e+06
   5.6046926e+05  -2.4488052e+06
   5.6046926e+05  -2.4478052e+06
   5.6046926e+05  -2.4468052e+06
   5.6046926e+05  -2.4458052e+06
   5.6046926e+05  -2.4448052e+06
   5.6046926e+05  -2.4438052e+06
   5.6046926e+05  -2.4428052e+06
   5.6046926e+05  -2.4418052e+06
   5.6046926e+05  -2.4408052e+06
   5.6046926e+05  -2.4398052e+06
   5.6046926e+05  -2.4388052e+06
   5.6046926e+05  -2.4378052e+06
   5.6046926e+05  -2.4368052e+06
   5.6046926e+05  -2.4358052e+06
   5.6046926e+05  -2.4348052e+06
   5.6046926e+05  -2.4338052e+06
   5.6046926e+05  -2.4328052e+06
   5.6046926e+05  -2.4318052e+06
   5.6046926e+05  -2.4308052e+06
   5.6046926e+05  -2.4298052e+06
   5.6046926e+05  -2.4288052e+06
   5.6046926e+05  -2.4278052e+06
   5.6046926e+05  -2.4268052e+06
   5.6046926e+05  -2.4258052e+06
   5.6046926e+05  -2.4248052e+06
   5.6046926e+05  -2.4238052e+06
   5.6046926e+05  -2.4228052e+06
   5.6046926e+05  -2.4218052e+06
   5.6046926e+05  -2.4208052e+06
   5.6046926e+05  -2.4198052e+06
   5.6046926e+05  -2.4188052e+06
   5.6046926e+05  -2.4178052e+06
   5.6046926e+05  -2.4168052e+06
   5.6046926e+05  -2.4158052e+06
   5.6046926e+05  -2.4148052e+06
   5.6046926e+05  -2.4138052e+06
   5.6046926e+05  -2.4128052e+06
   5.6046926e+05  -2.4118052e+06
   5.6046926e+05  -2.4108052e+06
   5.6046926e+05  -2.4098052e+06
   5.6046926e+05  -2.4088052e+06
   5.6046926e+05  -2.4078052e+06
   5.6046926e+05  -2.4068052e+06
   5.6046926e+05  -2.4058052e+06
   5.6046926e+05  -2.4048052e+06
   5.6046926e+05  -2.4038052e+06
   5.6046926e+05  -2.4028052e+06
   5.6046926e+05  -2.4018052e+06
   5.6046926e+05  -2.4008052e+06
   5.6046926e+05  -2.3998052e+06
   5.6046926e+05  -2.3988052e+06
   5.6046926e+05  -2.3978052e+06
   5.6046926e+05  -2.3968052e+06
   5.6046926e+05  -2.3958052e+06
   5.6046926e+05  -2.3948052e+06
   5.6046926e+05  -2.3938052e+06
   5.6046926e+05  -2.3928052e+06
   5.6046926e+05  -2.3918052e+06
   5.6046926e+05  -2.3908052e+06
   5.6046926e+05  -2.3898052e+06
   5.6046926e+05  -2.3888052e+06
   5.6046926e+05  -2.3878052e+06
   5.6046926e+05  -2.3868052e+06
   5.6046926e+05  -2.3858052e+06
   5.6046926e+05  -2.3848052e+06
   5.6046926e+05  -2.3838052e+06
   5.6046926e+05  -2.3828052e+06
   5.6046926e+05  -2.3818052e+06
   5.6046926e+05  -2.3808052e+06
   5.6046926e+05  -2.3798052e+06
   5.6046926e+05  -2.3788052e+06
   5.6046926e+05  -2.3778052e+06
   5.6046926e+05  -2.3768052e+06
   5.6046926e+05  -2.3758052e+06
   5.6046926e+05  -2.3748052e+06
   5.6046926e+05  -2.3738052e+06
   5.6046926e+05  -2.3728052e+06
   5.6046926e+05  -2.3718052e+06
   5.6046926e+05  -2.3708052e+06
   5.6046926e+05  -2.3698052e+06
   5.6046926e+05  -2.3688052e+06
   5.6046926e+05  -2.3678052e+06
   5.6046926e+05  -2.3668052e+06
   5.6046926e+05  -2.3658052e+06
   5.6046926e+05  -2.3648052e+06
   5.6046926e+05  -2.3638052e+06
   5.6046926e+05  -2.3628052e+06
   5.6046926e+05  -2.3618052e+06
   5.6046926e+05  -2.3608052e+06
   5.6046926e+05  -2.3598052e+06
   5.6046926e+05  -2.3588052e+06
   5.6046926e+05  -2.3578052e+06
   5.6046926e+05  -2.3568052e+06
   5.6046926e+05  -2.3558052e+06
   5.6046926e+05  -2.3548052e+06
   5.6046926e+05  -2.3538052e+06
   5.6046926e+05  -2.3528052e+06
   5.6046926e+05  -2.3518052e+06
   5.6046926e+05  -2.3508052e+06
   5.6046926e+05  -2.3498052e+06
   5.6046926e+05  -2.3488052e+06
   5.6046926e+05  -2.3478052e+06
   5.6046926e+05  -2.3468052e+06
   5.6046926e+05  -2.3458052e+06
   5.6046926e+05  -2.3448052e+06
   5.6046926e+05  -2.3438052e+06
   5.6046926e+05  -2.3428052e+06
   5.6046926e+05  -2.3418052e+06
   5.6046926e+05  -2.3408052e+06
   5.6046926e+05  -2.3398052e+06
   5.6046926e+05  -2.3388052e+06
   5.6046926e+05  -2.3378052e+06
   5.6046926e+05  -2.3368052e+06
   5.6046926e+05  -2.3358052e+06
   5.6046926e+05  -2.3348052e+06
   5.6046926e+05  -2.3338052e+06
   5.6046926e+05  -2.3328052e+06
   5.6046926e+05  -2.3318052e+06
   5.6046926e+05  -2.3308052e+06
   5.6046926e+05  -2.3298052e+06
   5.6046926e+05  -2.3288052e+06
   5.6046926e+05  -2.3278052e+06
   5.6046926e+05  -2.3268052e+06
   5.6046926e+05  -2.3258052e+06
   5.6046926e+05  -2.3248052e+06
   5.6046926e+05  -2.3238052e+06
   5.6046926e+05  -2.3228052e+06
   5.6046926e+05  -2.3218052e+06
   5.6046926e+05  -2.3208052e+06
   5.6046926e+05  -2.3198052e+06
   5.6046926e+05  -2.3188052e+06
   5.6046926e+05  -2.3178052e+06
   5.6046926e+05  -2.3168052e+06
   5.6046926e+05  -2.3158052e+06
   5.6046926e+05  -2.3148052e+06
   5.6046926e+05  -2.3138052e+06
   5.6046926e+05  -2.3128052e+06
   5.6046926e+05  -2.3118052e+06
   5.6046926e+05  -2.3108052e+06
   5.6046926e+05  -2.3098052e+06
   5.6046926e+05  -2.3088052e+06
   5.6046926e+05  -2.3078052e+06
   5.6046926e+05  -2.3068052e+06
   5.6046926e+05  -2.3058052e+06
   5.6046926e+05  -2.3048052e+06
   5.6046926e+05  -2.3038052e+06
   5.6046926e+05  -2.3028052e+06
   5.6046926e+05  -2.3018052e+06
   5.6046926e+05  -2.3008052e+06
   5.6046926e+05  -2.2998052e+06
   5.6046926e+05  -2.2988052e+06
   5.6046926e+05  -2.2978052e+06
   5.6046926e+05  -2.2968052e+06
   5.6046926e+05  -2.2958052e+06
   5.6046926e+05  -2.2948052e+06
   5.6046926e+05  -2.2938052e+06
   5.6046926e+05  -2.2928052e+06
   5.6046926e+05  -2.2918052e+06
   5.6046926e+05  -2.2908052e+06
   5.6046926e+05  -2.2898052e+06
   5.6046926e+05  -2.2888052e+06
   5.6046926e+05  -2.2878052e+06
   5.6046926e+05  -2.2868052e+06
   5.6046926e+05  -2.2858052e+06
   5.6046926e+05  -2.2848052e+06
   5.6046926e+05  -2.2838052e+06
   5.6046926e+05  -2.2828052e+06
   5.6046926e+05  -2.2818052e+06
   5.6046926e+05  -2.2808052e+06
   5.6046926e+05  -2.2798052e+06
   5.6046926e+05  -2.2788052e+06
   5.6046926e+05  -2.2778052e+06
   5.6046926e+05  -2.2768052e+06
   5.6046926e+05  -2.2758052e+06
   5.6046926e+05  -2.2748052e+06
   5.6046926e+05  -2.2738052e+06
   5.6046926e+05  -2.2728052e+06
   5.6046926e+05  -2.2718052e+06
   5.6046926e+05  -2.2708052e+06
   5.6046926e+05  -2.2698052e+06
   5.6046926e+05  -2.2688052e+06
   5.6046926e+05  -2.2678052e+06
   5.6046926e+05  -2.2668052e+06
   5.6046926e+05  -2.2658052e+06
   5.6046926e+05  -2.2648052e+06
   5.6046926e+05  -2.2638052e+06
   5.6046926e+05  -2.2628052e+06
   5.6046926e+05  -2.2618052e+06
   5.6046926e+05  -2.2608052e+06
   5.6046926e+05  -2.2598052e+06
   5.6046926e+05  -2.2588052e+06
   5.6046926e+05  -2.2578052e+06
   5.6046926e+05  -2.2568052e+06
   5.6046926e+05  -2.2558052e+06
   5.6046926e+05  -2.2548052e+06
   5.6046926e+05  -2.2538052e+06
   5.6046926e+05  -2.2528052e+06
   5.6046926e+05  -2.2518052e+06
   5.6046926e+05  -2.2508052e+06
   5.6046926e+05  -2.2498052e+06
   5.6046926e+05  -2.2488052e+06
   5.6046926e+05  -2.2478052e+06
   5.6046926e+05  -2.2468052e+06
   5.6046926e+05  -2.2458052e+06
   5.6046926e+05  -2.2448052e+06
   5.6046926e+05  -2.2438052e+06
   5.6046926e+05  -2.2428052e+06
   5.6046926e+05  -2.2418052e+06
   5.6046926e+05  -2.2408052e+06
   5.6046926e+05  -2.2398052e+06
   5.6046926e+05  -2.2388052e+06
   5.6046926e+05  -2.2378052e+06
   5.6046926e+05  -2.2368052e+06
   5.6046926e+05  -2.2358052e+06
   5.6046926e+05  -2.2348052e+06
   5.6046926e+05  -2.2338052e+06
   5.6046926e+05  -2.2328052e+06
   5.6046926e+05  -2.2318052e+06
   5.6046926e+05  -2.2308052e+06
   5.6046926e+05  -2.2298052e+06
   5.6046926e+05  -2.2288052e+06
   5.6046926e+05  -2.2278052e+06
   5.6046926e+05  -2.2268052e+06
   5.6046926e+05  -2.2258052e+06
   5.6046926e+05  -2.2248052e+06
   5.6046926e+05  -2.2238052e+06
   5.6046926e+05  -2.2228052e+06
   5.6046926e+05  -2.2218052e+06
   5.6046926e+05  -2.2208052e+06
   5.6046926e+05  -2.2198052e+06
   5.6046926e+05  -2.2188052e+06
   5.6046926e+05  -2.2178052e+06
   5.6046926e+05  -2.2168052e+06
   5.6046926e+05  -2.2158052e+06
   5.6046926e+05  -2.2148052e+06
   5.6046926e+05  -2.2138052e+06
   5.6046926e+05  -2.2128052e+06
   5.6046926e+05  -2.2118052e+06
   5.6046926e+05  -2.2108052e+06
   5.6046926e+05  -2.2098052e+06
   5.6046926e+05  -2.2088052e+06
   5.6046926e+05  -2.2078052e+06
   5.6046926e+05  -2.2068052e+06
   5.6046926e+05  -2.2058052e+06
   5.6046926e+05  -2.2048052e+06
   5.6046926e+05  -2.2038052e+06
   5.6046926e+05  -2.2028052e+06
   5.6046926e+05  -2.2018052e+06
   5.6046926e+05  -2.2008052e+06
   5.6046926e+05  -2.1998052e+06
   5.6046926e+05  -2.1988052e+06
   5.6046926e+05  -2.1978052e+06
   5.6046926e+05  -2.1968052e+06
   5.6046926e+05  -2.1958052e+06
   5.6046926e+05  -2.1948052e+06
   5.6046926e+05  -2.1938052e+06
   5.6046926e+05  -2.1928052e+06
   5.6046926e+05  -2.1918052e+06
   5.6046926e+05  -2.1908052e+06
   5.6046926e+05  -2.1898052e+06
   5.6046926e+05  -2.1888052e+06
   5.6046926e+05  -2.1878052e+06
   5.6046926e+05  -2.1868052e+06
   5.6046926e+05  -2.1858052e+06
   5.6046926e+05  -2.1848052e+06
   5.6046926e+05  -2.1838052e+06
   5.6046926e+05  -2.1828052e+06
   5.6046926e+05  -2.1818052e+06
   5.6046926e+05  -2.1808052e+06
   5.6046926e+05  -2.1798052e+06
   5.6046926e+05  -2.1788052e+06
   5.6046926e+05  -2.1778052e+06
   5.6046926e+05  -2.1768052e+06
   5.6046926e+05  -2.1758052e+06
   5.6046926e+05  -2.1748052e+06
   5.6046926e+05  -2.1738052e+06
   5.6046926e+05  -2.1728052e+06
   5.6046926e+05  -2.1718052e+06
   5.6046926e+05  -2.1708052e+06
   5.6046926e+05  -2.1698052e+06
   5.6046926e+05  -2.1688052e+06
   5.6046926e+05  -2.1678052e+06
   5.6046926e+05  -2.1668052e+06
   5.6046926e+05  -2.1658052e+06
   5.6046926e+05  -2.1648052e+06
   5.6046926e+05  -2.1638052e+06
   5.6046926e+05  -2.1628052e+06
   5.6046926e+05  -2.1618052e+06
   5.6046926e+05  -2.1608052e+06
   5.6046926e+05  -2.1598052e+06
   5.6046926e+05  -2.1588052e+06
   5.6046926e+05  -2.1578052e+06
   5.6046926e+05  -2.1568052e+06
   5.6046926e+05  -2.1558052e+06
   5.6046926e+05  -2.1548052e+06
   5.6046926e+05  -2.1538052e+06
   5.6046926e+05  -2.1528052e+06
   5.6046926e+05  -2.1518052e+06
   5.6046926e+05  -2.1508052e+06
   5.6046926e+05  -2.1498052e+06
   5.6046926e+05  -2.1488052e+06
   5.6046926e+05  -2.1478052e+06
   5.6046926e+05  -2.1468052e+06
   5.6046926e+05  -2.1458052e+06
   5.6046926e+05  -2.1448052e+06
   5.6046926e+05  -2.1438052e+06
   5.6046926e+05  -2.1428052e+06
   5.6046926e+05  -2.1418052e+06
   5.6046926e+05  -2.1408052e+06
   5.6046926e+05  -2.1398052e+06
   5.6046926e+05  -2.1388052e+06
   5.6046926e+05  -2.1378052e+06
   5.6046926e+05  -2.1368052e+06
   5.6046926e+05  -2.1358052e+06
   5.6046926e+05  -2.1348052e+06
   5.6046926e+05  -2.1338052e+06
   5.6046926e+05  -2.1328052e+06
   5.6046926e+05  -2.1318052e+06
   5.6046926e+05  -2.1308052e+06
   5.6046926e+05  -2.1298052e+06
   5.6046926e+05  -2.1288052e+06
   5.6046926e+05  -2.1268886e+06
   5.6046926e+05  -2.1240552e+06
   5.6046926e+05  -2.1203052e+06
   5.6046926e+05  -2.1156386e+06
   5.6046926e+05  -2.1100552e+06
   5.6046926e+05  -2.1035552e+06
   5.6046926e+05  -2.0961386e+06
   5.6046926e+05  -2.0878052e+06
457
   5.6046926e+05  -2.0878052e+06
   5.5807518e+05  -2.0878052e+06
   5.5572917e+05  -2.0878052e+06
   5.5343124e+05  -2.0878052e+06
   5.5118138e+05  -2.0878052e+06
   5.4897959e+05  -2.0878052e+06
   5.4682587e+05  -2.0878052e+06
   5.4472022e+05  -2.0878052e+06
   5.4266265e+05  -2.0878052e+06
   5.4065315e+05  -2.0878052e+06
   5.3869171e+05  -2.0878052e+06
   5.3677835e+05  -2.0878052e+06
   5.3491306e+05  -2.0878052e+06
   5.3309585e+05  -2.0878052e+06
   5.3132670e+05  -2.0878052e+06
   5.2960563e+05  -2.0878052e+06
   5.2793262e+05  -2.0878052e+06
   5.2630769e+05  -2.0878052e+06
   5.2473083e+05  -2.0878052e+06
   5.2320205e+05  -2.0878052e+06
   5.2172133e+05  -2.0878052e+06
   5.2028869e+05  -2.0878052e+06
   5.1890411e+05  -2.0878052e+06
   5.1756761e+05  -2.0878052e+06
   5.1627918e+05  -2.0878052e+06
   5.1503883e+05  -2.0878052e+06
   5.1384654e+05  -2.0878052e+06
   5.1270232e+05  -2.0878052e+06
   5.1160618e+05  -2.0878052e+06
   5.1055811e+05  -2.0878052e+06
   5.0955811e+05  -2.0878052e+06
   5.0855811e+05  -2.0878052e+06
   5.0755811e+05  -2.0878052e+06
   5.0655811e+05  -2.0878052e+06
   5.0555811e+05  -2.0878052e+06
   5.0455811e+05  -2.0878052e+06
   5.0355811e+05  -2.0878052e+06
   5.0255811e+05  -2.0878052e+06
   5.0155811e+05  -2.0878052e+06
   5.0055811e+05  -2.0878052e+06
   4.9955811e+05  -2.0878052e+06
   4.9855811e+05  -2.0878052e+06
   4.9755811e+05  -2.0878052e+06
   4.9655811e+05  -2.0878052e+06
   4.9555811e+05  -2.0878052e+06
   4.9455811e+05  -2.0878052e+06
   4.9355811e+05  -2.0878052e+06
   4.9255811e+05  -2.0878052e+06
   4.9155811e+05  -2.0878052e+06
   4.9055811e+05  -2.0878052e+06
   4.8955811e+05  -2.0878052e+06
   4.8855811e+05  -2.0878052e+06
   4.8755811e+05  -2.0878052e+06
   4.8655811e+05  -2.0878052e+06
   4.8555811e+05  -2.0878052e+06
   4.8455811e+05  -2.0878052e+06
   4.8355811e+05  -2.0878052e+06
   4.8255811e+05  -2.0878052e+06
   4.8155811e+05  -2.0878052e+06
   4.8055811e+05  -2.0878052e+06
   4.7955811e+05  -2.0878052e+06
   4.7855811e+05  -2.0878052e+06
   4.7755811e+05  -2.0878052e+06
   4.7655811e+05  -2.0878052e+06
   4.7555811e+05  -2.0878052e+06
   4.7455811e+05  -2.0878052e+06
   4.7355811e+05  -2.0878052e+06
   4.7255811e+05  -2.0878052e+06
   4.7155811e+05  -2.0878052e+06
   4.7055811e+05  -2.0878052e+06
   4.6955811e+05  -2.0878052e+06
   4.6855811e+05  -2.0878052e+06
   4.6755811e+05  -2.0878052e+06
   4.6655811e+05  -2.0878052e+06
   4.6555811e+05  -2.0878052e+06
   4.6455811e+05  -2.0878052e+06
   4.6355811e+05  -2.0878052e+06
   4.6255811e+05  -2.0878052e+06
   4.6155811e+05  -2.0878052e+06
   4.6055811e+05  -2.0878052e+06
   4.5955811e+05  -2.0878052e+06
   4.5855811e+05  -2.0878052e+06
   4.5755811e+05  -2.0878052e+06
   4.5655811e+05  -2.0878052e+06
   4.5555811e+05  -2.0878052e+06
   4.5455811e+05  -2.0878052e+06
   4.5355811e+05  -2.0878052e+06
   4.5255811e+05  -2.0878052e+06
   4.5155811e+05  -2.0878052e+06
   4.5055811e+05  -2.0878052e+06
   4.4955811e+05  -2.0878052e+06
   4.4855811e+05  -2.0878052e+06
   4.4755811e+05  -2.0878052e+06
   4.4655811e+05  -2.0878052e+06
   4.4555811e+05  -2.0878052e+06
   4.4455811e+05  -2.0878052e+06
   4.4355811e+05  -2.0878052e+06
   4.4255811e+05  -2.0878052e+06
   4.4155811e+05  -2.0878052e+06
   4.4055811e+05  -2.0878052e+06
   4.3955811e+05  -2.0878052e+06
   4.3855811e+05  -2.0878052e+06
   4.3755811e+05  -2.0878052e+06
   4.3655811e+05  -2.0878052e+06
   4.3555811e+05  -2.0878052e+06
   4.3455811e+05  -2.0878052e+06
   4.3355811e+05  -2.0878052e+06
   4.3255811e+05  -2.0878052e+06
   4.3155811e+05  -2.0878052e+06
   4.3055811e+05  -2.0878052e+06
   4.2955811e+05  -2.0878052e+06
   4.2855811e+05  -2.0878052e+06
   4.2755811e+05  -2.0878052e+06
   4.2655811e+05  -2.0878052e+06
   4.2555811e+05  -2.0878052e+06
   4.2455811e+05  -2.0878052e+06
   4.2355811e+05  -2.0878052e+06
   4.2255811e+05  -2.0878052e+06
   4.2155811e+05  -2.0878052e+06
   4.2055811e+05  -2.0878052e+06
   4.1955811e+05  -2.0878052e+06
   4.1855811e+05  -2.0878052e+06
   4.1755811e+05  -2.0878052e+06
   4.1655811e+05  -2.0878052e+06
   4.1555811e+05  -2.0878052e+06
   4.1455811e+05  -2.0878052e+06
   4.1355811e+05  -2.0878052e+06
   4.1255811e+05  -2.0878052e+06
   4.1155811e+05  -2.0878052e+06
   4.1055811e+05  -2.0878052e+06
   4.0955811e+05  -2.0878052e+06
   4.0855811e+05  -2.0878052e+06
   4.0755811e+05  -2.0878052e+06
   4.0655811e+05  -2.0878052e+06
   4.0555811e+05  -2.0878052e+06
   4.0455811e+05  -2.0878052e+06
   4.0355811e+05  -2.0878052e+06
   4.0255811e+05  -2.0878052e+06
   4.0155811e+05  -2.0878052e+06
   4.0055811e+05  -2.0878052e+06
   3.9955811e+05  -2.0878052e+06
   3.9855811e+05  -2.0878052e+06
   3.9755811e+05  -2.0878052e+06
   3.9655811e+05  -2.0878052e+06
   3.9555811e+05  -2.0878052e+06
   3.9455811e+05  -2.0878052e+06
   3.9355811e+05  -2.0878052e+06
   3.9255811e+05  -2.0878052e+06
   3.9155811e+05  -2.0878052e+06
   3.9055811e+05  -2.0878052e+06
   3.8955811e+05  -2.0878052e+06
   3.8855811e+05  -2.0878052e+06
   3.8755811e+05  -2.0878052e+06
   3.8655811e+05  -2.0878052e+06
   3.8555811e+05  -2.0878052e+06
   3.8455811e+05  -2.0878052e+06
   3.8355811e+05  -2.0878052e+06
   3.8255811e+05  -2.0878052e+06
   3.8155811e+05  -2.0878052e+06
   3.8055811e+05  -2.0878052e+06
   3.7955811e+05  -2.0878052e+06
   3.7855811e+05  -2.0878052e+06
   3.7755811e+05  -2.0878052e+06
   3.7655811e+05  -2.0878052e+06
   3.7555811e+05  -2.0878052e+06
   3.7455811e+05  -2.0878052e+06
   3.7355811e+05  -2.0878052e+06
   3.7255811e+05  -2.0878052e+06
   3.7155811e+05  -2.0878052e+06
   3.7055811e+05  -2.0878052e+06
   3.6955811e+05  -2.0878052e+06
   3.6855811e+05  -2.0878052e+06
   3.6755811e+05  -2.0878052e+06
   3.6655811e+05  -2.0878052e+06
   3.6555811e+05  -2.0878052e+06
   3.6455811e+05  -2.0878052e+06
   3.6355811e+05  -2.0878052e+06
   3.6255811e+05  -2.0878052e+06
   3.6155811e+05  -2.0878052e+06
   3.6055811e+05  -2.0878052e+06
   3.5955811e+05  -2.0878052e+06
   3.5855811e+05  -2.0878052e+06
   3.5755811e+05  -2.0878052e+06
   3.5655811e+05  -2.0878052e+06
   3.5555811e+05  -2.0878052e+06
   3.5455811e+05  -2.0878052e+06
   3.5355811e+05  -2.0878052e+06
   3.5255811e+05  -2.0878052e+06
   3.5155811e+05  -2.0878052e+06
   3.5055811e+05  -2.0878052e+06
   3.4955811e+05  -2.0878052e+06
   3.4855811e+05  -2.0878052e+06
   3.4755811e+05  -2.0878052e+06
   3.4655811e+05  -2.0878052e+06
   3.4555811e+05  -2.0878052e+06
   3.4455811e+05  -2.0878052e+06
   3.4355811e+05  -2.0878052e+06
   3.4255811e+05  -2.0878052e+06
   3.4155811e+05  -2.0878052e+06
   3.4055811e+05  -2.0878052e+06
   3.3955811e+05  -2.0878052e+06
   3.3855811e+05  -2.0878052e+06
   3.3755811e+05  -2.0878052e+06
   3.3655811e+05  -2.0878052e+06
   3.3555811e+05  -2.0878052e+06
   3.3455811e+05  -2.0878052e+06
   3.3355811e+05  -2.0878052e+06
   3.3255811e+05  -2.0878052e+06
   3.3155811e+05  -2.0878052e+06
   3.3055811e+05  -2.0878052e+06
   3.2955811e+05  -2.0878052e+06
   3.2855811e+05  -2.0878052e+06
   3.2755811e+05  -2.0878052e+06
   3.2655811e+05  -2.0878052e+06
   3.2555811e+05  -2.0878052e+06
   3.2455811e+05  -2.0878052e+06
   3.2355811e+05  -2.0878052e+06
   3.2255811e+05  -2.0878052e+06
   3.2155811e+05  -2.0878052e+06
   3.2055811e+05  -2.0878052e+06
   3.1955811e+05  -2.0878052e+06
   3.1855811e+05  -2.0878052e+06
   3.1755811e+05  -2.0878052e+06
   3.1655811e+05  -2.0878052e+06
   3.1555811e+05  -2.0878052e+06
   3.1455811e+05  -2.0878052e+06
   3.1355811e+05  -2.0878052e+06
   3.1255811e+05  -2.0878052e+06
   3.1155811e+05  -2.0878052e+06
   3.1055811e+05  -2.0878052e+06
   3.0955811e+05  -2.0878052e+06
   3.0855811e+05  -2.0878052e+06
   3.0755811e+05  -2.0878052e+06
   3.0655811e+05  -2.0878052e+06
   3.0555811e+05  -2.0878052e+06
   3.0455811e+05  -2.0878052e+06
   3.0355811e+05  -2.0878052e+06
   3.0255811e+05  -2.0878052e+06
   3.0155811e+05  -2.0878052e+06
   3.0055811e+05  -2.0878052e+06
   2.9955811e+05  -2.0878052e+06
   2.9855811e+05  -2.0878052e+06
   2.9755811e+05  -2.0878052e+06
   2.9655811e+05  -2.0878052e+06
   2.9555811e+05  -2.0878052e+06
   2.9455811e+05  -2.0878052e+06
   2.9355811e+05  -2.0878052e+06
   2.9255811e+05  -2.0878052e+06
   2.9155811e+05  -2.0878052e+06
   2.9055811e+05  -2.0878052e+06
   2.8955811e+05  -2.0878052e+06
   2.8855811e+05  -2.0878052e+06
   2.8755811e+05  -2.0878052e+06
   2.8655811e+05  -2.0878052e+06
   2.8555811e+05  -2.0878052e+06
   2.8455811e+05  -2.0878052e+06
   2.8355811e+05  -2.0878052e+06
   2.8255811e+05  -2.0878052e+06
   2.8155811e+05  -2.0878052e+06
   2.8055811e+05  -2.0878052e+06
   2.7955811e+05  -2.0878052e+06
   2.7855811e+05  -2.0878052e+06
   2.7755811e+05  -2.0878052e+06
   2.7655811e+05  -2.0878052e+06
   2.7555811e+05  -2.0878052e+06
   2.7455811e+05  -2.0878052e+06
   2.7355811e+05  -2.0878052e+06
   2.7255811e+05  -2.0878052e+06
   2.7155811e+05  -2.0878052e+06
   2.7055811e+05  -2.0878052e+06
   2.6955811e+05  -2.0878052e+06
   2.6855811e+05  -2.0878052e+06
   2.6755811e+05  -2.0878052e+06
   2.6655811e+05  -2.0878052e+06
   2.6555811e+05  -2.0878052e+06
   2.6455811e+05  -2.0878052e+06
   2.6355811e+05  -2.0878052e+06
   2.6255811e+05  -2.0878052e+06
   2.6155811e+05  -2.0878052e+06
   2.6055811e+05  -2.0878052e+06
   2.5955811e+05  -2.0878052e+06
   2.5855811e+05  -2.0878052e+06
   2.5755811e+05  -2.0878052e+06
   2.5655811e+05  -2.0878052e+06
   2.5555811e+05  -2.0878052e+06
   2.5455811e+05  -2.0878052e+06
   2.5355811e+05  -2.0878052e+06
   2.5255811e+05  -2.0878052e+06
   2.5155811e+05  -2.0878052e+06
   2.5055811e+05  -2.0878052e+06
   2.4955811e+05  -2.0878052e+06
   2.4855811e+05  -2.0878052e+06
   2.4755811e+05  -2.0878052e+06
   2.4655811e+05  -2.0878052e+06
   2.4555811e+05  -2.0878052e+06
   2.4455811e+05  -2.0878052e+06
   2.4355811e+05  -2.0878052e+06
   2.4255811e+05  -2.0878052e+06
   2.4155811e+05  -2.0878052e+06
   2.4055811e+05  -2.0878052e+06
   2.3955811e+05  -2.0878052e+06
   2.3855811e+05  -2.0878052e+06
   2.3755811e+05  -2.0878052e+06
   2.3655811e+05  -2.0878052e+06
   2.3555811e+05  -2.0878052e+06
   2.3455811e+05  -2.0878052e+06
   2.3355811e+05  -2.0878052e+06
   2.3255811e+05  -2.0878052e+06
   2.3155811e+05  -2.0878052e+06
   2.3055811e+05  -2.0878052e+06
   2.2955811e+05  -2.0878052e+06
   2.2855811e+05  -2.0878052e+06
   2.2755811e+05  -2.0878052e+06
   2.2655811e+05  -2.0878052e+06
   2.2555811e+05  -2.0878052e+06
   2.2455811e+05  -2.0878052e+06
   2.2355811e+05  -2.0878052e+06
   2.2255811e+05  -2.0878052e+06
   2.2155811e+05  -2.0878052e+06
   2.2055811e+05  -2.0878052e+06
   2.1955811e+05  -2.0878052e+06
   2.1855811e+05  -2.0878052e+06
   2.1755811e+05  -2.0878052e+06
   2.1655811e+05  -2.0878052e+06
   2.1555811e+05  -2.0878052e+06
   2.1455811e+05  -2.0878052e+06
   2.1355811e+05  -2.0878052e+06
   2.1255811e+05  -2.0878052e+06
   2.1155811e+05  -2.0878052e+06
   2.1055811e+05  -2.0878052e+06
   2.0955811e+05  -2.0878052e+06
   2.0855811e+05  -2.0878052e+06
   2.0755811e+05  -2.0878052e+06
   2.0655811e+05  -2.0878052e+06
   2.0555811e+05  -2.0878052e+06
   2.0455811e+05  -2.0878052e+06
   2.0355811e+05  -2.0878052e+06
   2.0255811e+05  -2.0878052e+06
   2.0155811e+05  -2.0878052e+06
   2.0055811e+05  -2.0878052e+06
   1.9955811e+05  -2.0878052e+06
   1.9855811e+05  -2.0878052e+06
   1.9755811e+05  -2.0878052e+06
   1.9655811e+05  -2.0878052e+06
   1.9555811e+05  -2.0878052e+06
   1.9455811e+05  -2.0878052e+06
   1.9355811e+05  -2.0878052e+06
   1.9255811e+05  -2.0878052e+06
   1.9155811e+05  -2.0878052e+06
   1.9055811e+05  -2.0878052e+06
   1.8955811e+05  -2.0878052e+06
   1.8855811e+05  -2.0878052e+06
   1.8755811e+05  -2.0878052e+06
   1.8655811e+05  -2.0878052e+06
   1.8555811e+05  -2.0878052e+06
   1.8455811e+05  -2.0878052e+06
   1.8355811e+05  -2.0878052e+06
   1.8255811e+05  -2.0878052e+06
   1.8155811e+05  -2.0878052e+06
   1.8055811e+05  -2.0878052e+06
   1.7955811e+05  -2.0878052e+06
   1.7855811e+05  -2.0878052e+06
   1.7755811e+05  -2.0878052e+06
   1.7655811e+05  -2.0878052e+06
   1.7555811e+05  -2.0878052e+06
   1.7455811e+05  -2.0878052e+06
   1.7355811e+05  -2.0878052e+06
   1.7255811e+05  -2.0878052e+06
   1.7155811e+05  -2.0878052e+06
   1.7055811e+05  -2.0878052e+06
   1.6955811e+05  -2.0878052e+06
   1.6855811e+05  -2.0878052e+06
   1.6755811e+05  -2.0878052e+06
   1.6655811e+05  -2.0878052e+06
   1.6555811e+05  -2.0878052e+06
   1.6455811e+05  -2.0878052e+06
   1.6355811e+05  -2.0878052e+06
   1.6255811e+05  -2.0878052e+06
   1.6155811e+05  -2.0878052e+06
   1.6055811e+05  -2.0878052e+06
   1.5955811e+05  -2.0878052e+06
   1.5855811e+05  -2.0878052e+06
   1.5755811e+05  -2.0878052e+06
   1.5655811e+05  -2.0878052e+06
   1.5555811e+05  -2.0878052e+06
   1.5455811e+05  -2.0878052e+06
   1.5355811e+05  -2.0878052e+06
   1.5255811e+05  -2.0878052e+06
   1.5155811e+05  -2.0878052e+06
   1.5055811e+05  -2.0878052e+06
   1.4955811e+05  -2.0878052e+06
   1.4855811e+05  -2.0878052e+06
   1.4755811e+05  -2.0878052e+06
   1.4655811e+05  -2.0878052e+06
   1.4555811e+05  -2.0878052e+06
   1.4455811e+05  -2.0878052e+06
   1.4355811e+05  -2.0878052e+06
   1.4255811e+05  -2.0878052e+06
   1.4155811e+05  -2.0878052e+06
   1.4055811e+05  -2.0878052e+06
   1.3955811e+05  -2.0878052e+06
   1.3855811e+05  -2.0878052e+06
   1.3755811e+05  -2.0878052e+06
   1.3655811e+05  -2.0878052e+06
   1.3555811e+05  -2.0878052e+06
   1.3455811e+05  -2.0878052e+06
   1.3355811e+05  -2.0878052e+06
   1.3255811e+05  -2.0878052e+06
   1.3155811e+05  -2.0878052e+06
   1.3055811e+05  -2.0878052e+06
   1.2955811e+05  -2.0878052e+06
   1.2855811e+05  -2.0878052e+06
   1.2755811e+05  -2.0878052e+06
   1.2655811e+05  -2.0878052e+06
   1.2555811e+05  -2.0878052e+06
   1.2455811e+05  -2.0878052e+06
   1.2355811e+05  -2.0878052e+06
   1.2255811e+05  -2.0878052e+06
   1.2155811e+05  -2.0878052e+06
   1.2055811e+05  -2.0878052e+06
   1.1955811e+05  -2.0878052e+06
   1.1855811e+05  -2.0878052e+06
   1.1755811e+05  -2.0878052e+06
   1.1655811e+05  -2.0878052e+06
   1.1555811e+05  -2.0878052e+06
   1.1455811e+05  -2.0878052e+06
   1.1355811e+05  -2.0878052e+06
   1.1255811e+05  -2.0878052e+06
   1.1151004e+05  -2.0878052e+06
   1.1041389e+05  -2.0878052e+06
   1.0926968e+05  -2.0878052e+06
   1.0807739e+05  -2.0878052e+06
   1.0683704e+05  -2.0878052e+06
   1.0554861e+05  -2.0878052e+06
   1.0421210e+05  -2.0878052e+06
   1.0282753e+05  -2.0878052e+06
   1.0139489e+05  -2.0878052e+06
   9.9914171e+04  -2.0878052e+06
   9.8385384e+04  -2.0878052e+06
   9.6808525e+04  -2.0878052e+06
   9.5183594e+04  -2.0878052e+06
   9.3510591e+04  -2.0878052e+06
   9.1789517e+04  -2.0878052e+06
   9.0020372e+04  -2.0878052e+06
   8.8203155e+04  -2.0878052e+06
   8.6337866e+04  -2.0878052e+06
   8.4424505e+04  -2.0878052e+06
   8.2463073e+04  -2.0878052e+06
   8.0453570e+04  -2.0878052e+06
   7.8395995e+04  -2.0878052e+06
   7.6290348e+04  -2.0878052e+06
   7.4136629e+04  -2.0878052e+06
   7.1934839e+04  -2.0878052e+06
   6.9684978e+04  -2.0878052e+06
   6.7387045e+04  -2.0878052e+06
   6.5041040e+04  -2.0878052e+06
   6.2646963e+04  -2.0878052e+06
