   6.9000126e+01  -1.1761815e+01
   6.9000126e+01  -1.1655103e+01
   6.9000126e+01  -1.1554372e+01
   6.9000126e+01  -1.1466119e+01
   6.9000126e+01  -1.1397121e+01
   6.9000126e+01  -1.1347378e+01
   6.9000126e+01  -1.1310113e+01
   6.9000126e+01  -1.1278830e+01
   6.9000126e+01  -1.1250000e+01
   6.9000126e+01  -1.1222669e+01
   6.9000126e+01  -1.1195338e+01
   6.9000126e+01  -1.1168006e+01
   6.9000126e+01  -1.1140675e+01
   6.9000126e+01  -1.1113344e+01
   6.9000126e+01  -1.1086013e+01
   6.9000126e+01  -1.1058682e+01
   6.9000126e+01  -1.1031350e+01
   6.9000126e+01  -1.1004019e+01
   6.9000126e+01  -1.0976688e+01
   6.9000126e+01  -1.0949357e+01
   6.9000126e+01  -1.0922026e+01
   6.9000126e+01  -1.0894695e+01
   6.9000126e+01  -1.0867363e+01
   6.9000126e+01  -1.0840032e+01
   6.9000126e+01  -1.0812701e+01
   6.9000126e+01  -1.0785370e+01
   6.9000126e+01  -1.0758039e+01
   6.9000126e+01  -1.0730707e+01
   6.9000126e+01  -1.0703376e+01
   6.9000126e+01  -1.0676045e+01
   6.9000126e+01  -1.0648714e+01
   6.9000126e+01  -1.0621383e+01
   6.9000126e+01  -1.0594051e+01
   6.9000126e+01  -1.0566720e+01
   6.9000126e+01  -1.0539389e+01
   6.9000126e+01  -1.0512058e+01
   6.9000126e+01  -1.0484727e+01
   6.9000126e+01  -1.0457395e+01
   6.9000126e+01  -1.0430064e+01
   6.9000126e+01  -1.0402733e+01
   6.9000126e+01  -1.0375402e+01
   6.9000126e+01  -1.0348071e+01
   6.9000126e+01  -1.0320740e+01
   6.9000126e+01  -1.0293408e+01
   6.9000126e+01  -1.0266077e+01
   6.9000126e+01  -1.0238746e+01
   6.9000126e+01  -1.0211415e+01
   6.9000126e+01  -1.0184084e+01
   6.9000126e+01  -1.0156752e+01
   6.9000126e+01  -1.0129421e+01
   6.9000126e+01  -1.0102090e+01
   6.9000126e+01  -1.0074759e+01
   6.9000126e+01  -1.0047428e+01
   6.9000126e+01  -1.0020096e+01
   6.9000126e+01  -9.9927653e+00
   6.9000126e+01  -9.9654341e+00
   6.9000126e+01  -9.9381029e+00
   6.9000126e+01  -9.9107717e+00
   6.9000126e+01  -9.8834405e+00
   6.9000126e+01  -9.8561093e+00
   6.9000126e+01  -9.8287781e+00
   6.9000126e+01  -9.8014469e+00
   6.9000126e+01  -9.7741158e+00
   6.9000126e+01  -9.7467846e+00
   6.9000126e+01  -9.7194534e+00
   6.9000126e+01  -9.6921222e+00
   6.9000126e+01  -9.6647910e+00
   6.9000126e+01  -9.6374598e+00
   6.9000126e+01  -9.6101286e+00
   6.9000126e+01  -9.5827974e+00
   6.9000126e+01  -9.5554662e+00
   6.9000126e+01  -9.5281350e+00
   6.9000126e+01  -9.5008039e+00
   6.9000126e+01  -9.4734727e+00
   6.9000126e+01  -9.4461415e+00
   6.9000126e+01  -9.4188103e+00
   6.9000126e+01  -9.3914791e+00
   6.9000126e+01  -9.3641479e+00
   6.9000126e+01  -9.3368167e+00
   6.9000126e+01  -9.3094855e+00
   6.9000126e+01  -9.2821543e+00
   6.9000126e+01  -9.2548232e+00
   6.9000126e+01  -9.2274920e+00
   6.9000126e+01  -9.2001608e+00
   6.9000126e+01  -9.1728296e+00
   6.9000126e+01  -9.1454984e+00
   6.9000126e+01  -9.1181672e+00
   6.9000126e+01  -9.0908360e+00
   6.9000126e+01  -9.0635048e+00
   6.9000126e+01  -9.0361736e+00
   6.9000126e+01  -9.0088424e+00
   6.9000126e+01  -8.9815113e+00
   6.9000126e+01  -8.9541801e+00
   6.9000126e+01  -8.9268489e+00
   6.9000126e+01  -8.8995177e+00
   6.9000126e+01  -8.8721865e+00
   6.9000126e+01  -8.8448553e+00
   6.9000126e+01  -8.8175241e+00
   6.9000126e+01  -8.7901929e+00
   6.9000126e+01  -8.7628617e+00
   6.9000126e+01  -8.7355305e+00
   6.9000126e+01  -8.7081994e+00
   6.9000126e+01  -8.6808682e+00
   6.9000126e+01  -8.6535370e+00
   6.9000126e+01  -8.6262058e+00
   6.9000126e+01  -8.5988746e+00
   6.9000126e+01  -8.5715434e+00
   6.9000126e+01  -8.5442122e+00
   6.9000126e+01  -8.5168810e+00
   6.9000126e+01  -8.4895498e+00
   6.9000126e+01  -8.4622186e+00
   6.9000126e+01  -8.4348875e+00
   6.9000126e+01  -8.4075563e+00
   6.9000126e+01  -8.3802251e+00
   6.9000126e+01  -8.3528939e+00
   6.9000126e+01  -8.3255627e+00
   6.9000126e+01  -8.2982315e+00
   6.9000126e+01  -8.2709003e+00
   6.9000126e+01  -8.2435691e+00
   6.9000126e+01  -8.2162379e+00
   6.9000126e+01  -8.1889068e+00
   6.9000126e+01  -8.1615756e+00
   6.9000126e+01  -8.1342444e+00
   6.9000126e+01  -8.1069132e+00
   6.9000126e+01  -8.0795820e+00
   6.9000126e+01  -8.0522508e+00
   6.9000126e+01  -8.0249196e+00
   6.9000126e+01  -7.9975884e+00
   6.9000126e+01  -7.9702572e+00
   6.9000126e+01  -7.9429260e+00
   6.9000126e+01  -7.9155949e+00
   6.9000126e+01  -7.8882637e+00
   6.9000126e+01  -7.8609325e+00
   6.9000126e+01  -7.8336013e+00
   6.9000126e+01  -7.8062701e+00
   6.9000126e+01  -7.7789389e+00
   6.9000126e+01  -7.7516077e+00
   6.9000126e+01  -7.7242765e+00
   6.9000126e+01  -7.6969453e+00
   6.9000126e+01  -7.6696141e+00
   6.9000126e+01  -7.6422830e+00
   6.9000126e+01  -7.6149518e+00
   6.9000126e+01  -7.5876206e+00
   6.9000126e+01  -7.5602894e+00
   6.9000126e+01  -7.5329582e+00
   6.9000126e+01  -7.5056270e+00
   6.9000126e+01  -7.4782958e+00
   6.9000126e+01  -7.4509646e+00
   6.9000126e+01  -7.4236334e+00
   6.9000126e+01  -7.3963023e+00
   6.9000126e+01  -7.3689711e+00
   6.9000126e+01  -7.3416399e+00
   6.9000126e+01  -7.3143087e+00
   6.9000126e+01  -7.2869775e+00
   6.9000126e+01  -7.2596463e+00
   6.9000126e+01  -7.2323151e+00
   6.9000126e+01  -7.2049839e+00
   6.9000126e+01  -7.1776527e+00
   6.9000126e+01  -7.1503215e+00
   6.9000126e+01  -7.1229904e+00
   6.9000126e+01  -7.0956592e+00
   6.9000126e+01  -7.0683280e+00
   6.9000126e+01  -7.0409968e+00
   6.9000126e+01  -7.0136656e+00
   6.9000126e+01  -6.9863344e+00
   6.9000126e+01  -6.9590032e+00
   6.9000126e+01  -6.9316720e+00
   6.9000126e+01  -6.9043408e+00
   6.9000126e+01  -6.8770096e+00
   6.9000126e+01  -6.8496785e+00
   6.9000126e+01  -6.8223473e+00
   6.9000126e+01  -6.7950161e+00
   6.9000126e+01  -6.7676849e+00
   6.9000126e+01  -6.7403537e+00
   6.9000126e+01  -6.7130225e+00
   6.9000126e+01  -6.6856913e+00
   6.9000126e+01  -6.6583601e+00
   6.9000126e+01  -6.6310289e+00
   6.9000126e+01  -6.6036977e+00
   6.9000126e+01  -6.5763666e+00
   6.9000126e+01  -6.5490354e+00
   6.9000126e+01  -6.5217042e+00
   6.9000126e+01  -6.4943730e+00
   6.9000126e+01  -6.4670418e+00
   6.9000126e+01  -6.4397106e+00
   6.9000126e+01  -6.4123794e+00
   6.9000126e+01  -6.3850482e+00
   6.9000126e+01  -6.3577170e+00
   6.9000126e+01  -6.3303859e+00
   6.9000126e+01  -6.3030547e+00
   6.9000126e+01  -6.2757235e+00
   6.9000126e+01  -6.2483923e+00
   6.9000126e+01  -6.2210611e+00
   6.9000126e+01  -6.1937299e+00
   6.9000126e+01  -6.1663987e+00
   6.9000126e+01  -6.1390675e+00
   6.9000126e+01  -6.1117363e+00
   6.9000126e+01  -6.0844051e+00
   6.9000126e+01  -6.0570740e+00
   6.9000126e+01  -6.0297428e+00
   6.9000126e+01  -6.0024116e+00
   6.9000126e+01  -5.9750804e+00
   6.9000126e+01  -5.9477492e+00
   6.9000126e+01  -5.9204180e+00
   6.9000126e+01  -5.8930868e+00
   6.9000126e+01  -5.8657556e+00
   6.9000126e+01  -5.8384244e+00
   6.9000126e+01  -5.8110932e+00
   6.9000126e+01  -5.7837621e+00
   6.9000126e+01  -5.7564309e+00
   6.9000126e+01  -5.7290997e+00
   6.9000126e+01  -5.7017685e+00
   6.9000126e+01  -5.6744373e+00
   6.9000126e+01  -5.6471061e+00
   6.9000126e+01  -5.6197749e+00
   6.9000126e+01  -5.5924437e+00
   6.9000126e+01  -5.5651125e+00
   6.9000126e+01  -5.5377814e+00
   6.9000126e+01  -5.5104502e+00
   6.9000126e+01  -5.4831190e+00
   6.9000126e+01  -5.4557878e+00
   6.9000126e+01  -5.4284566e+00
   6.9000126e+01  -5.4011254e+00
   6.9000126e+01  -5.3737942e+00
   6.9000126e+01  -5.3464630e+00
   6.9000126e+01  -5.3191318e+00
   6.9000126e+01  -5.2918006e+00
   6.9000126e+01  -5.2644695e+00
   6.9000126e+01  -5.2371383e+00
   6.9000126e+01  -5.2098071e+00
   6.9000126e+01  -5.1824759e+00
   6.9000126e+01  -5.1551447e+00
   6.9000126e+01  -5.1278135e+00
   6.9000126e+01  -5.1004823e+00
   6.9000126e+01  -5.0731511e+00
   6.9000126e+01  -5.0458199e+00
   6.9000126e+01  -5.0184887e+00
   6.9000126e+01  -4.9911576e+00
   6.9000126e+01  -4.9638264e+00
   6.9000126e+01  -4.9364952e+00
   6.9000126e+01  -4.9091640e+00
   6.9000126e+01  -4.8818328e+00
   6.9000126e+01  -4.8545016e+00
   6.9000126e+01  -4.8271704e+00
   6.9000126e+01  -4.7998392e+00
   6.9000126e+01  -4.7725080e+00
   6.9000126e+01  -4.7451768e+00
   6.9000126e+01  -4.7178457e+00
   6.9000126e+01  -4.6905145e+00
   6.9000126e+01  -4.6631833e+00
   6.9000126e+01  -4.6358521e+00
   6.9000126e+01  -4.6085209e+00
   6.9000126e+01  -4.5811897e+00
   6.9000126e+01  -4.5538585e+00
   6.9000126e+01  -4.5265273e+00
   6.9000126e+01  -4.4991961e+00
   6.9000126e+01  -4.4718650e+00
   6.9000126e+01  -4.4445338e+00
   6.9000126e+01  -4.4172026e+00
   6.9000126e+01  -4.3898714e+00
   6.9000126e+01  -4.3625402e+00
   6.9000126e+01  -4.3352090e+00
   6.9000126e+01  -4.3078778e+00
   6.9000126e+01  -4.2805466e+00
   6.9000126e+01  -4.2532154e+00
   6.9000126e+01  -4.2258842e+00
   6.9000126e+01  -4.1985531e+00
   6.9000126e+01  -4.1712219e+00
   6.9000126e+01  -4.1438907e+00
   6.9000126e+01  -4.1165595e+00
   6.9000126e+01  -4.0892283e+00
   6.9000126e+01  -4.0618971e+00
   6.9000126e+01  -4.0345659e+00
   6.9000126e+01  -4.0072347e+00
   6.9000126e+01  -3.9799035e+00
   6.9000126e+01  -3.9525723e+00
   6.9000126e+01  -3.9252412e+00
   6.9000126e+01  -3.8979100e+00
   6.9000126e+01  -3.8705788e+00
   6.9000126e+01  -3.8432476e+00
   6.9000126e+01  -3.8159164e+00
   6.9000126e+01  -3.7885852e+00
   6.9000126e+01  -3.7612540e+00
   6.9000126e+01  -3.7339228e+00
   6.9000126e+01  -3.7065916e+00
   6.9000126e+01  -3.6792605e+00
   6.9000126e+01  -3.6519293e+00
   6.9000126e+01  -3.6245981e+00
   6.9000126e+01  -3.5972669e+00
   6.9000126e+01  -3.5699357e+00
   6.9000126e+01  -3.5426045e+00
   6.9000126e+01  -3.5152733e+00
   6.9000126e+01  -3.4879421e+00
   6.9000126e+01  -3.4606109e+00
   6.9000126e+01  -3.4332797e+00
   6.9000126e+01  -3.4059486e+00
   6.9000126e+01  -3.3786174e+00
   6.9000126e+01  -3.3512862e+00
   6.9000126e+01  -3.3239550e+00
   6.9000126e+01  -3.2966238e+00
   6.9000126e+01  -3.2692926e+00
   6.9000126e+01  -3.2419614e+00
   6.9000126e+01  -3.2146302e+00
   6.9000126e+01  -3.1872990e+00
   6.9000126e+01  -3.1599678e+00
   6.9000126e+01  -3.1326367e+00
   6.9000126e+01  -3.1053055e+00
   6.9000126e+01  -3.0779743e+00
   6.9000126e+01  -3.0506431e+00
   6.9000126e+01  -3.0233119e+00
   6.9000126e+01  -2.9959807e+00
   6.9000126e+01  -2.9686495e+00
   6.9000126e+01  -2.9413183e+00
   6.9000126e+01  -2.9139871e+00
   6.9000126e+01  -2.8866559e+00
   6.9000126e+01  -2.8593248e+00
   6.9000126e+01  -2.8319936e+00
   6.9000126e+01  -2.8046624e+00
   6.9000126e+01  -2.7773312e+00
   6.9000126e+01  -2.7500000e+00
   6.9000126e+01  -2.7211700e+00
   6.9000126e+01  -2.6898866e+00
   6.9000126e+01  -2.6526218e+00
   6.9000126e+01  -2.6028789e+00
   6.9000126e+01  -2.5338810e+00
   6.9000126e+01  -2.4456283e+00
   6.9000126e+01  -2.3448973e+00
   6.9000126e+01  -2.2381850e+00
