         330
  -1307796.50         12014926.0    
  -1307796.50         11981886.0    
  -1307796.50         11950359.0    
  -1307796.50         11921348.0    
  -1307796.50         11896181.0    
  -1307796.50         11876033.0    
  -1307796.50         11861206.0    
  -1307796.50         11850864.0    
  -1307796.50         11843626.0    
  -1307796.50         11838246.0    
  -1307796.50         11833896.0    
  -1307796.50         11830080.0    
  -1307796.50         11826813.0    
  -1307796.50         11823548.0    
  -1307796.50         11820286.0    
  -1307796.50         11817026.0    
  -1307796.50         11813766.0    
  -1307796.50         11810506.0    
  -1307796.50         11807249.0    
  -1307796.50         11803994.0    
  -1307796.50         11800741.0    
  -1307796.50         11797488.0    
  -1307796.50         11794239.0    
  -1307796.50         11790990.0    
  -1307796.50         11787744.0    
  -1307796.50         11784498.0    
  -1307796.50         11781254.0    
  -1307796.50         11778010.0    
  -1307796.50         11774769.0    
  -1307796.50         11771530.0    
  -1307796.50         11768292.0    
  -1307796.50         11765056.0    
  -1307796.50         11761821.0    
  -1307796.50         11758589.0    
  -1307796.50         11755358.0    
  -1307796.50         11752127.0    
  -1307796.50         11748899.0    
  -1307796.50         11745669.0    
  -1307796.50         11742446.0    
  -1307796.50         11739222.0    
  -1307796.50         11736000.0    
  -1307796.50         11732779.0    
  -1307796.50         11729560.0    
  -1307796.50         11726343.0    
  -1307796.50         11723127.0    
  -1307796.50         11719913.0    
  -1307796.50         11716700.0    
  -1307796.50         11713487.0    
  -1307796.50         11710277.0    
  -1307796.50         11707069.0    
  -1307796.50         11703863.0    
  -1307796.50         11700658.0    
  -1307796.50         11697455.0    
  -1307796.50         11694251.0    
  -1307796.50         11691052.0    
  -1307796.50         11687852.0    
  -1307796.50         11684655.0    
  -1307796.50         11681459.0    
  -1307796.50         11678263.0    
  -1307796.50         11675071.0    
  -1307796.50         11671879.0    
  -1307796.50         11668689.0    
  -1307796.50         11665500.0    
  -1307796.50         11662313.0    
  -1307796.50         11659129.0    
  -1307796.50         11655945.0    
  -1307796.50         11652764.0    
  -1307796.50         11649578.0    
  -1307796.50         11646401.0    
  -1307796.50         11643223.0    
  -1307796.50         11640047.0    
  -1307796.50         11636871.0    
  -1307796.50         11633699.0    
  -1307796.50         11630527.0    
  -1307796.50         11627357.0    
  -1307796.50         11624189.0    
  -1307796.50         11621020.0    
  -1307796.50         11617857.0    
  -1307796.50         11614689.0    
  -1307796.50         11611526.0    
  -1307796.50         11608365.0    
  -1307796.50         11605205.0    
  -1307796.50         11602048.0    
  -1307796.50         11598890.0    
  -1307796.50         11595735.0    
  -1307796.50         11592580.0    
  -1307796.50         11589428.0    
  -1307796.50         11586278.0    
  -1307796.50         11583129.0    
  -1307796.50         11579978.0    
  -1307796.50         11576831.0    
  -1307796.50         11573687.0    
  -1307796.50         11570543.0    
  -1307796.50         11567401.0    
  -1307796.50         11564261.0    
  -1307796.50         11561122.0    
  -1307796.50         11557985.0    
  -1307796.50         11554849.0    
  -1307796.50         11551710.0    
  -1307796.50         11548578.0    
  -1307796.50         11545446.0    
  -1307796.50         11542316.0    
  -1307796.50         11539187.0    
  -1307796.50         11536060.0    
  -1307796.50         11532934.0    
  -1307796.50         11529810.0    
  -1307796.50         11526687.0    
  -1307796.50         11523566.0    
  -1307796.50         11520442.0    
  -1307796.50         11517323.0    
  -1307796.50         11514206.0    
  -1307796.50         11511091.0    
  -1307796.50         11507977.0    
  -1307796.50         11504864.0    
  -1307796.50         11501752.0    
  -1307796.50         11498643.0    
  -1307796.50         11495533.0    
  -1307796.50         11492427.0    
  -1307796.50         11489321.0    
  -1307796.50         11486214.0    
  -1307796.50         11483111.0    
  -1307796.50         11480010.0    
  -1307796.50         11476910.0    
  -1307796.50         11473811.0    
  -1307796.50         11470715.0    
  -1307796.50         11467619.0    
  -1307796.50         11464524.0    
  -1307796.50         11461432.0    
  -1307796.50         11458339.0    
  -1307796.50         11455250.0    
  -1307796.50         11452159.0    
  -1307796.50         11449072.0    
  -1307796.50         11445986.0    
  -1307796.50         11442902.0    
  -1307796.50         11439819.0    
  -1307796.50         11436738.0    
  -1307796.50         11433658.0    
  -1307796.50         11430580.0    
  -1307796.50         11427502.0    
  -1307796.50         11424424.0    
  -1307796.50         11421349.0    
  -1307796.50         11418276.0    
  -1307796.50         11415204.0    
  -1307796.50         11412134.0    
  -1307796.50         11409066.0    
  -1307796.50         11405997.0    
  -1307796.50         11402931.0    
  -1307796.50         11399868.0    
  -1307796.50         11396803.0    
  -1307796.50         11393742.0    
  -1307796.50         11390678.0    
  -1307796.50         11387620.0    
  -1307796.50         11384562.0    
  -1307796.50         11381506.0    
  -1307796.50         11378451.0    
  -1307796.50         11375398.0    
  -1307796.50         11372345.0    
  -1307796.50         11369294.0    
  -1307796.50         11366245.0    
  -1307796.50         11363197.0    
  -1307796.50         11360148.0    
  -1307796.50         11357102.0    
  -1307796.50         11354058.0    
  -1307796.50         11351016.0    
  -1307796.50         11347975.0    
  -1307796.50         11344935.0    
  -1307796.50         11341897.0    
  -1307796.50         11338860.0    
  -1307796.50         11335824.0    
  -1307796.50         11332789.0    
  -1307796.50         11329754.0    
  -1307796.50         11326722.0    
  -1307796.50         11323693.0    
  -1307796.50         11320664.0    
  -1307796.50         11317636.0    
  -1307796.50         11314610.0    
  -1307796.50         11311585.0    
  -1307796.50         11308562.0    
  -1307796.50         11305540.0    
  -1307796.50         11302520.0    
  -1307796.50         11299497.0    
  -1307796.50         11296480.0    
  -1307796.50         11293463.0    
  -1307796.50         11290448.0    
  -1307796.50         11287433.0    
  -1307796.50         11284421.0    
  -1307796.50         11281409.0    
  -1307796.50         11278399.0    
  -1307796.50         11275391.0    
  -1307796.50         11272383.0    
  -1307796.50         11269378.0    
  -1307796.50         11266371.0    
  -1307796.50         11263368.0    
  -1307796.50         11260365.0    
  -1307796.50         11257365.0    
  -1307796.50         11254366.0    
  -1307796.50         11251368.0    
  -1307796.50         11248371.0    
  -1307796.50         11245376.0    
  -1307796.50         11242382.0    
  -1307796.50         11239387.0    
  -1307796.50         11236396.0    
  -1307796.50         11233406.0    
  -1307796.50         11230418.0    
  -1307796.50         11227430.0    
  -1307796.50         11224444.0    
  -1307796.50         11221459.0    
  -1307796.50         11218476.0    
  -1307796.50         11215494.0    
  -1307796.50         11212514.0    
  -1307796.50         11209534.0    
  -1307796.50         11206553.0    
  -1307796.50         11203577.0    
  -1307796.50         11200601.0    
  -1307796.50         11197627.0    
  -1307796.50         11194654.0    
  -1307796.50         11191682.0    
  -1307796.50         11188713.0    
  -1307796.50         11185744.0    
  -1307796.50         11182776.0    
  -1307796.50         11179809.0    
  -1307796.50         11176844.0    
  -1307796.50         11173878.0    
  -1307796.50         11170916.0    
  -1307796.50         11167954.0    
  -1307796.50         11164995.0    
  -1307796.50         11162036.0    
  -1307796.50         11159079.0    
  -1307796.50         11156123.0    
  -1307796.50         11153169.0    
  -1307796.50         11150215.0    
  -1307796.50         11147263.0    
  -1307796.50         11144309.0    
  -1307796.50         11141360.0    
  -1307796.50         11138412.0    
  -1307796.50         11135465.0    
  -1307796.50         11132519.0    
  -1307796.50         11129575.0    
  -1307796.50         11126632.0    
  -1307796.50         11123689.0    
  -1307796.50         11120749.0    
  -1307796.50         11117808.0    
  -1307796.50         11114870.0    
  -1307796.50         11111933.0    
  -1307796.50         11108998.0    
  -1307796.50         11106063.0    
  -1307796.50         11103130.0    
  -1307796.50         11100198.0    
  -1307796.50         11097269.0    
  -1307796.50         11094339.0    
  -1307796.50         11091412.0    
  -1307796.50         11088484.0    
  -1307796.50         11085557.0    
  -1307796.50         11082634.0    
  -1307796.50         11079710.0    
  -1307796.50         11076788.0    
  -1307796.50         11073869.0    
  -1307796.50         11070950.0    
  -1307796.50         11068032.0    
  -1307796.50         11065115.0    
  -1307796.50         11062200.0    
  -1307796.50         11059286.0    
  -1307796.50         11056373.0    
  -1307796.50         11053460.0    
  -1307796.50         11050549.0    
  -1307796.50         11047640.0    
  -1307796.50         11044732.0    
  -1307796.50         11041825.0    
  -1307796.50         11038921.0    
  -1307796.50         11036016.0    
  -1307796.50         11033114.0    
  -1307796.50         11030213.0    
  -1307796.50         11027310.0    
  -1307796.50         11024410.0    
  -1307796.50         11021513.0    
  -1307796.50         11018616.0    
  -1307796.50         11015721.0    
  -1307796.50         11012827.0    
  -1307796.50         11009935.0    
  -1307796.50         11007042.0    
  -1307796.50         11004152.0    
  -1307796.50         11001263.0    
  -1307796.50         10998375.0    
  -1307796.50         10995486.0    
  -1307796.50         10992600.0    
  -1307796.50         10989717.0    
  -1307796.50         10986833.0    
  -1307796.50         10983951.0    
  -1307796.50         10981071.0    
  -1307796.50         10978191.0    
  -1307796.50         10975313.0    
  -1307796.50         10972436.0    
  -1307796.50         10969561.0    
  -1307796.50         10966684.0    
  -1307796.50         10963810.0    
  -1307796.50         10960938.0    
  -1307796.50         10958067.0    
  -1307796.50         10955198.0    
  -1307796.50         10952330.0    
  -1307796.50         10949462.0    
  -1307796.50         10946596.0    
  -1307796.50         10943732.0    
  -1307796.50         10940868.0    
  -1307796.50         10938003.0    
  -1307796.50         10935142.0    
  -1307796.50         10932283.0    
  -1307796.50         10929423.0    
  -1307796.50         10926566.0    
  -1307796.50         10923710.0    
  -1307796.50         10920855.0    
  -1307796.50         10918000.0    
  -1307796.50         10915148.0    
  -1307796.50         10912297.0    
  -1307796.50         10909443.0    
  -1307796.50         10906595.0    
  -1307796.50         10903746.0    
  -1307796.50         10900899.0    
  -1307796.50         10898053.0    
  -1307796.50         10895210.0    
  -1307796.50         10891889.0    
  -1307796.50         10888109.0    
  -1307796.50         10883440.0    
  -1307796.50         10877168.0    
  -1307796.50         10868230.0    
  -1307796.50         10855459.0    
  -1307796.50         10838191.0    
  -1307796.50         10816752.0    
  -1307796.50         10792223.0    
  -1307796.50         10765786.0    
  -1307796.50         10738324.0    
         328
  -1307796.50         10738324.0    
  -1295931.12         10738324.0    
  -1284730.88         10738324.0    
  -1274918.00         10738324.0    
  -1267246.25         10738324.0    
  -1261715.12         10738324.0    
  -1257571.75         10738324.0    
  -1254093.38         10738324.0    
  -1250887.75         10738324.0    
  -1247848.75         10738324.0    
  -1244810.00         10738324.0    
  -1241770.88         10738324.0    
  -1238731.88         10738324.0    
  -1235693.00         10738324.0    
  -1232653.88         10738324.0    
  -1229615.12         10738324.0    
  -1226576.00         10738324.0    
  -1223537.12         10738324.0    
  -1220498.25         10738324.0    
  -1217459.38         10738324.0    
  -1214420.38         10738324.0    
  -1211381.50         10738324.0    
  -1208342.38         10738324.0    
  -1205303.50         10738324.0    
  -1202264.50         10738324.0    
  -1199225.50         10738324.0    
  -1196186.62         10738324.0    
  -1193147.50         10738324.0    
  -1190108.62         10738324.0    
  -1187069.62         10738324.0    
  -1184030.75         10738324.0    
  -1180991.75         10738324.0    
  -1177952.88         10738324.0    
  -1174913.88         10738324.0    
  -1171874.88         10738324.0    
  -1168836.00         10738324.0    
  -1165797.12         10738324.0    
  -1162758.00         10738324.0    
  -1159719.12         10738324.0    
  -1156680.12         10738324.0    
  -1153641.12         10738324.0    
  -1150602.25         10738324.0    
  -1147563.25         10738324.0    
  -1144524.25         10738324.0    
  -1141485.38         10738324.0    
  -1138446.25         10738324.0    
  -1135407.50         10738324.0    
  -1132368.50         10738324.0    
  -1129329.50         10738324.0    
  -1126290.62         10738324.0    
  -1123251.62         10738324.0    
  -1120212.75         10738324.0    
  -1117173.88         10738324.0    
  -1114134.62         10738324.0    
  -1111095.88         10738324.0    
  -1108056.88         10738324.0    
  -1105017.88         10738324.0    
  -1101978.75         10738324.0    
  -1098940.00         10738324.0    
  -1095901.12         10738324.0    
  -1092862.00         10738324.0    
  -1089823.12         10738324.0    
  -1086784.25         10738324.0    
  -1083745.25         10738324.0    
  -1080706.38         10738324.0    
  -1077667.25         10738324.0    
  -1074628.38         10738324.0    
  -1071589.50         10738324.0    
  -1068550.38         10738324.0    
  -1065511.50         10738324.0    
  -1062472.50         10738324.0    
  -1059433.50         10738324.0    
  -1056394.62         10738324.0    
  -1053355.62         10738324.0    
  -1050316.62         10738324.0    
  -1047277.69         10738324.0    
  -1044238.81         10738324.0    
  -1041199.94         10738324.0    
  -1038160.81         10738324.0    
  -1035121.88         10738324.0    
  -1032082.88         10738324.0    
  -1029044.00         10738324.0    
  -1026005.12         10738324.0    
  -1022966.12         10738324.0    
  -1019927.12         10738324.0    
  -1016888.25         10738324.0    
  -1013849.12         10738324.0    
  -1010810.25         10738324.0    
  -1007771.31         10738324.0    
  -1004732.44         10738324.0    
  -1001693.44         10738324.0    
  -998654.438         10738324.0    
  -995615.438         10738324.0    
  -992576.688         10738324.0    
  -989537.562         10738324.0    
  -986498.688         10738324.0    
  -983459.625         10738324.0    
  -980420.625         10738324.0    
  -977381.625         10738324.0    
  -974342.750         10738324.0    
  -971303.875         10738324.0    
  -968264.875         10738324.0    
  -965226.000         10738324.0    
  -962187.062         10738324.0    
  -959147.938         10738324.0    
  -956109.188         10738324.0    
  -953070.062         10738324.0    
  -950031.188         10738324.0    
  -946992.188         10738324.0    
  -943953.250         10738324.0    
  -940914.250         10738324.0    
  -937875.375         10738324.0    
  -934836.438         10738324.0    
  -931797.500         10738324.0    
  -928758.438         10738324.0    
  -925719.438         10738324.0    
  -922680.500         10738324.0    
  -919641.625         10738324.0    
  -916602.688         10738324.0    
  -913563.625         10738324.0    
  -910524.750         10738324.0    
  -907485.688         10738324.0    
  -904446.750         10738324.0    
  -901407.875         10738324.0    
  -898368.875         10738324.0    
  -895330.000         10738324.0    
  -892291.062         10738324.0    
  -889252.062         10738324.0    
  -886213.000         10738324.0    
  -883174.188         10738324.0    
  -880135.188         10738324.0    
  -877096.250         10738324.0    
  -874057.250         10738324.0    
  -871018.375         10738324.0    
  -867979.375         10738324.0    
  -864940.438         10738324.0    
  -861901.438         10738324.0    
  -858862.438         10738324.0    
  -855823.562         10738324.0    
  -852784.625         10738324.0    
  -849745.688         10738324.0    
  -846706.625         10738324.0    
  -843667.750         10738324.0    
  -840628.750         10738324.0    
  -837589.812         10738324.0    
  -834550.875         10738324.0    
  -831511.875         10738324.0    
  -828473.000         10738324.0    
  -825434.000         10738324.0    
  -822395.062         10738324.0    
  -819356.000         10738324.0    
  -816317.125         10738324.0    
  -813278.125         10738324.0    
  -810239.188         10738324.0    
  -807200.312         10738324.0    
  -804161.312         10738324.0    
  -801122.375         10738324.0    
  -798083.375         10738324.0    
  -795044.438         10738324.0    
  -792005.438         10738324.0    
  -788966.500         10738324.0    
  -785927.562         10738324.0    
  -782888.625         10738324.0    
  -779849.688         10738324.0    
  -776810.688         10738324.0    
  -773771.750         10738324.0    
  -770732.750         10738324.0    
  -767693.812         10738324.0    
  -764654.812         10738324.0    
  -761615.938         10738324.0    
  -758577.000         10738324.0    
  -755538.000         10738324.0    
  -752499.062         10738324.0    
  -749460.062         10738324.0    
  -746421.125         10738324.0    
  -743382.125         10738324.0    
  -740343.250         10738324.0    
  -737304.312         10738324.0    
  -734265.312         10738324.0    
  -731226.375         10738324.0    
  -728187.375         10738324.0    
  -725148.438         10738324.0    
  -722109.438         10738324.0    
  -719070.562         10738324.0    
  -716031.562         10738324.0    
  -712992.625         10738324.0    
  -709953.688         10738324.0    
  -706914.750         10738324.0    
  -703875.750         10738324.0    
  -700836.812         10738324.0    
  -697797.812         10738324.0    
  -694758.875         10738324.0    
  -691720.000         10738324.0    
  -688681.000         10738324.0    
  -685642.000         10738324.0    
  -682603.062         10738324.0    
  -679564.062         10738324.0    
  -676525.125         10738324.0    
  -673486.188         10738324.0    
  -670447.250         10738324.0    
  -667408.250         10738324.0    
  -664369.375         10738324.0    
  -661330.375         10738324.0    
  -658291.375         10738324.0    
  -655252.438         10738324.0    
  -652213.500         10738324.0    
  -649174.562         10738324.0    
  -646135.625         10738324.0    
  -643096.625         10738324.0    
  -640057.688         10738324.0    
  -637018.750         10738324.0    
  -633979.750         10738324.0    
  -630940.812         10738324.0    
  -627901.875         10738324.0    
  -624862.875         10738324.0    
  -621823.938         10738324.0    
  -618785.000         10738324.0    
  -615746.000         10738324.0    
  -612707.062         10738324.0    
  -609668.125         10738324.0    
  -606629.188         10738324.0    
  -603590.250         10738324.0    
  -600551.312         10738324.0    
  -597512.250         10738324.0    
  -594473.438         10738324.0    
  -591434.375         10738324.0    
  -588395.375         10738324.0    
  -585356.438         10738324.0    
  -582317.562         10738324.0    
  -579278.625         10738324.0    
  -576239.625         10738324.0    
  -573200.688         10738324.0    
  -570161.625         10738324.0    
  -567122.812         10738324.0    
  -564083.750         10738324.0    
  -561044.812         10738324.0    
  -558005.938         10738324.0    
  -554966.875         10738324.0    
  -551928.000         10738324.0    
  -548889.000         10738324.0    
  -545850.062         10738324.0    
  -542811.062         10738324.0    
  -539772.188         10738324.0    
  -536733.188         10738324.0    
  -533694.250         10738324.0    
  -530655.312         10738324.0    
  -527616.250         10738324.0    
  -524577.375         10738324.0    
  -521538.406         10738324.0    
  -518499.469         10738324.0    
  -515460.469         10738324.0    
  -512421.594         10738324.0    
  -509382.625         10738324.0    
  -506343.625         10738324.0    
  -503304.688         10738324.0    
  -500265.656         10738324.0    
  -497226.844         10738324.0    
  -494187.844         10738324.0    
  -491148.844         10738324.0    
  -488109.875         10738324.0    
  -485071.000         10738324.0    
  -482032.000         10738324.0    
  -478993.062         10738324.0    
  -475954.094         10738324.0    
  -472915.094         10738324.0    
  -469876.219         10738324.0    
  -466837.219         10738324.0    
  -463798.250         10738324.0    
  -460759.281         10738324.0    
  -457720.375         10738324.0    
  -454681.375         10738324.0    
  -451642.469         10738324.0    
  -448603.469         10738324.0    
  -445564.500         10738324.0    
  -442525.562         10738324.0    
  -439486.625         10738324.0    
  -436447.688         10738324.0    
  -433408.719         10738324.0    
  -430369.719         10738324.0    
  -427330.750         10738324.0    
  -424291.812         10738324.0    
  -421252.875         10738324.0    
  -418213.938         10738324.0    
  -415174.938         10738324.0    
  -412136.031         10738324.0    
  -409097.094         10738324.0    
  -406058.125         10738324.0    
  -403019.094         10738324.0    
  -399980.188         10738324.0    
  -396941.250         10738324.0    
  -393902.250         10738324.0    
  -390863.312         10738324.0    
  -387824.375         10738324.0    
  -384785.438         10738324.0    
  -381746.469         10738324.0    
  -378707.500         10738324.0    
  -375668.562         10738324.0    
  -372629.594         10738324.0    
  -369590.625         10738324.0    
  -366551.656         10738324.0    
  -363512.750         10738324.0    
  -360473.781         10738324.0    
  -357434.750         10738324.0    
  -354395.875         10738324.0    
  -351356.906         10738324.0    
  -348317.969         10738324.0    
  -345278.969         10738324.0    
  -342240.031         10738324.0    
  -339201.094         10738324.0    
  -336162.125         10738324.0    
  -333123.156         10738324.0    
  -330084.188         10738324.0    
  -327045.250         10738324.0    
  -324006.281         10738324.0    
  -320967.344         10738324.0    
  -317928.375         10738324.0    
  -314889.438         10738324.0    
  -311850.469         10738324.0    
  -308811.500         10738324.0    
  -305772.562         10738324.0    
  -302566.969         10738324.0    
  -299088.562         10738324.0    
  -294945.094         10738324.0    
  -289414.156         10738324.0    
  -281742.250         10738324.0    
  -271929.469         10738324.0    
  -260729.172         10738324.0    
  -248863.828         10738324.0    
         330
  -248863.828         10738324.0    
  -248863.828         10765786.0    
  -248863.828         10792223.0    
  -248863.828         10816752.0    
  -248863.828         10838191.0    
  -248863.828         10855459.0    
  -248863.828         10868230.0    
  -248863.828         10877168.0    
  -248863.828         10883440.0    
  -248863.828         10888109.0    
  -248863.828         10891889.0    
  -248863.828         10895210.0    
  -248863.828         10898053.0    
  -248863.828         10900899.0    
  -248863.828         10903746.0    
  -248863.828         10906595.0    
  -248863.828         10909443.0    
  -248863.828         10912297.0    
  -248863.828         10915148.0    
  -248863.828         10918000.0    
  -248863.828         10920855.0    
  -248863.828         10923710.0    
  -248863.828         10926566.0    
  -248863.828         10929423.0    
  -248863.828         10932283.0    
  -248863.828         10935142.0    
  -248863.828         10938003.0    
  -248863.828         10940868.0    
  -248863.828         10943732.0    
  -248863.828         10946596.0    
  -248863.828         10949462.0    
  -248863.828         10952330.0    
  -248863.828         10955198.0    
  -248863.828         10958067.0    
  -248863.828         10960938.0    
  -248863.828         10963810.0    
  -248863.828         10966684.0    
  -248863.828         10969561.0    
  -248863.828         10972436.0    
  -248863.828         10975313.0    
  -248863.828         10978191.0    
  -248863.828         10981071.0    
  -248863.828         10983951.0    
  -248863.828         10986833.0    
  -248863.828         10989717.0    
  -248863.828         10992600.0    
  -248863.828         10995486.0    
  -248863.828         10998375.0    
  -248863.828         11001263.0    
  -248863.828         11004152.0    
  -248863.828         11007042.0    
  -248863.828         11009935.0    
  -248863.828         11012827.0    
  -248863.828         11015721.0    
  -248863.828         11018616.0    
  -248863.828         11021513.0    
  -248863.828         11024410.0    
  -248863.828         11027310.0    
  -248863.828         11030213.0    
  -248863.828         11033114.0    
  -248863.828         11036016.0    
  -248863.828         11038921.0    
  -248863.828         11041825.0    
  -248863.828         11044732.0    
  -248863.828         11047640.0    
  -248863.828         11050549.0    
  -248863.828         11053460.0    
  -248863.828         11056373.0    
  -248863.828         11059286.0    
  -248863.828         11062200.0    
  -248863.828         11065115.0    
  -248863.828         11068032.0    
  -248863.828         11070950.0    
  -248863.828         11073869.0    
  -248863.828         11076788.0    
  -248863.828         11079710.0    
  -248863.828         11082634.0    
  -248863.828         11085557.0    
  -248863.828         11088484.0    
  -248863.828         11091412.0    
  -248863.828         11094339.0    
  -248863.828         11097269.0    
  -248863.828         11100198.0    
  -248863.828         11103130.0    
  -248863.828         11106063.0    
  -248863.828         11108998.0    
  -248863.828         11111933.0    
  -248863.828         11114870.0    
  -248863.828         11117808.0    
  -248863.828         11120749.0    
  -248863.828         11123689.0    
  -248863.828         11126632.0    
  -248863.828         11129575.0    
  -248863.828         11132519.0    
  -248863.828         11135465.0    
  -248863.828         11138412.0    
  -248863.828         11141360.0    
  -248863.828         11144309.0    
  -248863.828         11147263.0    
  -248863.828         11150215.0    
  -248863.828         11153169.0    
  -248863.828         11156123.0    
  -248863.828         11159079.0    
  -248863.828         11162036.0    
  -248863.828         11164995.0    
  -248863.828         11167954.0    
  -248863.828         11170916.0    
  -248863.828         11173878.0    
  -248863.828         11176844.0    
  -248863.828         11179809.0    
  -248863.828         11182776.0    
  -248863.828         11185744.0    
  -248863.828         11188713.0    
  -248863.828         11191682.0    
  -248863.828         11194654.0    
  -248863.828         11197627.0    
  -248863.828         11200601.0    
  -248863.828         11203577.0    
  -248863.828         11206553.0    
  -248863.828         11209534.0    
  -248863.828         11212514.0    
  -248863.828         11215494.0    
  -248863.828         11218476.0    
  -248863.828         11221459.0    
  -248863.828         11224444.0    
  -248863.828         11227430.0    
  -248863.828         11230418.0    
  -248863.828         11233406.0    
  -248863.828         11236396.0    
  -248863.828         11239387.0    
  -248863.828         11242382.0    
  -248863.828         11245376.0    
  -248863.828         11248371.0    
  -248863.828         11251368.0    
  -248863.828         11254366.0    
  -248863.828         11257365.0    
  -248863.828         11260365.0    
  -248863.828         11263368.0    
  -248863.828         11266371.0    
  -248863.828         11269378.0    
  -248863.828         11272383.0    
  -248863.828         11275391.0    
  -248863.828         11278399.0    
  -248863.828         11281409.0    
  -248863.828         11284421.0    
  -248863.828         11287433.0    
  -248863.828         11290448.0    
  -248863.828         11293463.0    
  -248863.828         11296480.0    
  -248863.828         11299497.0    
  -248863.828         11302520.0    
  -248863.828         11305540.0    
  -248863.828         11308562.0    
  -248863.828         11311585.0    
  -248863.828         11314610.0    
  -248863.828         11317636.0    
  -248863.828         11320664.0    
  -248863.828         11323693.0    
  -248863.828         11326722.0    
  -248863.828         11329754.0    
  -248863.828         11332789.0    
  -248863.828         11335824.0    
  -248863.828         11338860.0    
  -248863.828         11341897.0    
  -248863.828         11344935.0    
  -248863.828         11347975.0    
  -248863.828         11351016.0    
  -248863.828         11354058.0    
  -248863.828         11357102.0    
  -248863.828         11360148.0    
  -248863.828         11363197.0    
  -248863.828         11366245.0    
  -248863.828         11369294.0    
  -248863.828         11372345.0    
  -248863.828         11375398.0    
  -248863.828         11378451.0    
  -248863.828         11381506.0    
  -248863.828         11384562.0    
  -248863.828         11387620.0    
  -248863.828         11390678.0    
  -248863.828         11393742.0    
  -248863.828         11396803.0    
  -248863.828         11399868.0    
  -248863.828         11402931.0    
  -248863.828         11405997.0    
  -248863.828         11409066.0    
  -248863.828         11412134.0    
  -248863.828         11415204.0    
  -248863.828         11418276.0    
  -248863.828         11421349.0    
  -248863.828         11424424.0    
  -248863.828         11427502.0    
  -248863.828         11430580.0    
  -248863.828         11433658.0    
  -248863.828         11436738.0    
  -248863.828         11439819.0    
  -248863.828         11442902.0    
  -248863.828         11445986.0    
  -248863.828         11449072.0    
  -248863.828         11452159.0    
  -248863.828         11455250.0    
  -248863.828         11458339.0    
  -248863.828         11461432.0    
  -248863.828         11464524.0    
  -248863.828         11467619.0    
  -248863.828         11470715.0    
  -248863.828         11473811.0    
  -248863.828         11476910.0    
  -248863.828         11480010.0    
  -248863.828         11483111.0    
  -248863.828         11486214.0    
  -248863.828         11489321.0    
  -248863.828         11492427.0    
  -248863.828         11495533.0    
  -248863.828         11498643.0    
  -248863.828         11501752.0    
  -248863.828         11504864.0    
  -248863.828         11507977.0    
  -248863.828         11511091.0    
  -248863.828         11514206.0    
  -248863.828         11517323.0    
  -248863.828         11520442.0    
  -248863.828         11523566.0    
  -248863.828         11526687.0    
  -248863.828         11529810.0    
  -248863.828         11532934.0    
  -248863.828         11536060.0    
  -248863.828         11539187.0    
  -248863.828         11542316.0    
  -248863.828         11545446.0    
  -248863.828         11548578.0    
  -248863.828         11551710.0    
  -248863.828         11554849.0    
  -248863.828         11557985.0    
  -248863.828         11561122.0    
  -248863.828         11564261.0    
  -248863.828         11567401.0    
  -248863.828         11570543.0    
  -248863.828         11573687.0    
  -248863.828         11576831.0    
  -248863.828         11579978.0    
  -248863.828         11583129.0    
  -248863.828         11586278.0    
  -248863.828         11589428.0    
  -248863.828         11592580.0    
  -248863.828         11595735.0    
  -248863.828         11598890.0    
  -248863.828         11602048.0    
  -248863.828         11605205.0    
  -248863.828         11608365.0    
  -248863.828         11611526.0    
  -248863.828         11614689.0    
  -248863.828         11617857.0    
  -248863.828         11621020.0    
  -248863.828         11624189.0    
  -248863.828         11627357.0    
  -248863.828         11630527.0    
  -248863.828         11633699.0    
  -248863.828         11636871.0    
  -248863.828         11640047.0    
  -248863.828         11643223.0    
  -248863.828         11646401.0    
  -248863.828         11649578.0    
  -248863.828         11652764.0    
  -248863.828         11655945.0    
  -248863.828         11659129.0    
  -248863.828         11662313.0    
  -248863.828         11665500.0    
  -248863.828         11668689.0    
  -248863.828         11671879.0    
  -248863.828         11675071.0    
  -248863.828         11678263.0    
  -248863.828         11681459.0    
  -248863.828         11684655.0    
  -248863.828         11687852.0    
  -248863.828         11691052.0    
  -248863.828         11694251.0    
  -248863.828         11697455.0    
  -248863.828         11700658.0    
  -248863.828         11703863.0    
  -248863.828         11707069.0    
  -248863.828         11710277.0    
  -248863.828         11713487.0    
  -248863.828         11716700.0    
  -248863.828         11719913.0    
  -248863.828         11723127.0    
  -248863.828         11726343.0    
  -248863.828         11729560.0    
  -248863.828         11732779.0    
  -248863.828         11736000.0    
  -248863.828         11739222.0    
  -248863.828         11742446.0    
  -248863.828         11745669.0    
  -248863.828         11748899.0    
  -248863.828         11752127.0    
  -248863.828         11755358.0    
  -248863.828         11758589.0    
  -248863.828         11761821.0    
  -248863.828         11765056.0    
  -248863.828         11768292.0    
  -248863.828         11771530.0    
  -248863.828         11774769.0    
  -248863.828         11778010.0    
  -248863.828         11781254.0    
  -248863.828         11784498.0    
  -248863.828         11787744.0    
  -248863.828         11790990.0    
  -248863.828         11794239.0    
  -248863.828         11797488.0    
  -248863.828         11800741.0    
  -248863.828         11803994.0    
  -248863.828         11807249.0    
  -248863.828         11810506.0    
  -248863.828         11813766.0    
  -248863.828         11817026.0    
  -248863.828         11820286.0    
  -248863.828         11823548.0    
  -248863.828         11826813.0    
  -248863.828         11830080.0    
  -248863.828         11833896.0    
  -248863.828         11838246.0    
  -248863.828         11843626.0    
  -248863.828         11850864.0    
  -248863.828         11861206.0    
  -248863.828         11876033.0    
  -248863.828         11896181.0    
  -248863.828         11921348.0    
  -248863.828         11950359.0    
  -248863.828         11981886.0    
  -248863.828         12014926.0    
         328
  -248863.828         12014926.0    
  -260729.172         12014926.0    
  -271929.469         12014926.0    
  -281742.250         12014926.0    
  -289414.156         12014926.0    
  -294945.094         12014926.0    
  -299088.562         12014926.0    
  -302566.969         12014926.0    
  -305772.562         12014926.0    
  -308811.500         12014926.0    
  -311850.469         12014926.0    
  -314889.438         12014926.0    
  -317928.375         12014926.0    
  -320967.344         12014926.0    
  -324006.281         12014926.0    
  -327045.250         12014926.0    
  -330084.188         12014926.0    
  -333123.156         12014926.0    
  -336162.125         12014926.0    
  -339201.094         12014926.0    
  -342240.031         12014926.0    
  -345278.969         12014926.0    
  -348317.969         12014926.0    
  -351356.906         12014926.0    
  -354395.875         12014926.0    
  -357434.750         12014926.0    
  -360473.781         12014926.0    
  -363512.750         12014926.0    
  -366551.656         12014926.0    
  -369590.625         12014926.0    
  -372629.594         12014926.0    
  -375668.562         12014926.0    
  -378707.500         12014926.0    
  -381746.469         12014926.0    
  -384785.438         12014926.0    
  -387824.375         12014926.0    
  -390863.312         12014926.0    
  -393902.250         12014926.0    
  -396941.250         12014926.0    
  -399980.188         12014926.0    
  -403019.094         12014926.0    
  -406058.125         12014926.0    
  -409097.094         12014926.0    
  -412136.031         12014926.0    
  -415174.938         12014926.0    
  -418213.938         12014926.0    
  -421252.875         12014926.0    
  -424291.812         12014926.0    
  -427330.750         12014926.0    
  -430369.719         12014926.0    
  -433408.719         12014926.0    
  -436447.688         12014926.0    
  -439486.625         12014926.0    
  -442525.562         12014926.0    
  -445564.500         12014926.0    
  -448603.469         12014926.0    
  -451642.469         12014926.0    
  -454681.375         12014926.0    
  -457720.375         12014926.0    
  -460759.281         12014926.0    
  -463798.250         12014926.0    
  -466837.219         12014926.0    
  -469876.219         12014926.0    
  -472915.094         12014926.0    
  -475954.094         12014926.0    
  -478993.062         12014926.0    
  -482032.000         12014926.0    
  -485071.000         12014926.0    
  -488109.875         12014926.0    
  -491148.844         12014926.0    
  -494187.844         12014926.0    
  -497226.844         12014926.0    
  -500265.656         12014926.0    
  -503304.688         12014926.0    
  -506343.625         12014926.0    
  -509382.625         12014926.0    
  -512421.594         12014926.0    
  -515460.469         12014926.0    
  -518499.469         12014926.0    
  -521538.406         12014926.0    
  -524577.375         12014926.0    
  -527616.250         12014926.0    
  -530655.312         12014926.0    
  -533694.250         12014926.0    
  -536733.188         12014926.0    
  -539772.188         12014926.0    
  -542811.062         12014926.0    
  -545850.062         12014926.0    
  -548889.000         12014926.0    
  -551928.000         12014926.0    
  -554966.875         12014926.0    
  -558005.938         12014926.0    
  -561044.812         12014926.0    
  -564083.750         12014926.0    
  -567122.812         12014926.0    
  -570161.625         12014926.0    
  -573200.688         12014926.0    
  -576239.625         12014926.0    
  -579278.625         12014926.0    
  -582317.562         12014926.0    
  -585356.438         12014926.0    
  -588395.375         12014926.0    
  -591434.375         12014926.0    
  -594473.438         12014926.0    
  -597512.250         12014926.0    
  -600551.312         12014926.0    
  -603590.250         12014926.0    
  -606629.188         12014926.0    
  -609668.125         12014926.0    
  -612707.062         12014926.0    
  -615746.000         12014926.0    
  -618785.000         12014926.0    
  -621823.938         12014926.0    
  -624862.875         12014926.0    
  -627901.875         12014926.0    
  -630940.812         12014926.0    
  -633979.750         12014926.0    
  -637018.750         12014926.0    
  -640057.688         12014926.0    
  -643096.625         12014926.0    
  -646135.625         12014926.0    
  -649174.562         12014926.0    
  -652213.500         12014926.0    
  -655252.438         12014926.0    
  -658291.375         12014926.0    
  -661330.375         12014926.0    
  -664369.375         12014926.0    
  -667408.250         12014926.0    
  -670447.250         12014926.0    
  -673486.188         12014926.0    
  -676525.125         12014926.0    
  -679564.062         12014926.0    
  -682603.062         12014926.0    
  -685642.000         12014926.0    
  -688681.000         12014926.0    
  -691720.000         12014926.0    
  -694758.875         12014926.0    
  -697797.812         12014926.0    
  -700836.812         12014926.0    
  -703875.750         12014926.0    
  -706914.750         12014926.0    
  -709953.688         12014926.0    
  -712992.625         12014926.0    
  -716031.562         12014926.0    
  -719070.562         12014926.0    
  -722109.438         12014926.0    
  -725148.438         12014926.0    
  -728187.375         12014926.0    
  -731226.375         12014926.0    
  -734265.312         12014926.0    
  -737304.312         12014926.0    
  -740343.250         12014926.0    
  -743382.125         12014926.0    
  -746421.125         12014926.0    
  -749460.062         12014926.0    
  -752499.062         12014926.0    
  -755538.000         12014926.0    
  -758577.000         12014926.0    
  -761615.938         12014926.0    
  -764654.812         12014926.0    
  -767693.812         12014926.0    
  -770732.750         12014926.0    
  -773771.750         12014926.0    
  -776810.688         12014926.0    
  -779849.688         12014926.0    
  -782888.625         12014926.0    
  -785927.562         12014926.0    
  -788966.500         12014926.0    
  -792005.438         12014926.0    
  -795044.438         12014926.0    
  -798083.375         12014926.0    
  -801122.375         12014926.0    
  -804161.312         12014926.0    
  -807200.312         12014926.0    
  -810239.188         12014926.0    
  -813278.125         12014926.0    
  -816317.125         12014926.0    
  -819356.000         12014926.0    
  -822395.062         12014926.0    
  -825434.000         12014926.0    
  -828473.000         12014926.0    
  -831511.875         12014926.0    
  -834550.875         12014926.0    
  -837589.812         12014926.0    
  -840628.750         12014926.0    
  -843667.750         12014926.0    
  -846706.625         12014926.0    
  -849745.688         12014926.0    
  -852784.625         12014926.0    
  -855823.562         12014926.0    
  -858862.438         12014926.0    
  -861901.438         12014926.0    
  -864940.438         12014926.0    
  -867979.375         12014926.0    
  -871018.375         12014926.0    
  -874057.250         12014926.0    
  -877096.250         12014926.0    
  -880135.188         12014926.0    
  -883174.188         12014926.0    
  -886213.000         12014926.0    
  -889252.062         12014926.0    
  -892291.062         12014926.0    
  -895330.000         12014926.0    
  -898368.875         12014926.0    
  -901407.875         12014926.0    
  -904446.750         12014926.0    
  -907485.688         12014926.0    
  -910524.750         12014926.0    
  -913563.625         12014926.0    
  -916602.688         12014926.0    
  -919641.625         12014926.0    
  -922680.500         12014926.0    
  -925719.438         12014926.0    
  -928758.438         12014926.0    
  -931797.500         12014926.0    
  -934836.438         12014926.0    
  -937875.375         12014926.0    
  -940914.250         12014926.0    
  -943953.250         12014926.0    
  -946992.188         12014926.0    
  -950031.188         12014926.0    
  -953070.062         12014926.0    
  -956109.188         12014926.0    
  -959147.938         12014926.0    
  -962187.062         12014926.0    
  -965226.000         12014926.0    
  -968264.875         12014926.0    
  -971303.875         12014926.0    
  -974342.750         12014926.0    
  -977381.625         12014926.0    
  -980420.625         12014926.0    
  -983459.625         12014926.0    
  -986498.688         12014926.0    
  -989537.562         12014926.0    
  -992576.688         12014926.0    
  -995615.438         12014926.0    
  -998654.438         12014926.0    
  -1001693.44         12014926.0    
  -1004732.44         12014926.0    
  -1007771.31         12014926.0    
  -1010810.25         12014926.0    
  -1013849.12         12014926.0    
  -1016888.25         12014926.0    
  -1019927.12         12014926.0    
  -1022966.12         12014926.0    
  -1026005.12         12014926.0    
  -1029044.00         12014926.0    
  -1032082.88         12014926.0    
  -1035121.88         12014926.0    
  -1038160.81         12014926.0    
  -1041199.94         12014926.0    
  -1044238.81         12014926.0    
  -1047277.69         12014926.0    
  -1050316.62         12014926.0    
  -1053355.62         12014926.0    
  -1056394.62         12014926.0    
  -1059433.50         12014926.0    
  -1062472.50         12014926.0    
  -1065511.50         12014926.0    
  -1068550.38         12014926.0    
  -1071589.50         12014926.0    
  -1074628.38         12014926.0    
  -1077667.25         12014926.0    
  -1080706.38         12014926.0    
  -1083745.25         12014926.0    
  -1086784.25         12014926.0    
  -1089823.12         12014926.0    
  -1092862.00         12014926.0    
  -1095901.12         12014926.0    
  -1098940.00         12014926.0    
  -1101978.75         12014926.0    
  -1105017.88         12014926.0    
  -1108056.88         12014926.0    
  -1111095.88         12014926.0    
  -1114134.62         12014926.0    
  -1117173.88         12014926.0    
  -1120212.75         12014926.0    
  -1123251.62         12014926.0    
  -1126290.62         12014926.0    
  -1129329.50         12014926.0    
  -1132368.50         12014926.0    
  -1135407.50         12014926.0    
  -1138446.25         12014926.0    
  -1141485.38         12014926.0    
  -1144524.25         12014926.0    
  -1147563.25         12014926.0    
  -1150602.25         12014926.0    
  -1153641.12         12014926.0    
  -1156680.12         12014926.0    
  -1159719.12         12014926.0    
  -1162758.00         12014926.0    
  -1165797.12         12014926.0    
  -1168836.00         12014926.0    
  -1171874.88         12014926.0    
  -1174913.88         12014926.0    
  -1177952.88         12014926.0    
  -1180991.75         12014926.0    
  -1184030.75         12014926.0    
  -1187069.62         12014926.0    
  -1190108.62         12014926.0    
  -1193147.50         12014926.0    
  -1196186.62         12014926.0    
  -1199225.50         12014926.0    
  -1202264.50         12014926.0    
  -1205303.50         12014926.0    
  -1208342.38         12014926.0    
  -1211381.50         12014926.0    
  -1214420.38         12014926.0    
  -1217459.38         12014926.0    
  -1220498.25         12014926.0    
  -1223537.12         12014926.0    
  -1226576.00         12014926.0    
  -1229615.12         12014926.0    
  -1232653.88         12014926.0    
  -1235693.00         12014926.0    
  -1238731.88         12014926.0    
  -1241770.88         12014926.0    
  -1244810.00         12014926.0    
  -1247848.75         12014926.0    
  -1250887.75         12014926.0    
  -1254093.38         12014926.0    
  -1257571.75         12014926.0    
  -1261715.12         12014926.0    
  -1267246.25         12014926.0    
  -1274918.00         12014926.0    
  -1284730.88         12014926.0    
  -1295931.12         12014926.0    
  -1307796.50         12014926.0    
