   7.2749874e+01  -1.1761815e+01
   7.2661535e+01  -1.1761815e+01
   7.2576837e+01  -1.1761815e+01
   7.2498545e+01  -1.1761815e+01
   7.2430341e+01  -1.1761815e+01
   7.2375564e+01  -1.1761815e+01
   7.2335145e+01  -1.1761815e+01
   7.2306898e+01  -1.1761815e+01
   7.2287098e+01  -1.1761815e+01
   7.2272378e+01  -1.1761815e+01
   7.2260457e+01  -1.1761815e+01
   7.2250000e+01  -1.1761815e+01
   7.2241042e+01  -1.1761815e+01
   7.2232085e+01  -1.1761815e+01
   7.2223127e+01  -1.1761815e+01
   7.2214169e+01  -1.1761815e+01
   7.2205212e+01  -1.1761815e+01
   7.2196254e+01  -1.1761815e+01
   7.2187296e+01  -1.1761815e+01
   7.2178339e+01  -1.1761815e+01
   7.2169381e+01  -1.1761815e+01
   7.2160423e+01  -1.1761815e+01
   7.2151466e+01  -1.1761815e+01
   7.2142508e+01  -1.1761815e+01
   7.2133550e+01  -1.1761815e+01
   7.2124593e+01  -1.1761815e+01
   7.2115635e+01  -1.1761815e+01
   7.2106678e+01  -1.1761815e+01
   7.2097720e+01  -1.1761815e+01
   7.2088762e+01  -1.1761815e+01
   7.2079805e+01  -1.1761815e+01
   7.2070847e+01  -1.1761815e+01
   7.2061889e+01  -1.1761815e+01
   7.2052932e+01  -1.1761815e+01
   7.2043974e+01  -1.1761815e+01
   7.2035016e+01  -1.1761815e+01
   7.2026059e+01  -1.1761815e+01
   7.2017101e+01  -1.1761815e+01
   7.2008143e+01  -1.1761815e+01
   7.1999186e+01  -1.1761815e+01
   7.1990228e+01  -1.1761815e+01
   7.1981270e+01  -1.1761815e+01
   7.1972313e+01  -1.1761815e+01
   7.1963355e+01  -1.1761815e+01
   7.1954397e+01  -1.1761815e+01
   7.1945440e+01  -1.1761815e+01
   7.1936482e+01  -1.1761815e+01
   7.1927524e+01  -1.1761815e+01
   7.1918567e+01  -1.1761815e+01
   7.1909609e+01  -1.1761815e+01
   7.1900651e+01  -1.1761815e+01
   7.1891694e+01  -1.1761815e+01
   7.1882736e+01  -1.1761815e+01
   7.1873779e+01  -1.1761815e+01
   7.1864821e+01  -1.1761815e+01
   7.1855863e+01  -1.1761815e+01
   7.1846906e+01  -1.1761815e+01
   7.1837948e+01  -1.1761815e+01
   7.1828990e+01  -1.1761815e+01
   7.1820033e+01  -1.1761815e+01
   7.1811075e+01  -1.1761815e+01
   7.1802117e+01  -1.1761815e+01
   7.1793160e+01  -1.1761815e+01
   7.1784202e+01  -1.1761815e+01
   7.1775244e+01  -1.1761815e+01
   7.1766287e+01  -1.1761815e+01
   7.1757329e+01  -1.1761815e+01
   7.1748371e+01  -1.1761815e+01
   7.1739414e+01  -1.1761815e+01
   7.1730456e+01  -1.1761815e+01
   7.1721498e+01  -1.1761815e+01
   7.1712541e+01  -1.1761815e+01
   7.1703583e+01  -1.1761815e+01
   7.1694625e+01  -1.1761815e+01
   7.1685668e+01  -1.1761815e+01
   7.1676710e+01  -1.1761815e+01
   7.1667752e+01  -1.1761815e+01
   7.1658795e+01  -1.1761815e+01
   7.1649837e+01  -1.1761815e+01
   7.1640879e+01  -1.1761815e+01
   7.1631922e+01  -1.1761815e+01
   7.1622964e+01  -1.1761815e+01
   7.1614007e+01  -1.1761815e+01
   7.1605049e+01  -1.1761815e+01
   7.1596091e+01  -1.1761815e+01
   7.1587134e+01  -1.1761815e+01
   7.1578176e+01  -1.1761815e+01
   7.1569218e+01  -1.1761815e+01
   7.1560261e+01  -1.1761815e+01
   7.1551303e+01  -1.1761815e+01
   7.1542345e+01  -1.1761815e+01
   7.1533388e+01  -1.1761815e+01
   7.1524430e+01  -1.1761815e+01
   7.1515472e+01  -1.1761815e+01
   7.1506515e+01  -1.1761815e+01
   7.1497557e+01  -1.1761815e+01
   7.1488599e+01  -1.1761815e+01
   7.1479642e+01  -1.1761815e+01
   7.1470684e+01  -1.1761815e+01
   7.1461726e+01  -1.1761815e+01
   7.1452769e+01  -1.1761815e+01
   7.1443811e+01  -1.1761815e+01
   7.1434853e+01  -1.1761815e+01
   7.1425896e+01  -1.1761815e+01
   7.1416938e+01  -1.1761815e+01
   7.1407980e+01  -1.1761815e+01
   7.1399023e+01  -1.1761815e+01
   7.1390065e+01  -1.1761815e+01
   7.1381107e+01  -1.1761815e+01
   7.1372150e+01  -1.1761815e+01
   7.1363192e+01  -1.1761815e+01
   7.1354235e+01  -1.1761815e+01
   7.1345277e+01  -1.1761815e+01
   7.1336319e+01  -1.1761815e+01
   7.1327362e+01  -1.1761815e+01
   7.1318404e+01  -1.1761815e+01
   7.1309446e+01  -1.1761815e+01
   7.1300489e+01  -1.1761815e+01
   7.1291531e+01  -1.1761815e+01
   7.1282573e+01  -1.1761815e+01
   7.1273616e+01  -1.1761815e+01
   7.1264658e+01  -1.1761815e+01
   7.1255700e+01  -1.1761815e+01
   7.1246743e+01  -1.1761815e+01
   7.1237785e+01  -1.1761815e+01
   7.1228827e+01  -1.1761815e+01
   7.1219870e+01  -1.1761815e+01
   7.1210912e+01  -1.1761815e+01
   7.1201954e+01  -1.1761815e+01
   7.1192997e+01  -1.1761815e+01
   7.1184039e+01  -1.1761815e+01
   7.1175081e+01  -1.1761815e+01
   7.1166124e+01  -1.1761815e+01
   7.1157166e+01  -1.1761815e+01
   7.1148208e+01  -1.1761815e+01
   7.1139251e+01  -1.1761815e+01
   7.1130293e+01  -1.1761815e+01
   7.1121336e+01  -1.1761815e+01
   7.1112378e+01  -1.1761815e+01
   7.1103420e+01  -1.1761815e+01
   7.1094463e+01  -1.1761815e+01
   7.1085505e+01  -1.1761815e+01
   7.1076547e+01  -1.1761815e+01
   7.1067590e+01  -1.1761815e+01
   7.1058632e+01  -1.1761815e+01
   7.1049674e+01  -1.1761815e+01
   7.1040717e+01  -1.1761815e+01
   7.1031759e+01  -1.1761815e+01
   7.1022801e+01  -1.1761815e+01
   7.1013844e+01  -1.1761815e+01
   7.1004886e+01  -1.1761815e+01
   7.0995928e+01  -1.1761815e+01
   7.0986971e+01  -1.1761815e+01
   7.0978013e+01  -1.1761815e+01
   7.0969055e+01  -1.1761815e+01
   7.0960098e+01  -1.1761815e+01
   7.0951140e+01  -1.1761815e+01
   7.0942182e+01  -1.1761815e+01
   7.0933225e+01  -1.1761815e+01
   7.0924267e+01  -1.1761815e+01
   7.0915309e+01  -1.1761815e+01
   7.0906352e+01  -1.1761815e+01
   7.0897394e+01  -1.1761815e+01
   7.0888436e+01  -1.1761815e+01
   7.0879479e+01  -1.1761815e+01
   7.0870521e+01  -1.1761815e+01
   7.0861564e+01  -1.1761815e+01
   7.0852606e+01  -1.1761815e+01
   7.0843648e+01  -1.1761815e+01
   7.0834691e+01  -1.1761815e+01
   7.0825733e+01  -1.1761815e+01
   7.0816775e+01  -1.1761815e+01
   7.0807818e+01  -1.1761815e+01
   7.0798860e+01  -1.1761815e+01
   7.0789902e+01  -1.1761815e+01
   7.0780945e+01  -1.1761815e+01
   7.0771987e+01  -1.1761815e+01
   7.0763029e+01  -1.1761815e+01
   7.0754072e+01  -1.1761815e+01
   7.0745114e+01  -1.1761815e+01
   7.0736156e+01  -1.1761815e+01
   7.0727199e+01  -1.1761815e+01
   7.0718241e+01  -1.1761815e+01
   7.0709283e+01  -1.1761815e+01
   7.0700326e+01  -1.1761815e+01
   7.0691368e+01  -1.1761815e+01
   7.0682410e+01  -1.1761815e+01
   7.0673453e+01  -1.1761815e+01
   7.0664495e+01  -1.1761815e+01
   7.0655537e+01  -1.1761815e+01
   7.0646580e+01  -1.1761815e+01
   7.0637622e+01  -1.1761815e+01
   7.0628664e+01  -1.1761815e+01
   7.0619707e+01  -1.1761815e+01
   7.0610749e+01  -1.1761815e+01
   7.0601792e+01  -1.1761815e+01
   7.0592834e+01  -1.1761815e+01
   7.0583876e+01  -1.1761815e+01
   7.0574919e+01  -1.1761815e+01
   7.0565961e+01  -1.1761815e+01
   7.0557003e+01  -1.1761815e+01
   7.0548046e+01  -1.1761815e+01
   7.0539088e+01  -1.1761815e+01
   7.0530130e+01  -1.1761815e+01
   7.0521173e+01  -1.1761815e+01
   7.0512215e+01  -1.1761815e+01
   7.0503257e+01  -1.1761815e+01
   7.0494300e+01  -1.1761815e+01
   7.0485342e+01  -1.1761815e+01
   7.0476384e+01  -1.1761815e+01
   7.0467427e+01  -1.1761815e+01
   7.0458469e+01  -1.1761815e+01
   7.0449511e+01  -1.1761815e+01
   7.0440554e+01  -1.1761815e+01
   7.0431596e+01  -1.1761815e+01
   7.0422638e+01  -1.1761815e+01
   7.0413681e+01  -1.1761815e+01
   7.0404723e+01  -1.1761815e+01
   7.0395765e+01  -1.1761815e+01
   7.0386808e+01  -1.1761815e+01
   7.0377850e+01  -1.1761815e+01
   7.0368893e+01  -1.1761815e+01
   7.0359935e+01  -1.1761815e+01
   7.0350977e+01  -1.1761815e+01
   7.0342020e+01  -1.1761815e+01
   7.0333062e+01  -1.1761815e+01
   7.0324104e+01  -1.1761815e+01
   7.0315147e+01  -1.1761815e+01
   7.0306189e+01  -1.1761815e+01
   7.0297231e+01  -1.1761815e+01
   7.0288274e+01  -1.1761815e+01
   7.0279316e+01  -1.1761815e+01
   7.0270358e+01  -1.1761815e+01
   7.0261401e+01  -1.1761815e+01
   7.0252443e+01  -1.1761815e+01
   7.0243485e+01  -1.1761815e+01
   7.0234528e+01  -1.1761815e+01
   7.0225570e+01  -1.1761815e+01
   7.0216612e+01  -1.1761815e+01
   7.0207655e+01  -1.1761815e+01
   7.0198697e+01  -1.1761815e+01
   7.0189739e+01  -1.1761815e+01
   7.0180782e+01  -1.1761815e+01
   7.0171824e+01  -1.1761815e+01
   7.0162866e+01  -1.1761815e+01
   7.0153909e+01  -1.1761815e+01
   7.0144951e+01  -1.1761815e+01
   7.0135993e+01  -1.1761815e+01
   7.0127036e+01  -1.1761815e+01
   7.0118078e+01  -1.1761815e+01
   7.0109121e+01  -1.1761815e+01
   7.0100163e+01  -1.1761815e+01
   7.0091205e+01  -1.1761815e+01
   7.0082248e+01  -1.1761815e+01
   7.0073290e+01  -1.1761815e+01
   7.0064332e+01  -1.1761815e+01
   7.0055375e+01  -1.1761815e+01
   7.0046417e+01  -1.1761815e+01
   7.0037459e+01  -1.1761815e+01
   7.0028502e+01  -1.1761815e+01
   7.0019544e+01  -1.1761815e+01
   7.0010586e+01  -1.1761815e+01
   7.0001629e+01  -1.1761815e+01
   6.9992671e+01  -1.1761815e+01
   6.9983713e+01  -1.1761815e+01
   6.9974756e+01  -1.1761815e+01
   6.9965798e+01  -1.1761815e+01
   6.9956840e+01  -1.1761815e+01
   6.9947883e+01  -1.1761815e+01
   6.9938925e+01  -1.1761815e+01
   6.9929967e+01  -1.1761815e+01
   6.9921010e+01  -1.1761815e+01
   6.9912052e+01  -1.1761815e+01
   6.9903094e+01  -1.1761815e+01
   6.9894137e+01  -1.1761815e+01
   6.9885179e+01  -1.1761815e+01
   6.9876221e+01  -1.1761815e+01
   6.9867264e+01  -1.1761815e+01
   6.9858306e+01  -1.1761815e+01
   6.9849349e+01  -1.1761815e+01
   6.9840391e+01  -1.1761815e+01
   6.9831433e+01  -1.1761815e+01
   6.9822476e+01  -1.1761815e+01
   6.9813518e+01  -1.1761815e+01
   6.9804560e+01  -1.1761815e+01
   6.9795603e+01  -1.1761815e+01
   6.9786645e+01  -1.1761815e+01
   6.9777687e+01  -1.1761815e+01
   6.9768730e+01  -1.1761815e+01
   6.9759772e+01  -1.1761815e+01
   6.9750814e+01  -1.1761815e+01
   6.9741857e+01  -1.1761815e+01
   6.9732899e+01  -1.1761815e+01
   6.9723941e+01  -1.1761815e+01
   6.9714984e+01  -1.1761815e+01
   6.9706026e+01  -1.1761815e+01
   6.9697068e+01  -1.1761815e+01
   6.9688111e+01  -1.1761815e+01
   6.9679153e+01  -1.1761815e+01
   6.9670195e+01  -1.1761815e+01
   6.9661238e+01  -1.1761815e+01
   6.9652280e+01  -1.1761815e+01
   6.9643322e+01  -1.1761815e+01
   6.9634365e+01  -1.1761815e+01
   6.9625407e+01  -1.1761815e+01
   6.9616450e+01  -1.1761815e+01
   6.9607492e+01  -1.1761815e+01
   6.9598534e+01  -1.1761815e+01
   6.9589577e+01  -1.1761815e+01
   6.9580619e+01  -1.1761815e+01
   6.9571661e+01  -1.1761815e+01
   6.9562704e+01  -1.1761815e+01
   6.9553746e+01  -1.1761815e+01
   6.9544788e+01  -1.1761815e+01
   6.9535831e+01  -1.1761815e+01
   6.9526873e+01  -1.1761815e+01
   6.9517915e+01  -1.1761815e+01
   6.9508958e+01  -1.1761815e+01
   6.9500000e+01  -1.1761815e+01
   6.9489543e+01  -1.1761815e+01
   6.9477622e+01  -1.1761815e+01
   6.9462902e+01  -1.1761815e+01
   6.9443102e+01  -1.1761815e+01
   6.9414855e+01  -1.1761815e+01
   6.9374436e+01  -1.1761815e+01
   6.9319659e+01  -1.1761815e+01
   6.9251455e+01  -1.1761815e+01
   6.9173163e+01  -1.1761815e+01
   6.9088465e+01  -1.1761815e+01
   6.9000126e+01  -1.1761815e+01
