   1.2102390e+01   1.4772908e+02
   1.2169657e+01   1.4772916e+02
   1.2234598e+01   1.4772923e+02
   1.2295655e+01   1.4772931e+02
   1.2350723e+01   1.4772937e+02
   1.2397617e+01   1.4772943e+02
   1.2435027e+01   1.4772947e+02
   1.2463306e+01   1.4772951e+02
   1.2484241e+01   1.4772953e+02
   1.2500077e+01   1.4772955e+02
   1.2512725e+01   1.4772957e+02
   1.2523509e+01   1.4772958e+02
   1.2533243e+01   1.4772959e+02
   1.2542401e+01   1.4772960e+02
   1.2551559e+01   1.4772961e+02
   1.2560717e+01   1.4772962e+02
   1.2569875e+01   1.4772963e+02
   1.2579033e+01   1.4772965e+02
   1.2588191e+01   1.4772966e+02
   1.2597349e+01   1.4772967e+02
   1.2606507e+01   1.4772968e+02
   1.2615664e+01   1.4772969e+02
   1.2624820e+01   1.4772970e+02
   1.2633975e+01   1.4772971e+02
   1.2643130e+01   1.4772972e+02
   1.2652286e+01   1.4772973e+02
   1.2661441e+01   1.4772974e+02
   1.2670596e+01   1.4772975e+02
   1.2679751e+01   1.4772977e+02
   1.2688907e+01   1.4772978e+02
   1.2698059e+01   1.4772979e+02
   1.2707212e+01   1.4772980e+02
   1.2716365e+01   1.4772981e+02
   1.2725517e+01   1.4772982e+02
   1.2734670e+01   1.4772983e+02
   1.2743823e+01   1.4772984e+02
   1.2752975e+01   1.4772985e+02
   1.2762128e+01   1.4772986e+02
   1.2771278e+01   1.4772987e+02
   1.2780428e+01   1.4772989e+02
   1.2789578e+01   1.4772990e+02
   1.2798728e+01   1.4772991e+02
   1.2807878e+01   1.4772992e+02
   1.2817028e+01   1.4772993e+02
   1.2826178e+01   1.4772994e+02
   1.2835328e+01   1.4772995e+02
   1.2844476e+01   1.4772996e+02
   1.2853623e+01   1.4772997e+02
   1.2862770e+01   1.4772998e+02
   1.2871918e+01   1.4772999e+02
   1.2881065e+01   1.4773001e+02
   1.2890212e+01   1.4773002e+02
   1.2899360e+01   1.4773003e+02
   1.2908507e+01   1.4773004e+02
   1.2917652e+01   1.4773005e+02
   1.2926797e+01   1.4773006e+02
   1.2935941e+01   1.4773007e+02
   1.2945086e+01   1.4773008e+02
   1.2954231e+01   1.4773009e+02
   1.2963375e+01   1.4773010e+02
   1.2972520e+01   1.4773012e+02
   1.2981665e+01   1.4773013e+02
   1.2990807e+01   1.4773014e+02
   1.2999949e+01   1.4773015e+02
   1.3009091e+01   1.4773016e+02
   1.3018233e+01   1.4773017e+02
   1.3027375e+01   1.4773018e+02
   1.3036517e+01   1.4773019e+02
   1.3045659e+01   1.4773020e+02
   1.3054801e+01   1.4773021e+02
   1.3063940e+01   1.4773022e+02
   1.3073080e+01   1.4773024e+02
   1.3082219e+01   1.4773025e+02
   1.3091358e+01   1.4773026e+02
   1.3100498e+01   1.4773027e+02
   1.3109637e+01   1.4773028e+02
   1.3118776e+01   1.4773029e+02
   1.3127915e+01   1.4773030e+02
   1.3137052e+01   1.4773031e+02
   1.3146189e+01   1.4773032e+02
   1.3155325e+01   1.4773033e+02
   1.3164462e+01   1.4773034e+02
   1.3173599e+01   1.4773036e+02
   1.3182735e+01   1.4773037e+02
   1.3191872e+01   1.4773038e+02
   1.3201008e+01   1.4773039e+02
   1.3210142e+01   1.4773040e+02
   1.3219276e+01   1.4773041e+02
   1.3228410e+01   1.4773042e+02
   1.3237544e+01   1.4773043e+02
   1.3246678e+01   1.4773044e+02
   1.3255812e+01   1.4773045e+02
   1.3264946e+01   1.4773046e+02
   1.3274080e+01   1.4773048e+02
   1.3283211e+01   1.4773049e+02
   1.3292342e+01   1.4773050e+02
   1.3301473e+01   1.4773051e+02
   1.3310604e+01   1.4773052e+02
   1.3319735e+01   1.4773053e+02
   1.3328866e+01   1.4773054e+02
   1.3337998e+01   1.4773055e+02
   1.3347129e+01   1.4773056e+02
   1.3356257e+01   1.4773057e+02
   1.3365386e+01   1.4773058e+02
   1.3374514e+01   1.4773060e+02
   1.3383642e+01   1.4773061e+02
   1.3392771e+01   1.4773062e+02
   1.3401899e+01   1.4773063e+02
   1.3411028e+01   1.4773064e+02
   1.3420156e+01   1.4773065e+02
   1.3429282e+01   1.4773066e+02
   1.3438407e+01   1.4773067e+02
   1.3447533e+01   1.4773068e+02
   1.3456659e+01   1.4773069e+02
   1.3465784e+01   1.4773070e+02
   1.3474910e+01   1.4773072e+02
   1.3484035e+01   1.4773073e+02
   1.3493161e+01   1.4773074e+02
   1.3502284e+01   1.4773075e+02
   1.3511407e+01   1.4773076e+02
   1.3520530e+01   1.4773077e+02
   1.3529653e+01   1.4773078e+02
   1.3538775e+01   1.4773079e+02
   1.3547898e+01   1.4773080e+02
   1.3557021e+01   1.4773081e+02
   1.3566144e+01   1.4773082e+02
   1.3575264e+01   1.4773084e+02
   1.3584384e+01   1.4773085e+02
   1.3593504e+01   1.4773086e+02
   1.3602624e+01   1.4773087e+02
   1.3611744e+01   1.4773088e+02
   1.3620864e+01   1.4773089e+02
   1.3629984e+01   1.4773090e+02
   1.3639104e+01   1.4773091e+02
   1.3648222e+01   1.4773092e+02
   1.3657339e+01   1.4773093e+02
   1.3666456e+01   1.4773094e+02
   1.3675573e+01   1.4773096e+02
   1.3684691e+01   1.4773097e+02
   1.3693808e+01   1.4773098e+02
   1.3702925e+01   1.4773099e+02
   1.3712042e+01   1.4773100e+02
   1.3721157e+01   1.4773101e+02
   1.3730271e+01   1.4773102e+02
   1.3739386e+01   1.4773103e+02
   1.3748500e+01   1.4773104e+02
   1.3757615e+01   1.4773105e+02
   1.3766729e+01   1.4773106e+02
   1.3775844e+01   1.4773108e+02
   1.3784958e+01   1.4773109e+02
   1.3794070e+01   1.4773110e+02
   1.3803181e+01   1.4773111e+02
   1.3812293e+01   1.4773112e+02
   1.3821404e+01   1.4773113e+02
   1.3830516e+01   1.4773114e+02
   1.3839628e+01   1.4773115e+02
   1.3848739e+01   1.4773116e+02
   1.3857851e+01   1.4773117e+02
   1.3866959e+01   1.4773118e+02
   1.3876068e+01   1.4773120e+02
   1.3885177e+01   1.4773121e+02
   1.3894286e+01   1.4773122e+02
   1.3903394e+01   1.4773123e+02
   1.3912503e+01   1.4773124e+02
   1.3921612e+01   1.4773125e+02
   1.3930721e+01   1.4773126e+02
   1.3939827e+01   1.4773127e+02
   1.3948933e+01   1.4773128e+02
   1.3958038e+01   1.4773129e+02
   1.3967144e+01   1.4773130e+02
   1.3976250e+01   1.4773132e+02
   1.3985356e+01   1.4773133e+02
   1.3994462e+01   1.4773134e+02
   1.4003568e+01   1.4773135e+02
   1.4012671e+01   1.4773136e+02
   1.4021774e+01   1.4773137e+02
   1.4030877e+01   1.4773138e+02
   1.4039980e+01   1.4773139e+02
   1.4049083e+01   1.4773140e+02
   1.4058186e+01   1.4773141e+02
   1.4067289e+01   1.4773142e+02
   1.4076392e+01   1.4773144e+02
   1.4085492e+01   1.4773145e+02
   1.4094592e+01   1.4773146e+02
   1.4103692e+01   1.4773147e+02
   1.4112792e+01   1.4773148e+02
   1.4121892e+01   1.4773149e+02
   1.4130993e+01   1.4773150e+02
   1.4140093e+01   1.4773151e+02
   1.4149193e+01   1.4773152e+02
   1.4158290e+01   1.4773153e+02
   1.4167387e+01   1.4773154e+02
   1.4176484e+01   1.4773156e+02
   1.4185582e+01   1.4773157e+02
   1.4194679e+01   1.4773158e+02
   1.4203776e+01   1.4773159e+02
   1.4212873e+01   1.4773160e+02
   1.4221971e+01   1.4773161e+02
   1.4231065e+01   1.4773162e+02
   1.4240159e+01   1.4773163e+02
   1.4249253e+01   1.4773164e+02
   1.4258348e+01   1.4773165e+02
   1.4267442e+01   1.4773166e+02
   1.4276536e+01   1.4773167e+02
   1.4285631e+01   1.4773169e+02
   1.4294725e+01   1.4773170e+02
   1.4303816e+01   1.4773171e+02
   1.4312908e+01   1.4773172e+02
   1.4321999e+01   1.4773173e+02
   1.4331090e+01   1.4773174e+02
   1.4340182e+01   1.4773175e+02
   1.4349273e+01   1.4773176e+02
   1.4358364e+01   1.4773177e+02
   1.4367456e+01   1.4773178e+02
   1.4376544e+01   1.4773179e+02
   1.4385633e+01   1.4773181e+02
   1.4394721e+01   1.4773182e+02
   1.4403809e+01   1.4773183e+02
   1.4412898e+01   1.4773184e+02
   1.4421986e+01   1.4773185e+02
   1.4431075e+01   1.4773186e+02
   1.4440163e+01   1.4773187e+02
   1.4449249e+01   1.4773188e+02
   1.4458334e+01   1.4773189e+02
   1.4467419e+01   1.4773190e+02
   1.4476505e+01   1.4773191e+02
   1.4485590e+01   1.4773193e+02
   1.4494676e+01   1.4773194e+02
   1.4503761e+01   1.4773195e+02
   1.4512847e+01   1.4773196e+02
   1.4521929e+01   1.4773197e+02
   1.4531012e+01   1.4773198e+02
   1.4540094e+01   1.4773199e+02
   1.4549177e+01   1.4773200e+02
   1.4558259e+01   1.4773201e+02
   1.4567342e+01   1.4773202e+02
   1.4576424e+01   1.4773203e+02
   1.4585507e+01   1.4773204e+02
   1.4594586e+01   1.4773206e+02
   1.4603666e+01   1.4773207e+02
   1.4612745e+01   1.4773208e+02
   1.4621825e+01   1.4773209e+02
   1.4630904e+01   1.4773210e+02
   1.4639984e+01   1.4773211e+02
   1.4649063e+01   1.4773212e+02
   1.4658143e+01   1.4773213e+02
   1.4667219e+01   1.4773214e+02
   1.4676295e+01   1.4773215e+02
   1.4685372e+01   1.4773216e+02
   1.4694448e+01   1.4773218e+02
   1.4703525e+01   1.4773219e+02
   1.4712601e+01   1.4773220e+02
   1.4721678e+01   1.4773221e+02
   1.4730754e+01   1.4773222e+02
   1.4739828e+01   1.4773223e+02
   1.4748901e+01   1.4773224e+02
   1.4757975e+01   1.4773225e+02
   1.4767048e+01   1.4773226e+02
   1.4776122e+01   1.4773227e+02
   1.4785195e+01   1.4773228e+02
   1.4794269e+01   1.4773229e+02
   1.4803342e+01   1.4773231e+02
   1.4812413e+01   1.4773232e+02
   1.4821483e+01   1.4773233e+02
   1.4830554e+01   1.4773234e+02
   1.4839624e+01   1.4773235e+02
   1.4848695e+01   1.4773236e+02
   1.4857765e+01   1.4773237e+02
   1.4866835e+01   1.4773238e+02
   1.4875906e+01   1.4773239e+02
   1.4884973e+01   1.4773240e+02
   1.4894041e+01   1.4773241e+02
   1.4903108e+01   1.4773243e+02
   1.4912175e+01   1.4773244e+02
   1.4921243e+01   1.4773245e+02
   1.4930310e+01   1.4773246e+02
   1.4939378e+01   1.4773247e+02
   1.4948445e+01   1.4773248e+02
   1.4957509e+01   1.4773249e+02
   1.4966574e+01   1.4773250e+02
   1.4975638e+01   1.4773251e+02
   1.4984703e+01   1.4773252e+02
   1.4993767e+01   1.4773253e+02
   1.5002831e+01   1.4773254e+02
   1.5011896e+01   1.4773256e+02
   1.5020960e+01   1.4773257e+02
   1.5030021e+01   1.4773258e+02
   1.5039083e+01   1.4773259e+02
   1.5048144e+01   1.4773260e+02
   1.5057205e+01   1.4773261e+02
   1.5066266e+01   1.4773262e+02
   1.5075328e+01   1.4773263e+02
   1.5084389e+01   1.4773264e+02
   1.5093450e+01   1.4773265e+02
   1.5102508e+01   1.4773266e+02
   1.5111567e+01   1.4773267e+02
   1.5120625e+01   1.4773269e+02
   1.5129683e+01   1.4773270e+02
   1.5138741e+01   1.4773271e+02
   1.5147799e+01   1.4773272e+02
   1.5156858e+01   1.4773273e+02
   1.5165916e+01   1.4773274e+02
   1.5174971e+01   1.4773275e+02
   1.5184026e+01   1.4773276e+02
   1.5193081e+01   1.4773277e+02
   1.5202136e+01   1.4773278e+02
   1.5211191e+01   1.4773279e+02
   1.5220246e+01   1.4773281e+02
   1.5229302e+01   1.4773282e+02
   1.5238357e+01   1.4773283e+02
   1.5247412e+01   1.4773284e+02
   1.5257035e+01   1.4773285e+02
   1.5267693e+01   1.4773286e+02
   1.5280189e+01   1.4773288e+02
   1.5295828e+01   1.4773290e+02
   1.5316492e+01   1.4773292e+02
   1.5344397e+01   1.4773295e+02
   1.5381303e+01   1.4773300e+02
   1.5427559e+01   1.4773305e+02
   1.5481873e+01   1.4773312e+02
   1.5542090e+01   1.4773319e+02
   1.5606137e+01   1.4773327e+02
   1.5672475e+01   1.4773335e+02
