   1.5672644e+01   1.4222951e+02
   1.5606305e+01   1.4222947e+02
   1.5542257e+01   1.4222943e+02
   1.5482040e+01   1.4222940e+02
   1.5427725e+01   1.4222936e+02
   1.5381469e+01   1.4222934e+02
   1.5344562e+01   1.4222932e+02
   1.5316657e+01   1.4222930e+02
   1.5295993e+01   1.4222929e+02
   1.5280354e+01   1.4222928e+02
   1.5267858e+01   1.4222927e+02
   1.5257200e+01   1.4222926e+02
   1.5247576e+01   1.4222926e+02
   1.5238521e+01   1.4222925e+02
   1.5229466e+01   1.4222925e+02
   1.5220411e+01   1.4222924e+02
   1.5211355e+01   1.4222924e+02
   1.5202300e+01   1.4222923e+02
   1.5193245e+01   1.4222923e+02
   1.5184190e+01   1.4222922e+02
   1.5175135e+01   1.4222922e+02
   1.5166079e+01   1.4222921e+02
   1.5157021e+01   1.4222920e+02
   1.5147963e+01   1.4222920e+02
   1.5138904e+01   1.4222919e+02
   1.5129846e+01   1.4222919e+02
   1.5120788e+01   1.4222918e+02
   1.5111729e+01   1.4222918e+02
   1.5102671e+01   1.4222917e+02
   1.5093613e+01   1.4222917e+02
   1.5084551e+01   1.4222916e+02
   1.5075490e+01   1.4222916e+02
   1.5066429e+01   1.4222915e+02
   1.5057367e+01   1.4222915e+02
   1.5048306e+01   1.4222914e+02
   1.5039244e+01   1.4222913e+02
   1.5030183e+01   1.4222913e+02
   1.5021122e+01   1.4222912e+02
   1.5012057e+01   1.4222912e+02
   1.5002993e+01   1.4222911e+02
   1.4993928e+01   1.4222911e+02
   1.4984864e+01   1.4222910e+02
   1.4975799e+01   1.4222910e+02
   1.4966735e+01   1.4222909e+02
   1.4957670e+01   1.4222909e+02
   1.4948606e+01   1.4222908e+02
   1.4939538e+01   1.4222908e+02
   1.4930471e+01   1.4222907e+02
   1.4921403e+01   1.4222906e+02
   1.4912336e+01   1.4222906e+02
   1.4903268e+01   1.4222905e+02
   1.4894201e+01   1.4222905e+02
   1.4885133e+01   1.4222904e+02
   1.4876065e+01   1.4222904e+02
   1.4866995e+01   1.4222903e+02
   1.4857924e+01   1.4222903e+02
   1.4848854e+01   1.4222902e+02
   1.4839783e+01   1.4222902e+02
   1.4830713e+01   1.4222901e+02
   1.4821642e+01   1.4222900e+02
   1.4812571e+01   1.4222900e+02
   1.4803501e+01   1.4222899e+02
   1.4794427e+01   1.4222899e+02
   1.4785353e+01   1.4222898e+02
   1.4776280e+01   1.4222898e+02
   1.4767206e+01   1.4222897e+02
   1.4758133e+01   1.4222897e+02
   1.4749059e+01   1.4222896e+02
   1.4739985e+01   1.4222896e+02
   1.4730912e+01   1.4222895e+02
   1.4721835e+01   1.4222894e+02
   1.4712758e+01   1.4222894e+02
   1.4703682e+01   1.4222893e+02
   1.4694605e+01   1.4222893e+02
   1.4685529e+01   1.4222892e+02
   1.4676452e+01   1.4222892e+02
   1.4667375e+01   1.4222891e+02
   1.4658299e+01   1.4222891e+02
   1.4649219e+01   1.4222890e+02
   1.4640139e+01   1.4222890e+02
   1.4631060e+01   1.4222889e+02
   1.4621980e+01   1.4222888e+02
   1.4612900e+01   1.4222888e+02
   1.4603821e+01   1.4222887e+02
   1.4594741e+01   1.4222887e+02
   1.4585661e+01   1.4222886e+02
   1.4576579e+01   1.4222886e+02
   1.4567496e+01   1.4222885e+02
   1.4558413e+01   1.4222885e+02
   1.4549331e+01   1.4222884e+02
   1.4540248e+01   1.4222883e+02
   1.4531165e+01   1.4222883e+02
   1.4522083e+01   1.4222882e+02
   1.4513000e+01   1.4222882e+02
   1.4503915e+01   1.4222881e+02
   1.4494829e+01   1.4222881e+02
   1.4485743e+01   1.4222880e+02
   1.4476658e+01   1.4222880e+02
   1.4467572e+01   1.4222879e+02
   1.4458486e+01   1.4222879e+02
   1.4449401e+01   1.4222878e+02
   1.4440315e+01   1.4222877e+02
   1.4431227e+01   1.4222877e+02
   1.4422138e+01   1.4222876e+02
   1.4413049e+01   1.4222876e+02
   1.4403961e+01   1.4222875e+02
   1.4394872e+01   1.4222875e+02
   1.4385784e+01   1.4222874e+02
   1.4376695e+01   1.4222874e+02
   1.4367606e+01   1.4222873e+02
   1.4358515e+01   1.4222872e+02
   1.4349423e+01   1.4222872e+02
   1.4340332e+01   1.4222871e+02
   1.4331240e+01   1.4222871e+02
   1.4322149e+01   1.4222870e+02
   1.4313057e+01   1.4222870e+02
   1.4303966e+01   1.4222869e+02
   1.4294874e+01   1.4222869e+02
   1.4285780e+01   1.4222868e+02
   1.4276685e+01   1.4222867e+02
   1.4267591e+01   1.4222867e+02
   1.4258496e+01   1.4222866e+02
   1.4249402e+01   1.4222866e+02
   1.4240307e+01   1.4222865e+02
   1.4231213e+01   1.4222865e+02
   1.4222118e+01   1.4222864e+02
   1.4213021e+01   1.4222864e+02
   1.4203923e+01   1.4222863e+02
   1.4194826e+01   1.4222862e+02
   1.4185729e+01   1.4222862e+02
   1.4176631e+01   1.4222861e+02
   1.4167534e+01   1.4222861e+02
   1.4158436e+01   1.4222860e+02
   1.4149339e+01   1.4222860e+02
   1.4140239e+01   1.4222859e+02
   1.4131138e+01   1.4222859e+02
   1.4122038e+01   1.4222858e+02
   1.4112938e+01   1.4222857e+02
   1.4103837e+01   1.4222857e+02
   1.4094737e+01   1.4222856e+02
   1.4085637e+01   1.4222856e+02
   1.4076536e+01   1.4222855e+02
   1.4067433e+01   1.4222855e+02
   1.4058330e+01   1.4222854e+02
   1.4049227e+01   1.4222853e+02
   1.4040123e+01   1.4222853e+02
   1.4031020e+01   1.4222852e+02
   1.4021917e+01   1.4222852e+02
   1.4012814e+01   1.4222851e+02
   1.4003711e+01   1.4222851e+02
   1.3994604e+01   1.4222850e+02
   1.3985498e+01   1.4222850e+02
   1.3976392e+01   1.4222849e+02
   1.3967286e+01   1.4222848e+02
   1.3958180e+01   1.4222848e+02
   1.3949074e+01   1.4222847e+02
   1.3939968e+01   1.4222847e+02
   1.3930862e+01   1.4222846e+02
   1.3921753e+01   1.4222846e+02
   1.3912644e+01   1.4222845e+02
   1.3903535e+01   1.4222845e+02
   1.3894426e+01   1.4222844e+02
   1.3885317e+01   1.4222843e+02
   1.3876208e+01   1.4222843e+02
   1.3867099e+01   1.4222842e+02
   1.3857990e+01   1.4222842e+02
   1.3848878e+01   1.4222841e+02
   1.3839766e+01   1.4222841e+02
   1.3830654e+01   1.4222840e+02
   1.3821543e+01   1.4222839e+02
   1.3812431e+01   1.4222839e+02
   1.3803319e+01   1.4222838e+02
   1.3794207e+01   1.4222838e+02
   1.3785095e+01   1.4222837e+02
   1.3775981e+01   1.4222837e+02
   1.3766866e+01   1.4222836e+02
   1.3757751e+01   1.4222836e+02
   1.3748636e+01   1.4222835e+02
   1.3739522e+01   1.4222834e+02
   1.3730407e+01   1.4222834e+02
   1.3721292e+01   1.4222833e+02
   1.3712178e+01   1.4222833e+02
   1.3703060e+01   1.4222832e+02
   1.3693943e+01   1.4222832e+02
   1.3684825e+01   1.4222831e+02
   1.3675708e+01   1.4222830e+02
   1.3666590e+01   1.4222830e+02
   1.3657473e+01   1.4222829e+02
   1.3648355e+01   1.4222829e+02
   1.3639238e+01   1.4222828e+02
   1.3630117e+01   1.4222828e+02
   1.3620997e+01   1.4222827e+02
   1.3611877e+01   1.4222826e+02
   1.3602756e+01   1.4222826e+02
   1.3593636e+01   1.4222825e+02
   1.3584516e+01   1.4222825e+02
   1.3575395e+01   1.4222824e+02
   1.3566275e+01   1.4222824e+02
   1.3557152e+01   1.4222823e+02
   1.3548029e+01   1.4222822e+02
   1.3538906e+01   1.4222822e+02
   1.3529783e+01   1.4222821e+02
   1.3520660e+01   1.4222821e+02
   1.3511536e+01   1.4222820e+02
   1.3502413e+01   1.4222820e+02
   1.3493290e+01   1.4222819e+02
   1.3484164e+01   1.4222819e+02
   1.3475038e+01   1.4222818e+02
   1.3465912e+01   1.4222817e+02
   1.3456787e+01   1.4222817e+02
   1.3447661e+01   1.4222816e+02
   1.3438535e+01   1.4222816e+02
   1.3429409e+01   1.4222815e+02
   1.3420283e+01   1.4222815e+02
   1.3411154e+01   1.4222814e+02
   1.3402026e+01   1.4222813e+02
   1.3392897e+01   1.4222813e+02
   1.3383768e+01   1.4222812e+02
   1.3374640e+01   1.4222812e+02
   1.3365511e+01   1.4222811e+02
   1.3356382e+01   1.4222811e+02
   1.3347253e+01   1.4222810e+02
   1.3338122e+01   1.4222809e+02
   1.3328991e+01   1.4222809e+02
   1.3319859e+01   1.4222808e+02
   1.3310728e+01   1.4222808e+02
   1.3301596e+01   1.4222807e+02
   1.3292465e+01   1.4222807e+02
   1.3283333e+01   1.4222806e+02
   1.3274202e+01   1.4222805e+02
   1.3265068e+01   1.4222805e+02
   1.3255934e+01   1.4222804e+02
   1.3246799e+01   1.4222804e+02
   1.3237665e+01   1.4222803e+02
   1.3228531e+01   1.4222803e+02
   1.3219397e+01   1.4222802e+02
   1.3210263e+01   1.4222801e+02
   1.3201128e+01   1.4222801e+02
   1.3191991e+01   1.4222800e+02
   1.3182855e+01   1.4222800e+02
   1.3173718e+01   1.4222799e+02
   1.3164581e+01   1.4222799e+02
   1.3155444e+01   1.4222798e+02
   1.3146307e+01   1.4222797e+02
   1.3137170e+01   1.4222797e+02
   1.3128033e+01   1.4222796e+02
   1.3118893e+01   1.4222796e+02
   1.3109754e+01   1.4222795e+02
   1.3100614e+01   1.4222795e+02
   1.3091474e+01   1.4222794e+02
   1.3082335e+01   1.4222793e+02
   1.3073195e+01   1.4222793e+02
   1.3064056e+01   1.4222792e+02
   1.3054916e+01   1.4222792e+02
   1.3045774e+01   1.4222791e+02
   1.3036631e+01   1.4222791e+02
   1.3027489e+01   1.4222790e+02
   1.3018347e+01   1.4222789e+02
   1.3009204e+01   1.4222789e+02
   1.3000062e+01   1.4222788e+02
   1.2990920e+01   1.4222788e+02
   1.2981777e+01   1.4222787e+02
   1.2972632e+01   1.4222787e+02
   1.2963487e+01   1.4222786e+02
   1.2954342e+01   1.4222785e+02
   1.2945197e+01   1.4222785e+02
   1.2936052e+01   1.4222784e+02
   1.2926907e+01   1.4222784e+02
   1.2917762e+01   1.4222783e+02
   1.2908617e+01   1.4222783e+02
   1.2899469e+01   1.4222782e+02
   1.2890322e+01   1.4222781e+02
   1.2881174e+01   1.4222781e+02
   1.2872026e+01   1.4222780e+02
   1.2862878e+01   1.4222780e+02
   1.2853731e+01   1.4222779e+02
   1.2844583e+01   1.4222778e+02
   1.2835435e+01   1.4222778e+02
   1.2826285e+01   1.4222777e+02
   1.2817135e+01   1.4222777e+02
   1.2807984e+01   1.4222776e+02
   1.2798834e+01   1.4222776e+02
   1.2789683e+01   1.4222775e+02
   1.2780533e+01   1.4222774e+02
   1.2771383e+01   1.4222774e+02
   1.2762232e+01   1.4222773e+02
   1.2753079e+01   1.4222773e+02
   1.2743926e+01   1.4222772e+02
   1.2734773e+01   1.4222772e+02
   1.2725620e+01   1.4222771e+02
   1.2716467e+01   1.4222770e+02
   1.2707314e+01   1.4222770e+02
   1.2698161e+01   1.4222769e+02
   1.2689008e+01   1.4222769e+02
   1.2679853e+01   1.4222768e+02
   1.2670697e+01   1.4222768e+02
   1.2661541e+01   1.4222767e+02
   1.2652386e+01   1.4222766e+02
   1.2643230e+01   1.4222766e+02
   1.2634074e+01   1.4222765e+02
   1.2624919e+01   1.4222765e+02
   1.2615763e+01   1.4222764e+02
   1.2606605e+01   1.4222763e+02
   1.2597447e+01   1.4222763e+02
   1.2588288e+01   1.4222762e+02
   1.2579130e+01   1.4222762e+02
   1.2569972e+01   1.4222761e+02
   1.2560813e+01   1.4222761e+02
   1.2551655e+01   1.4222760e+02
   1.2542497e+01   1.4222759e+02
   1.2533339e+01   1.4222759e+02
   1.2523604e+01   1.4222758e+02
   1.2512820e+01   1.4222758e+02
   1.2500171e+01   1.4222757e+02
   1.2484334e+01   1.4222756e+02
   1.2463399e+01   1.4222754e+02
   1.2435119e+01   1.4222753e+02
   1.2397706e+01   1.4222750e+02
   1.2350810e+01   1.4222747e+02
   1.2295740e+01   1.4222744e+02
   1.2234680e+01   1.4222740e+02
   1.2169736e+01   1.4222736e+02
   1.2102466e+01   1.4222732e+02
