   3.3791667e+01  -1.2179167e+02
   3.3708333e+01  -1.2179167e+02
   3.3625000e+01  -1.2179167e+02
   3.3541667e+01  -1.2179167e+02
   3.3458333e+01  -1.2179167e+02
   3.3375000e+01  -1.2179167e+02
   3.3291667e+01  -1.2179167e+02
   3.3208333e+01  -1.2179167e+02
   3.3125000e+01  -1.2179167e+02
   3.3041667e+01  -1.2179167e+02
   3.2958333e+01  -1.2179167e+02
   3.2875000e+01  -1.2179167e+02
   3.2791667e+01  -1.2179167e+02
   3.2708333e+01  -1.2179167e+02
   3.2625000e+01  -1.2179167e+02
   3.2541667e+01  -1.2179167e+02
   3.2458333e+01  -1.2179167e+02
   3.2375000e+01  -1.2179167e+02
   3.2291667e+01  -1.2179167e+02
   3.2208333e+01  -1.2179167e+02
   3.2125000e+01  -1.2179167e+02
   3.2041667e+01  -1.2179167e+02
   3.1958333e+01  -1.2179167e+02
   3.1958333e+01  -1.2170833e+02
   3.1958333e+01  -1.2162500e+02
   3.1958333e+01  -1.2154167e+02
   3.1958333e+01  -1.2145833e+02
   3.1958333e+01  -1.2137500e+02
   3.1958333e+01  -1.2129167e+02
   3.1958333e+01  -1.2120833e+02
   3.1958333e+01  -1.2112500e+02
   3.1958333e+01  -1.2104167e+02
   3.1958333e+01  -1.2095833e+02
   3.1958333e+01  -1.2087500e+02
   3.1958333e+01  -1.2079167e+02
   3.1958333e+01  -1.2070833e+02
   3.1958333e+01  -1.2062500e+02
   3.1958333e+01  -1.2054167e+02
   3.1958333e+01  -1.2045833e+02
   3.1958333e+01  -1.2037500e+02
   3.1958333e+01  -1.2029167e+02
   3.1958333e+01  -1.2020833e+02
   3.1958333e+01  -1.2012500e+02
   3.1958333e+01  -1.2004167e+02
   3.1958333e+01  -1.1995833e+02
   3.1958333e+01  -1.1987500e+02
   3.1958333e+01  -1.1979167e+02
   3.1958333e+01  -1.1970833e+02
   3.1958333e+01  -1.1962500e+02
   3.1958333e+01  -1.1954167e+02
   3.1958333e+01  -1.1945833e+02
   3.1958333e+01  -1.1937500e+02
   3.1958333e+01  -1.1929167e+02
   3.1958333e+01  -1.1920833e+02
   3.1958333e+01  -1.1912500e+02
   3.1958333e+01  -1.1904167e+02
   3.1958333e+01  -1.1895833e+02
   3.1958333e+01  -1.1887500e+02
   3.1958333e+01  -1.1879167e+02
   3.1958333e+01  -1.1870833e+02
   3.1958333e+01  -1.1862500e+02
   3.1958333e+01  -1.1854167e+02
   3.1958333e+01  -1.1845833e+02
   3.1958333e+01  -1.1837500e+02
   3.1958333e+01  -1.1829167e+02
   3.1958333e+01  -1.1820833e+02
   3.1958333e+01  -1.1812500e+02
   3.1958333e+01  -1.1804167e+02
   3.1958333e+01  -1.1795833e+02
   3.1958333e+01  -1.1787500e+02
   3.1958333e+01  -1.1779167e+02
   3.1958333e+01  -1.1770833e+02
   3.1958333e+01  -1.1762500e+02
   3.1958333e+01  -1.1754167e+02
   3.1958333e+01  -1.1745833e+02
   3.1958333e+01  -1.1737500e+02
   3.1958333e+01  -1.1729167e+02
   3.1958333e+01  -1.1720833e+02
   3.1958333e+01  -1.1712500e+02
   3.1958333e+01  -1.1704167e+02
   3.1958333e+01  -1.1695833e+02
   3.1958333e+01  -1.1687500e+02
   3.1958333e+01  -1.1679167e+02
   3.1958333e+01  -1.1670833e+02
   3.2041667e+01  -1.1670833e+02
   3.2125000e+01  -1.1670833e+02
   3.2208333e+01  -1.1670833e+02
   3.2291667e+01  -1.1670833e+02
   3.2375000e+01  -1.1670833e+02
   3.2458333e+01  -1.1670833e+02
   3.2541667e+01  -1.1670833e+02
   3.2625000e+01  -1.1670833e+02
   3.2708333e+01  -1.1670833e+02
   3.2791667e+01  -1.1670833e+02
   3.2875000e+01  -1.1670833e+02
   3.2958333e+01  -1.1670833e+02
   3.3041667e+01  -1.1670833e+02
   3.3125000e+01  -1.1670833e+02
   3.3208333e+01  -1.1670833e+02
   3.3291667e+01  -1.1670833e+02
   3.3375000e+01  -1.1670833e+02
   3.3458333e+01  -1.1670833e+02
   3.3541667e+01  -1.1670833e+02
   3.3625000e+01  -1.1670833e+02
   3.3708333e+01  -1.1670833e+02
   3.3791667e+01  -1.1670833e+02
   3.3791667e+01  -1.1679167e+02
   3.3791667e+01  -1.1687500e+02
   3.3791667e+01  -1.1695833e+02
   3.3791667e+01  -1.1704167e+02
   3.3791667e+01  -1.1712500e+02
   3.3791667e+01  -1.1720833e+02
   3.3791667e+01  -1.1729167e+02
   3.3791667e+01  -1.1737500e+02
   3.3791667e+01  -1.1745833e+02
   3.3791667e+01  -1.1754167e+02
   3.3791667e+01  -1.1762500e+02
   3.3791667e+01  -1.1770833e+02
   3.3791667e+01  -1.1779167e+02
   3.3791667e+01  -1.1787500e+02
   3.3791667e+01  -1.1795833e+02
   3.3791667e+01  -1.1804167e+02
   3.3791667e+01  -1.1812500e+02
   3.3791667e+01  -1.1820833e+02
   3.3791667e+01  -1.1829167e+02
   3.3791667e+01  -1.1837500e+02
   3.3791667e+01  -1.1845833e+02
   3.3791667e+01  -1.1854167e+02
   3.3791667e+01  -1.1862500e+02
   3.3791667e+01  -1.1870833e+02
   3.3791667e+01  -1.1879167e+02
   3.3791667e+01  -1.1887500e+02
   3.3791667e+01  -1.1895833e+02
   3.3791667e+01  -1.1904167e+02
   3.3791667e+01  -1.1912500e+02
   3.3791667e+01  -1.1920833e+02
   3.3791667e+01  -1.1929167e+02
   3.3791667e+01  -1.1937500e+02
   3.3791667e+01  -1.1945833e+02
   3.3791667e+01  -1.1954167e+02
   3.3791667e+01  -1.1962500e+02
   3.3791667e+01  -1.1970833e+02
   3.3791667e+01  -1.1979167e+02
   3.3791667e+01  -1.1987500e+02
   3.3791667e+01  -1.1995833e+02
   3.3791667e+01  -1.2004167e+02
   3.3791667e+01  -1.2012500e+02
   3.3791667e+01  -1.2020833e+02
   3.3791667e+01  -1.2029167e+02
   3.3791667e+01  -1.2037500e+02
   3.3791667e+01  -1.2045833e+02
   3.3791667e+01  -1.2054167e+02
   3.3791667e+01  -1.2062500e+02
   3.3791667e+01  -1.2070833e+02
   3.3791667e+01  -1.2079167e+02
   3.3791667e+01  -1.2087500e+02
   3.3791667e+01  -1.2095833e+02
   3.3791667e+01  -1.2104167e+02
   3.3791667e+01  -1.2112500e+02
   3.3791667e+01  -1.2120833e+02
   3.3791667e+01  -1.2129167e+02
   3.3791667e+01  -1.2137500e+02
   3.3791667e+01  -1.2145833e+02
   3.3791667e+01  -1.2154167e+02
   3.3791667e+01  -1.2162500e+02
   3.3791667e+01  -1.2170833e+02
   3.3791667e+01  -1.2179167e+02
