23
-366001.031 3996209.00
-366001.031 3985064.75
-366001.031 3973932.50
-366001.031 3962809.50
-366001.031 3951697.50
-366001.031 3940597.00
-366001.031 3929506.75
-366001.031 3918426.50
-366001.031 3907357.75
-366001.031 3896299.50
-366001.031 3885250.50
-366001.031 3874213.00
-366001.031 3863185.50
-366001.031 3852168.50
-366001.031 3841161.50
-366001.031 3830164.75
-366001.031 3819178.50
-366001.031 3808202.50
-366001.031 3797236.75
-366001.031 3786280.00
-366001.031 3775334.00
-366001.031 3764398.75
-366001.031 3753471.75
62
-366001.031 3753471.75
-356734.094 3753471.75
-347468.812 3753471.75
-338203.531 3753471.75
-328936.594 3753471.75
-319671.312 3753471.75
-310406.031 3753471.75
-301139.062 3753471.75
-291873.844 3753471.75
-282608.531 3753471.75
-273341.562 3753471.75
-264076.312 3753471.75
-254811.047 3753471.75
-245544.078 3753471.75
-236278.781 3753471.75
-227013.531 3753471.75
-217746.562 3753471.75
-208481.297 3753471.75
-199216.016 3753471.75
-189949.078 3753471.75
-180683.797 3753471.75
-171418.516 3753471.75
-162151.547 3753471.75
-152886.281 3753471.75
-143621.016 3753471.75
-134354.047 3753471.75
-125088.781 3753471.75
-115823.500 3753471.75
-106556.539 3753471.75
-97291.2734 3753471.75
-88026.0000 3753471.75
-78759.0391 3753471.75
-69493.7656 3753471.75
-60228.4922 3753471.75
-50961.5273 3753471.75
-41696.2617 3753471.75
-32430.9902 3753471.75
-23164.0234 3753471.75
-13898.7539 3753471.75
-4633.48340 3753471.75
4633.48340 3753471.75
13898.7539 3753471.75
23164.0234 3753471.75
32430.9902 3753471.75
41696.2617 3753471.75
50961.5273 3753471.75
60228.4922 3753471.75
69493.7656 3753471.75
78759.0391 3753471.75
88026.0000 3753471.75
97291.2734 3753471.75
106556.539 3753471.75
115823.500 3753471.75
125088.781 3753471.75
134354.047 3753471.75
143621.016 3753471.75
152886.281 3753471.75
162151.547 3753471.75
171418.516 3753471.75
180683.797 3753471.75
189949.078 3753471.75
199216.016 3753471.75
23
199216.016 3753471.75
199216.016 3764398.75
199216.016 3775334.00
199216.016 3786280.00
199216.016 3797236.75
199216.016 3808202.50
199216.016 3819178.50
199216.016 3830164.75
199216.016 3841161.50
199216.016 3852168.50
199216.016 3863185.50
199216.016 3874213.00
199216.016 3885250.50
199216.016 3896299.50
199216.016 3907357.75
199216.016 3918426.50
199216.016 3929506.75
199216.016 3940597.00
199216.016 3951697.50
199216.016 3962809.50
199216.016 3973932.50
199216.016 3985064.75
199216.016 3996209.00
62
199216.016 3996209.00
189949.078 3996209.00
180683.797 3996209.00
171418.516 3996209.00
162151.547 3996209.00
152886.281 3996209.00
143621.016 3996209.00
134354.047 3996209.00
125088.781 3996209.00
115823.500 3996209.00
106556.539 3996209.00
97291.2734 3996209.00
88026.0000 3996209.00
78759.0391 3996209.00
69493.7656 3996209.00
60228.4922 3996209.00
50961.5273 3996209.00
41696.2617 3996209.00
32430.9902 3996209.00
23164.0234 3996209.00
13898.7539 3996209.00
4633.48340 3996209.00
-4633.48340 3996209.00
-13898.7539 3996209.00
-23164.0234 3996209.00
-32430.9902 3996209.00
-41696.2617 3996209.00
-50961.5273 3996209.00
-60228.4922 3996209.00
-69493.7656 3996209.00
-78759.0391 3996209.00
-88026.0000 3996209.00
-97291.2734 3996209.00
-106556.539 3996209.00
-115823.500 3996209.00
-125088.781 3996209.00
-134354.047 3996209.00
-143621.016 3996209.00
-152886.281 3996209.00
-162151.547 3996209.00
-171418.516 3996209.00
-180683.797 3996209.00
-189949.078 3996209.00
-199216.016 3996209.00
-208481.297 3996209.00
-217746.562 3996209.00
-227013.531 3996209.00
-236278.781 3996209.00
-245544.078 3996209.00
-254811.047 3996209.00
-264076.312 3996209.00
-273341.562 3996209.00
-282608.531 3996209.00
-291873.844 3996209.00
-301139.062 3996209.00
-310406.031 3996209.00
-319671.312 3996209.00
-328936.594 3996209.00
-338203.531 3996209.00
-347468.812 3996209.00
-356734.094 3996209.00
-366001.031 3996209.00
