   3.3791667e+01  -1.2004167e+02
   3.3770833e+01  -1.2004167e+02
   3.3750000e+01  -1.2004167e+02
   3.3729167e+01  -1.2004167e+02
   3.3708333e+01  -1.2004167e+02
   3.3687500e+01  -1.2004167e+02
   3.3666667e+01  -1.2004167e+02
   3.3645833e+01  -1.2004167e+02
   3.3625000e+01  -1.2004167e+02
   3.3604167e+01  -1.2004167e+02
   3.3583333e+01  -1.2004167e+02
   3.3562500e+01  -1.2004167e+02
   3.3541667e+01  -1.2004167e+02
   3.3520833e+01  -1.2004167e+02
   3.3500000e+01  -1.2004167e+02
   3.3479167e+01  -1.2004167e+02
   3.3458333e+01  -1.2004167e+02
   3.3437500e+01  -1.2004167e+02
   3.3416667e+01  -1.2004167e+02
   3.3395833e+01  -1.2004167e+02
   3.3375000e+01  -1.2004167e+02
   3.3354167e+01  -1.2004167e+02
   3.3333333e+01  -1.2004167e+02
   3.3312500e+01  -1.2004167e+02
   3.3291667e+01  -1.2004167e+02
   3.3270833e+01  -1.2004167e+02
   3.3250000e+01  -1.2004167e+02
   3.3229167e+01  -1.2004167e+02
   3.3208333e+01  -1.2004167e+02
   3.3187500e+01  -1.2004167e+02
   3.3166667e+01  -1.2004167e+02
   3.3145833e+01  -1.2004167e+02
   3.3125000e+01  -1.2004167e+02
   3.3104167e+01  -1.2004167e+02
   3.3083333e+01  -1.2004167e+02
   3.3062500e+01  -1.2004167e+02
   3.3041667e+01  -1.2004167e+02
   3.3020833e+01  -1.2004167e+02
   3.3000000e+01  -1.2004167e+02
   3.2979167e+01  -1.2004167e+02
   3.2958333e+01  -1.2004167e+02
   3.2937500e+01  -1.2004167e+02
   3.2916667e+01  -1.2004167e+02
   3.2895833e+01  -1.2004167e+02
   3.2875000e+01  -1.2004167e+02
   3.2854167e+01  -1.2004167e+02
   3.2833333e+01  -1.2004167e+02
   3.2812500e+01  -1.2004167e+02
   3.2791667e+01  -1.2004167e+02
   3.2770833e+01  -1.2004167e+02
   3.2750000e+01  -1.2004167e+02
   3.2729167e+01  -1.2004167e+02
   3.2708333e+01  -1.2004167e+02
   3.2687500e+01  -1.2004167e+02
   3.2666667e+01  -1.2004167e+02
   3.2645833e+01  -1.2004167e+02
   3.2625000e+01  -1.2004167e+02
   3.2604167e+01  -1.2004167e+02
   3.2583333e+01  -1.2004167e+02
   3.2562500e+01  -1.2004167e+02
   3.2541667e+01  -1.2004167e+02
   3.2520833e+01  -1.2004167e+02
   3.2500000e+01  -1.2004167e+02
   3.2479167e+01  -1.2004167e+02
   3.2458333e+01  -1.2004167e+02
   3.2437500e+01  -1.2004167e+02
   3.2416667e+01  -1.2004167e+02
   3.2395833e+01  -1.2004167e+02
   3.2375000e+01  -1.2004167e+02
   3.2354167e+01  -1.2004167e+02
   3.2333333e+01  -1.2004167e+02
   3.2312500e+01  -1.2004167e+02
   3.2291667e+01  -1.2004167e+02
   3.2270833e+01  -1.2004167e+02
   3.2250000e+01  -1.2004167e+02
   3.2229167e+01  -1.2004167e+02
   3.2208333e+01  -1.2004167e+02
   3.2187500e+01  -1.2004167e+02
   3.2166667e+01  -1.2004167e+02
   3.2145833e+01  -1.2004167e+02
   3.2125000e+01  -1.2004167e+02
   3.2104167e+01  -1.2004167e+02
   3.2083333e+01  -1.2004167e+02
   3.2062500e+01  -1.2004167e+02
   3.2041667e+01  -1.2004167e+02
   3.2020833e+01  -1.2004167e+02
   3.2000000e+01  -1.2004167e+02
   3.1979167e+01  -1.2004167e+02
   3.1958333e+01  -1.2004167e+02
   3.1958333e+01  -1.2002083e+02
   3.1958333e+01  -1.2000000e+02
   3.1958333e+01  -1.1997917e+02
   3.1958333e+01  -1.1995833e+02
   3.1958333e+01  -1.1993750e+02
   3.1958333e+01  -1.1991667e+02
   3.1958333e+01  -1.1989583e+02
   3.1958333e+01  -1.1987500e+02
   3.1958333e+01  -1.1985417e+02
   3.1958333e+01  -1.1983333e+02
   3.1958333e+01  -1.1981250e+02
   3.1958333e+01  -1.1979167e+02
   3.1958333e+01  -1.1977083e+02
   3.1958333e+01  -1.1975000e+02
   3.1958333e+01  -1.1972917e+02
   3.1958333e+01  -1.1970833e+02
   3.1958333e+01  -1.1968750e+02
   3.1958333e+01  -1.1966667e+02
   3.1958333e+01  -1.1964583e+02
   3.1958333e+01  -1.1962500e+02
   3.1958333e+01  -1.1960417e+02
   3.1958333e+01  -1.1958333e+02
   3.1958333e+01  -1.1956250e+02
   3.1958333e+01  -1.1954167e+02
   3.1958333e+01  -1.1952083e+02
   3.1958333e+01  -1.1950000e+02
   3.1958333e+01  -1.1947917e+02
   3.1958333e+01  -1.1945833e+02
   3.1958333e+01  -1.1943750e+02
   3.1958333e+01  -1.1941667e+02
   3.1958333e+01  -1.1939583e+02
   3.1958333e+01  -1.1937500e+02
   3.1958333e+01  -1.1935417e+02
   3.1958333e+01  -1.1933333e+02
   3.1958333e+01  -1.1931250e+02
   3.1958333e+01  -1.1929167e+02
   3.1958333e+01  -1.1927083e+02
   3.1958333e+01  -1.1925000e+02
   3.1958333e+01  -1.1922917e+02
   3.1958333e+01  -1.1920833e+02
   3.1958333e+01  -1.1918750e+02
   3.1958333e+01  -1.1916667e+02
   3.1958333e+01  -1.1914583e+02
   3.1958333e+01  -1.1912500e+02
   3.1958333e+01  -1.1910417e+02
   3.1958333e+01  -1.1908333e+02
   3.1958333e+01  -1.1906250e+02
   3.1958333e+01  -1.1904167e+02
   3.1958333e+01  -1.1902083e+02
   3.1958333e+01  -1.1900000e+02
   3.1958333e+01  -1.1897917e+02
   3.1958333e+01  -1.1895833e+02
   3.1958333e+01  -1.1893750e+02
   3.1958333e+01  -1.1891667e+02
   3.1958333e+01  -1.1889583e+02
   3.1958333e+01  -1.1887500e+02
   3.1958333e+01  -1.1885417e+02
   3.1958333e+01  -1.1883333e+02
   3.1958333e+01  -1.1881250e+02
   3.1958333e+01  -1.1879167e+02
   3.1958333e+01  -1.1877083e+02
   3.1958333e+01  -1.1875000e+02
   3.1958333e+01  -1.1872917e+02
   3.1958333e+01  -1.1870833e+02
   3.1958333e+01  -1.1868750e+02
   3.1958333e+01  -1.1866667e+02
   3.1958333e+01  -1.1864583e+02
   3.1958333e+01  -1.1862500e+02
   3.1958333e+01  -1.1860417e+02
   3.1958333e+01  -1.1858333e+02
   3.1958333e+01  -1.1856250e+02
   3.1958333e+01  -1.1854167e+02
   3.1958333e+01  -1.1852083e+02
   3.1958333e+01  -1.1850000e+02
   3.1958333e+01  -1.1847917e+02
   3.1958333e+01  -1.1845833e+02
   3.1958333e+01  -1.1843750e+02
   3.1958333e+01  -1.1841667e+02
   3.1958333e+01  -1.1839583e+02
   3.1958333e+01  -1.1837500e+02
   3.1958333e+01  -1.1835417e+02
   3.1958333e+01  -1.1833333e+02
   3.1958333e+01  -1.1831250e+02
   3.1958333e+01  -1.1829167e+02
   3.1958333e+01  -1.1827083e+02
   3.1958333e+01  -1.1825000e+02
   3.1958333e+01  -1.1822917e+02
   3.1958333e+01  -1.1820833e+02
   3.1958333e+01  -1.1818750e+02
   3.1958333e+01  -1.1816667e+02
   3.1958333e+01  -1.1814583e+02
   3.1958333e+01  -1.1812500e+02
   3.1958333e+01  -1.1810417e+02
   3.1958333e+01  -1.1808333e+02
   3.1958333e+01  -1.1806250e+02
   3.1958333e+01  -1.1804167e+02
   3.1958333e+01  -1.1802083e+02
   3.1958333e+01  -1.1800000e+02
   3.1958333e+01  -1.1797917e+02
   3.1958333e+01  -1.1795833e+02
   3.1958333e+01  -1.1793750e+02
   3.1958333e+01  -1.1791667e+02
   3.1958333e+01  -1.1789583e+02
   3.1958333e+01  -1.1787500e+02
   3.1958333e+01  -1.1785417e+02
   3.1958333e+01  -1.1783333e+02
   3.1958333e+01  -1.1781250e+02
   3.1958333e+01  -1.1779167e+02
   3.1958333e+01  -1.1777083e+02
   3.1958333e+01  -1.1775000e+02
   3.1958333e+01  -1.1772917e+02
   3.1958333e+01  -1.1770833e+02
   3.1958333e+01  -1.1768750e+02
   3.1958333e+01  -1.1766667e+02
   3.1958333e+01  -1.1764583e+02
   3.1958333e+01  -1.1762500e+02
   3.1958333e+01  -1.1760417e+02
   3.1958333e+01  -1.1758333e+02
   3.1958333e+01  -1.1756250e+02
   3.1958333e+01  -1.1754167e+02
   3.1958333e+01  -1.1752083e+02
   3.1958333e+01  -1.1750000e+02
   3.1958333e+01  -1.1747917e+02
   3.1958333e+01  -1.1745833e+02
   3.1958333e+01  -1.1743750e+02
   3.1958333e+01  -1.1741667e+02
   3.1958333e+01  -1.1739583e+02
   3.1958333e+01  -1.1737500e+02
   3.1958333e+01  -1.1735417e+02
   3.1958333e+01  -1.1733333e+02
   3.1958333e+01  -1.1731250e+02
   3.1958333e+01  -1.1729167e+02
   3.1958333e+01  -1.1727083e+02
   3.1958333e+01  -1.1725000e+02
   3.1958333e+01  -1.1722917e+02
   3.1958333e+01  -1.1720833e+02
   3.1958333e+01  -1.1718750e+02
   3.1958333e+01  -1.1716667e+02
   3.1958333e+01  -1.1714583e+02
   3.1958333e+01  -1.1712500e+02
   3.1958333e+01  -1.1710417e+02
   3.1958333e+01  -1.1708333e+02
   3.1958333e+01  -1.1706250e+02
   3.1958333e+01  -1.1704167e+02
   3.1958333e+01  -1.1702083e+02
   3.1958333e+01  -1.1700000e+02
   3.1958333e+01  -1.1697917e+02
   3.1958333e+01  -1.1695833e+02
   3.1958333e+01  -1.1693750e+02
   3.1958333e+01  -1.1691667e+02
   3.1958333e+01  -1.1689583e+02
   3.1958333e+01  -1.1687500e+02
   3.1958333e+01  -1.1685417e+02
   3.1958333e+01  -1.1683333e+02
   3.1958333e+01  -1.1681250e+02
   3.1958333e+01  -1.1679167e+02
   3.1958333e+01  -1.1677083e+02
   3.1958333e+01  -1.1675000e+02
   3.1958333e+01  -1.1672917e+02
   3.1958333e+01  -1.1670833e+02
   3.1979167e+01  -1.1670833e+02
   3.2000000e+01  -1.1670833e+02
   3.2020833e+01  -1.1670833e+02
   3.2041667e+01  -1.1670833e+02
   3.2062500e+01  -1.1670833e+02
   3.2083333e+01  -1.1670833e+02
   3.2104167e+01  -1.1670833e+02
   3.2125000e+01  -1.1670833e+02
   3.2145833e+01  -1.1670833e+02
   3.2166667e+01  -1.1670833e+02
   3.2187500e+01  -1.1670833e+02
   3.2208333e+01  -1.1670833e+02
   3.2229167e+01  -1.1670833e+02
   3.2250000e+01  -1.1670833e+02
   3.2270833e+01  -1.1670833e+02
   3.2291667e+01  -1.1670833e+02
   3.2312500e+01  -1.1670833e+02
   3.2333333e+01  -1.1670833e+02
   3.2354167e+01  -1.1670833e+02
   3.2375000e+01  -1.1670833e+02
   3.2395833e+01  -1.1670833e+02
   3.2416667e+01  -1.1670833e+02
   3.2437500e+01  -1.1670833e+02
   3.2458333e+01  -1.1670833e+02
   3.2479167e+01  -1.1670833e+02
   3.2500000e+01  -1.1670833e+02
   3.2520833e+01  -1.1670833e+02
   3.2541667e+01  -1.1670833e+02
   3.2562500e+01  -1.1670833e+02
   3.2583333e+01  -1.1670833e+02
   3.2604167e+01  -1.1670833e+02
   3.2625000e+01  -1.1670833e+02
   3.2645833e+01  -1.1670833e+02
   3.2666667e+01  -1.1670833e+02
   3.2687500e+01  -1.1670833e+02
   3.2708333e+01  -1.1670833e+02
   3.2729167e+01  -1.1670833e+02
   3.2750000e+01  -1.1670833e+02
   3.2770833e+01  -1.1670833e+02
   3.2791667e+01  -1.1670833e+02
   3.2812500e+01  -1.1670833e+02
   3.2833333e+01  -1.1670833e+02
   3.2854167e+01  -1.1670833e+02
   3.2875000e+01  -1.1670833e+02
   3.2895833e+01  -1.1670833e+02
   3.2916667e+01  -1.1670833e+02
   3.2937500e+01  -1.1670833e+02
   3.2958333e+01  -1.1670833e+02
   3.2979167e+01  -1.1670833e+02
   3.3000000e+01  -1.1670833e+02
   3.3020833e+01  -1.1670833e+02
   3.3041667e+01  -1.1670833e+02
   3.3062500e+01  -1.1670833e+02
   3.3083333e+01  -1.1670833e+02
   3.3104167e+01  -1.1670833e+02
   3.3125000e+01  -1.1670833e+02
   3.3145833e+01  -1.1670833e+02
   3.3166667e+01  -1.1670833e+02
   3.3187500e+01  -1.1670833e+02
   3.3208333e+01  -1.1670833e+02
   3.3229167e+01  -1.1670833e+02
   3.3250000e+01  -1.1670833e+02
   3.3270833e+01  -1.1670833e+02
   3.3291667e+01  -1.1670833e+02
   3.3312500e+01  -1.1670833e+02
   3.3333333e+01  -1.1670833e+02
   3.3354167e+01  -1.1670833e+02
   3.3375000e+01  -1.1670833e+02
   3.3395833e+01  -1.1670833e+02
   3.3416667e+01  -1.1670833e+02
   3.3437500e+01  -1.1670833e+02
   3.3458333e+01  -1.1670833e+02
   3.3479167e+01  -1.1670833e+02
   3.3500000e+01  -1.1670833e+02
   3.3520833e+01  -1.1670833e+02
   3.3541667e+01  -1.1670833e+02
   3.3562500e+01  -1.1670833e+02
   3.3583333e+01  -1.1670833e+02
   3.3604167e+01  -1.1670833e+02
   3.3625000e+01  -1.1670833e+02
   3.3645833e+01  -1.1670833e+02
   3.3666667e+01  -1.1670833e+02
   3.3687500e+01  -1.1670833e+02
   3.3708333e+01  -1.1670833e+02
   3.3729167e+01  -1.1670833e+02
   3.3750000e+01  -1.1670833e+02
   3.3770833e+01  -1.1670833e+02
   3.3791667e+01  -1.1670833e+02
   3.3791667e+01  -1.1672917e+02
   3.3791667e+01  -1.1675000e+02
   3.3791667e+01  -1.1677083e+02
   3.3791667e+01  -1.1679167e+02
   3.3791667e+01  -1.1681250e+02
   3.3791667e+01  -1.1683333e+02
   3.3791667e+01  -1.1685417e+02
   3.3791667e+01  -1.1687500e+02
   3.3791667e+01  -1.1689583e+02
   3.3791667e+01  -1.1691667e+02
   3.3791667e+01  -1.1693750e+02
   3.3791667e+01  -1.1695833e+02
   3.3791667e+01  -1.1697917e+02
   3.3791667e+01  -1.1700000e+02
   3.3791667e+01  -1.1702083e+02
   3.3791667e+01  -1.1704167e+02
   3.3791667e+01  -1.1706250e+02
   3.3791667e+01  -1.1708333e+02
   3.3791667e+01  -1.1710417e+02
   3.3791667e+01  -1.1712500e+02
   3.3791667e+01  -1.1714583e+02
   3.3791667e+01  -1.1716667e+02
   3.3791667e+01  -1.1718750e+02
   3.3791667e+01  -1.1720833e+02
   3.3791667e+01  -1.1722917e+02
   3.3791667e+01  -1.1725000e+02
   3.3791667e+01  -1.1727083e+02
   3.3791667e+01  -1.1729167e+02
   3.3791667e+01  -1.1731250e+02
   3.3791667e+01  -1.1733333e+02
   3.3791667e+01  -1.1735417e+02
   3.3791667e+01  -1.1737500e+02
   3.3791667e+01  -1.1739583e+02
   3.3791667e+01  -1.1741667e+02
   3.3791667e+01  -1.1743750e+02
   3.3791667e+01  -1.1745833e+02
   3.3791667e+01  -1.1747917e+02
   3.3791667e+01  -1.1750000e+02
   3.3791667e+01  -1.1752083e+02
   3.3791667e+01  -1.1754167e+02
   3.3791667e+01  -1.1756250e+02
   3.3791667e+01  -1.1758333e+02
   3.3791667e+01  -1.1760417e+02
   3.3791667e+01  -1.1762500e+02
   3.3791667e+01  -1.1764583e+02
   3.3791667e+01  -1.1766667e+02
   3.3791667e+01  -1.1768750e+02
   3.3791667e+01  -1.1770833e+02
   3.3791667e+01  -1.1772917e+02
   3.3791667e+01  -1.1775000e+02
   3.3791667e+01  -1.1777083e+02
   3.3791667e+01  -1.1779167e+02
   3.3791667e+01  -1.1781250e+02
   3.3791667e+01  -1.1783333e+02
   3.3791667e+01  -1.1785417e+02
   3.3791667e+01  -1.1787500e+02
   3.3791667e+01  -1.1789583e+02
   3.3791667e+01  -1.1791667e+02
   3.3791667e+01  -1.1793750e+02
   3.3791667e+01  -1.1795833e+02
   3.3791667e+01  -1.1797917e+02
   3.3791667e+01  -1.1800000e+02
   3.3791667e+01  -1.1802083e+02
   3.3791667e+01  -1.1804167e+02
   3.3791667e+01  -1.1806250e+02
   3.3791667e+01  -1.1808333e+02
   3.3791667e+01  -1.1810417e+02
   3.3791667e+01  -1.1812500e+02
   3.3791667e+01  -1.1814583e+02
   3.3791667e+01  -1.1816667e+02
   3.3791667e+01  -1.1818750e+02
   3.3791667e+01  -1.1820833e+02
   3.3791667e+01  -1.1822917e+02
   3.3791667e+01  -1.1825000e+02
   3.3791667e+01  -1.1827083e+02
   3.3791667e+01  -1.1829167e+02
   3.3791667e+01  -1.1831250e+02
   3.3791667e+01  -1.1833333e+02
   3.3791667e+01  -1.1835417e+02
   3.3791667e+01  -1.1837500e+02
   3.3791667e+01  -1.1839583e+02
   3.3791667e+01  -1.1841667e+02
   3.3791667e+01  -1.1843750e+02
   3.3791667e+01  -1.1845833e+02
   3.3791667e+01  -1.1847917e+02
   3.3791667e+01  -1.1850000e+02
   3.3791667e+01  -1.1852083e+02
   3.3791667e+01  -1.1854167e+02
   3.3791667e+01  -1.1856250e+02
   3.3791667e+01  -1.1858333e+02
   3.3791667e+01  -1.1860417e+02
   3.3791667e+01  -1.1862500e+02
   3.3791667e+01  -1.1864583e+02
   3.3791667e+01  -1.1866667e+02
   3.3791667e+01  -1.1868750e+02
   3.3791667e+01  -1.1870833e+02
   3.3791667e+01  -1.1872917e+02
   3.3791667e+01  -1.1875000e+02
   3.3791667e+01  -1.1877083e+02
   3.3791667e+01  -1.1879167e+02
   3.3791667e+01  -1.1881250e+02
   3.3791667e+01  -1.1883333e+02
   3.3791667e+01  -1.1885417e+02
   3.3791667e+01  -1.1887500e+02
   3.3791667e+01  -1.1889583e+02
   3.3791667e+01  -1.1891667e+02
   3.3791667e+01  -1.1893750e+02
   3.3791667e+01  -1.1895833e+02
   3.3791667e+01  -1.1897917e+02
   3.3791667e+01  -1.1900000e+02
   3.3791667e+01  -1.1902083e+02
   3.3791667e+01  -1.1904167e+02
   3.3791667e+01  -1.1906250e+02
   3.3791667e+01  -1.1908333e+02
   3.3791667e+01  -1.1910417e+02
   3.3791667e+01  -1.1912500e+02
   3.3791667e+01  -1.1914583e+02
   3.3791667e+01  -1.1916667e+02
   3.3791667e+01  -1.1918750e+02
   3.3791667e+01  -1.1920833e+02
   3.3791667e+01  -1.1922917e+02
   3.3791667e+01  -1.1925000e+02
   3.3791667e+01  -1.1927083e+02
   3.3791667e+01  -1.1929167e+02
   3.3791667e+01  -1.1931250e+02
   3.3791667e+01  -1.1933333e+02
   3.3791667e+01  -1.1935417e+02
   3.3791667e+01  -1.1937500e+02
   3.3791667e+01  -1.1939583e+02
   3.3791667e+01  -1.1941667e+02
   3.3791667e+01  -1.1943750e+02
   3.3791667e+01  -1.1945833e+02
   3.3791667e+01  -1.1947917e+02
   3.3791667e+01  -1.1950000e+02
   3.3791667e+01  -1.1952083e+02
   3.3791667e+01  -1.1954167e+02
   3.3791667e+01  -1.1956250e+02
   3.3791667e+01  -1.1958333e+02
   3.3791667e+01  -1.1960417e+02
   3.3791667e+01  -1.1962500e+02
   3.3791667e+01  -1.1964583e+02
   3.3791667e+01  -1.1966667e+02
   3.3791667e+01  -1.1968750e+02
   3.3791667e+01  -1.1970833e+02
   3.3791667e+01  -1.1972917e+02
   3.3791667e+01  -1.1975000e+02
   3.3791667e+01  -1.1977083e+02
   3.3791667e+01  -1.1979167e+02
   3.3791667e+01  -1.1981250e+02
   3.3791667e+01  -1.1983333e+02
   3.3791667e+01  -1.1985417e+02
   3.3791667e+01  -1.1987500e+02
   3.3791667e+01  -1.1989583e+02
   3.3791667e+01  -1.1991667e+02
   3.3791667e+01  -1.1993750e+02
   3.3791667e+01  -1.1995833e+02
   3.3791667e+01  -1.1997917e+02
   3.3791667e+01  -1.2000000e+02
   3.3791667e+01  -1.2002083e+02
   3.3791667e+01  -1.2004167e+02
